T	X	Y	HEADING	PERPSECTIVE_ANGLE	NOW_NUM
0.1258	0.0000	0.0000	45.0000	55.0000	739406.500100
0.2425	0.0000	0.0000	45.0000	55.0000	739406.500100
0.1249	0.0000	0.0000	45.0000	55.0000	739406.509066
0.2579	0.0000	0.0000	45.0000	55.0000	739406.509066
0.3747	0.0000	0.0000	45.0000	55.0000	739406.509066
0.4748	0.0000	0.0000	45.0000	55.0000	739406.509066
0.5916	0.0000	0.0000	45.0000	55.0000	739406.509066
0.6918	0.0000	0.0000	45.0000	55.0000	739406.509066
0.8084	-0.0849	0.0849	45.0000	55.0000	739406.509066
0.9251	-0.2361	0.2305	41.2500	55.0000	739406.509066
1.0417	-0.4052	0.3546	32.5000	55.0000	739406.509066
1.1419	-0.5639	0.4393	25.0000	55.0000	739406.509066
1.2585	-0.7610	0.5111	16.2500	55.0000	739406.509066
1.3587	-0.9371	0.5481	8.7500	55.0000	739406.509066
1.4588	-1.1155	0.5716	7.5000	55.0000	739406.509066
1.5756	-1.3237	0.5990	7.5000	55.0000	739406.509066
1.6923	-1.5319	0.6264	7.5000	55.0000	739406.509066
1.8090	-1.7401	0.6538	7.5000	55.0000	739406.509066
1.9093	-1.9186	0.6773	7.5000	55.0000	739406.509066
2.0260	-2.1268	0.7047	7.5000	55.0000	739406.509066
2.1429	-2.3350	0.7322	7.5000	55.0000	739406.509066
2.2594	-2.5432	0.7596	7.5000	55.0000	739406.509066
2.3761	-2.7514	0.7870	7.5000	55.0000	739406.509066
2.4763	-2.9299	0.8105	7.5000	55.0000	739406.509066
2.5764	-3.1059	0.8475	15.0000	55.0000	739406.509066
2.6931	-3.3030	0.9192	23.7500	55.0000	739406.509066
2.7932	-3.4617	1.0040	31.2500	55.0000	739406.509066
2.9100	-3.4617	1.0040	40.0000	55.0000	739406.509066
3.0100	-3.4617	1.0040	47.5000	55.0000	739406.509066
3.1269	-3.4617	1.0040	56.2500	55.0000	739406.509066
3.2271	-3.4617	1.0040	63.7500	55.0000	739406.509066
3.3437	-3.4617	1.0040	72.5000	55.0000	739406.509066
3.4439	-3.4617	1.0040	80.0000	55.0000	739406.509066
3.5441	-3.4617	1.0040	87.5000	55.0000	739406.509066
3.6606	-3.4617	1.0040	96.2500	55.0000	739406.509066
3.7608	-3.4617	1.0040	103.7500	55.0000	739406.509066
3.8609	-3.4617	1.0040	111.2500	55.0000	739406.509066
3.9777	-3.4617	1.0040	120.0000	55.0000	739406.509066
4.0780	-3.4617	1.0040	127.5000	55.0000	739406.509066
4.1944	-3.4188	1.0460	136.2500	55.0000	739406.509066
4.2946	-3.2809	1.1617	141.2500	55.0000	739406.509066
4.4115	-3.1172	1.2931	141.2500	55.0000	739406.509066
4.5281	-2.9625	1.4348	133.7500	55.0000	739406.509066
4.6448	-2.8312	1.5985	125.0000	55.0000	739406.509066
4.7450	-2.7395	1.7533	117.5000	55.0000	739406.509066
4.8451	-2.6689	1.9187	110.0000	55.0000	739406.509066
4.9617	-2.6146	2.1213	101.2500	55.0000	739406.509066
5.0619	-2.5891	2.2995	97.5000	55.0000	739406.509066
5.1786	-2.5617	2.5077	97.5000	55.0000	739406.509066
5.2788	-2.5382	2.6862	97.5000	55.0000	739406.509066
5.3955	-2.5108	2.8944	97.5000	55.0000	739406.509066
5.4959	-2.4873	3.0728	97.5000	55.0000	739406.509066
5.6125	-2.4599	3.2810	97.5000	55.0000	739406.509066
5.7292	-2.4423	3.4901	91.2500	55.0000	739406.509066
5.8459	-2.4462	3.7001	88.7500	55.0000	739406.509066
5.9460	-2.4501	3.8800	88.7500	55.0000	739406.509066
6.0627	-2.4547	4.0900	88.7500	55.0000	739406.509066
6.1628	-2.4587	4.2699	88.7500	55.0000	739406.509066
6.2630	-2.4632	4.4499	87.5000	55.0000	739406.509066
6.3797	-2.4906	4.6579	78.7500	55.0000	739406.509066
6.4798	-2.5391	4.8311	71.2500	55.0000	739406.509066
6.5967	-2.5717	4.9150	62.5000	55.0000	739406.509066
6.6968	-2.5717	4.9150	55.0000	55.0000	739406.509066
6.8134	-2.5717	4.9150	46.2500	55.0000	739406.509066
6.9135	-2.5717	4.9150	38.7500	55.0000	739406.509066
7.0138	-2.6721	4.9805	31.2500	55.0000	739406.509066
7.1140	-2.8326	5.0618	23.7500	55.0000	739406.509066
7.2308	-2.9262	5.1010	22.5000	55.0000	739406.509066
7.3472	-2.9262	5.1010	22.5000	55.0000	739406.509066
7.4475	-2.8153	5.0551	22.5000	55.0000	739406.509066
7.5640	-2.6210	4.9753	21.2500	55.0000	739406.509066
7.6642	-2.4489	4.9231	13.7500	55.0000	739406.509066
7.7644	-2.2714	4.8938	6.2500	55.0000	739406.509066
7.8647	-2.1517	4.8876	-1.2500	55.0000	739406.509066
7.9815	-2.1517	4.8941	-10.0000	55.0000	739406.509066
8.0982	-2.1517	4.8941	-18.7500	55.0000	739406.509066
8.2148	-2.1783	4.8803	-27.5000	55.0000	739406.509066
8.3315	-2.3552	4.7675	-36.2500	55.0000	739406.509066
8.4317	-2.4917	4.6504	-43.7500	55.0000	739406.509066
8.5318	-2.6118	4.5165	-51.2500	55.0000	739406.509066
8.6484	-2.7501	4.3587	-45.0000	55.0000	739406.509066
8.7487	-2.8867	4.2416	-37.5000	55.0000	739406.509066
8.8655	-3.0636	4.1289	-28.7500	55.0000	739406.509066
8.9657	-3.2274	4.0547	-21.2500	55.0000	739406.509066
9.0823	-3.4232	3.9786	-21.2500	55.0000	739406.509066
9.1991	-3.6189	3.9024	-21.2500	55.0000	739406.509066
9.3158	-3.8146	3.8263	-21.2500	55.0000	739406.509066
9.4159	-3.9824	3.7611	-21.2500	55.0000	739406.509066
9.5161	-4.1501	3.6959	-21.2500	55.0000	739406.509066
9.6162	-4.3179	3.6306	-21.2500	55.0000	739406.509066
9.7330	-4.5136	3.5545	-21.2500	55.0000	739406.509066
9.8495	-4.7091	3.4778	-22.5000	55.0000	739406.509066
9.9496	-4.8695	3.3965	-30.0000	55.0000	739406.509066
10.0498	-5.0180	3.2949	-37.5000	55.0000	739406.509066
10.1665	-5.1727	3.1532	-46.2500	55.0000	739406.509066
10.2670	-5.2868	3.0141	-53.7500	55.0000	739406.509066
10.3671	-5.3040	2.9896	-61.2500	55.0000	739406.509066
10.4837	-5.3040	2.9896	-70.0000	55.0000	739406.509066
10.5838	-5.3040	2.9896	-77.5000	55.0000	739406.509066
10.6841	-5.3040	2.9896	-85.0000	55.0000	739406.509066
10.8006	-5.3079	2.7797	-90.0000	55.0000	739406.509066
10.9172	-5.3079	2.5697	-90.0000	55.0000	739406.509066
11.0174	-5.3079	2.3897	-90.0000	55.0000	739406.509066
11.1340	-5.3216	2.1803	-82.5000	55.0000	739406.509066
11.2342	-5.3451	2.0018	-82.5000	55.0000	739406.509066
11.3507	-5.3725	1.7936	-82.5000	55.0000	739406.509066
11.4510	-5.3960	1.6152	-82.5000	55.0000	739406.509066
11.5511	-5.4195	1.4367	-82.5000	55.0000	739406.509066
11.6679	-5.4469	1.2285	-82.5000	55.0000	739406.509066
11.7680	-5.4704	1.0501	-82.5000	55.0000	739406.509066
11.8848	-5.4979	0.8418	-82.5000	55.0000	739406.509066
11.9849	-5.5349	0.6658	-75.0000	55.0000	739406.509066
12.1016	-5.6066	0.4687	-66.2500	55.0000	739406.509066
12.2017	-5.6914	0.3100	-58.7500	55.0000	739406.509066
12.3184	-5.8155	0.1408	-50.0000	55.0000	739406.509066
12.4185	-5.9413	0.0123	-42.5000	55.0000	739406.509066
12.5353	-6.1017	-0.1232	-40.0000	55.0000	739406.509066
