T	X	Y	HEADING	PERPSECTIVE_ANGLE	NOW_NUM
0.1001	0.0000	0.0000	45.0000	55.0000	739406.509066
0.2002	0.0000	0.0000	45.0000	55.0000	739406.509066
0.3003	0.0000	0.0000	45.0000	55.0000	739406.509066
0.4005	0.0000	0.0000	45.0000	55.0000	739406.509066
0.5172	-0.1485	0.1485	45.0000	55.0000	739406.509066
0.6174	-0.2758	0.2758	45.0000	55.0000	739406.509066
0.7339	-0.4243	0.4243	45.0000	55.0000	739406.509066
0.8342	-0.5515	0.5515	45.0000	55.0000	739406.509066
0.9507	-0.7000	0.7000	45.0000	55.0000	739406.509066
1.0508	-0.8273	0.8273	45.0000	55.0000	739406.509066
1.1510	-0.9546	0.9546	45.0000	55.0000	739406.509066
1.2511	-1.0182	1.0182	45.0000	55.0000	739406.509066
1.3677	-0.9970	0.9970	45.0000	55.0000	739406.509066
1.4678	-0.8697	0.8697	45.0000	55.0000	739406.509066
1.5681	-0.7425	0.7425	45.0000	55.0000	739406.509066
1.6846	-0.6076	0.5817	53.7500	55.0000	739406.509066
1.7848	-0.5126	0.4290	61.2500	55.0000	739406.509066
1.9016	-0.4281	0.2370	70.0000	55.0000	739406.509066
2.0187	-0.3992	0.1517	71.2500	55.0000	739406.509066
2.1353	-0.3992	0.1517	62.5000	55.0000	739406.509066
2.2521	-0.3992	0.1517	53.7500	55.0000	739406.509066
2.3688	-0.3992	0.1517	45.0000	55.0000	739406.509066
2.4688	-0.3992	0.1517	37.5000	55.0000	739406.509066
2.5855	-0.4255	0.1662	28.7500	55.0000	739406.509066
2.7023	-0.6175	0.2507	20.0000	55.0000	739406.509066
2.8190	-0.8202	0.3050	11.2500	55.0000	739406.509066
2.9358	-1.0287	0.3278	2.5000	55.0000	739406.509066
3.0359	-1.2085	0.3219	-5.0000	55.0000	739406.509066
3.1359	-1.3878	0.3062	-5.0000	55.0000	739406.509066
3.2362	-1.5671	0.2905	-5.0000	55.0000	739406.509066
3.3363	-1.7465	0.2749	-5.0000	55.0000	739406.509066
3.4530	-1.9557	0.2572	-3.7500	55.0000	739406.509066
3.5530	-2.1356	0.2592	3.7500	55.0000	739406.509066
3.6531	-2.3136	0.2846	11.2500	55.0000	739406.509066
3.7533	-2.4869	0.3330	18.7500	55.0000	739406.509066
3.8700	-2.6789	0.4175	27.5000	55.0000	739406.509066
3.9701	-2.8317	0.5125	35.0000	55.0000	739406.509066
4.0869	-2.9924	0.6474	43.7500	55.0000	739406.509066
4.1870	-3.1124	0.7813	51.2500	55.0000	739406.509066
4.2871	-3.2145	0.9294	57.5000	55.0000	739406.509066
4.4038	-3.3274	1.1065	57.5000	55.0000	739406.509066
4.5206	-3.4402	1.2837	57.5000	55.0000	739406.509066
4.6207	-3.5208	1.4102	57.5000	55.0000	739406.509066
4.7208	-3.5208	1.4102	57.5000	55.0000	739406.509066
4.8376	-3.5208	1.4102	60.0000	55.0000	739406.509066
4.9542	-3.5208	1.4102	68.7500	55.0000	739406.509066
5.0544	-3.5208	1.4102	76.2500	55.0000	739406.509066
5.1546	-3.5208	1.4102	83.7500	55.0000	739406.509066
5.2713	-3.5208	1.4102	92.5000	55.0000	739406.509066
5.3714	-3.5208	1.4102	100.0000	55.0000	739406.509066
5.4715	-3.5208	1.4102	107.5000	55.0000	739406.509066
5.5715	-3.5208	1.4102	113.7500	55.0000	739406.509066
5.6884	-3.5208	1.4102	113.7500	55.0000	739406.509066
5.8050	-3.5208	1.4102	113.7500	55.0000	739406.509066
5.9051	-3.4966	1.4651	113.7500	55.0000	739406.509066
6.0053	-3.4242	1.6298	113.7500	55.0000	739406.509066
6.1219	-3.3396	1.8221	113.7500	55.0000	739406.509066
6.2222	-3.2671	1.9868	113.7500	55.0000	739406.509066
6.3388	-3.1825	2.1790	113.7500	55.0000	739406.509066
6.4389	-3.1100	2.3438	113.7500	55.0000	739406.509066
6.5390	-3.0375	2.5085	113.7500	55.0000	739406.509066
6.6558	-2.9529	2.7008	113.7500	55.0000	739406.509066
6.7725	-2.8684	2.8930	113.7500	55.0000	739406.509066
6.8727	-2.7959	3.0577	113.7500	55.0000	739406.509066
6.9894	-2.7241	3.2549	106.2500	55.0000	739406.509066
7.1061	-2.6825	3.4605	98.7500	55.0000	739406.509066
7.2062	-2.6552	3.6385	98.7500	55.0000	739406.509066
7.3063	-2.6278	3.8164	98.7500	55.0000	739406.509066
7.4064	-2.6004	3.9943	98.7500	55.0000	739406.509066
7.5065	-2.5730	4.1722	98.7500	55.0000	739406.509066
7.6066	-2.5456	4.3501	98.7500	55.0000	739406.509066
7.7067	-2.5280	4.5291	92.5000	55.0000	739406.509066
7.8234	-2.5371	4.7387	83.7500	55.0000	739406.509066
7.9235	-2.5703	4.9155	76.2500	55.0000	739406.509066
8.0236	-2.5703	4.9155	68.7500	55.0000	739406.509066
8.1237	-2.5703	4.9155	61.2500	55.0000	739406.509066
8.2405	-2.5703	4.9155	52.5000	55.0000	739406.509066
8.3406	-2.5915	4.9367	45.0000	55.0000	739406.509066
8.4574	-2.7459	5.0790	42.5000	55.0000	739406.509066
8.5741	-2.9071	5.2134	36.2500	55.0000	739406.509066
8.6742	-3.0598	5.3084	28.7500	55.0000	739406.509066
8.7743	-3.2237	5.3826	21.2500	55.0000	739406.509066
8.8744	-3.3958	5.4349	13.7500	55.0000	739406.509066
8.9745	-3.5732	5.4648	7.5000	55.0000	739406.509066
9.0914	-3.7814	5.4922	7.5000	55.0000	739406.509066
9.2080	-3.9896	5.5196	7.5000	55.0000	739406.509066
9.3082	-4.1680	5.5431	7.5000	55.0000	739406.509066
9.4249	-4.3763	5.5705	7.5000	55.0000	739406.509066
9.5250	-4.5547	5.5940	7.5000	55.0000	739406.509066
9.6417	-4.7629	5.6214	7.5000	55.0000	739406.509066
9.7418	-4.9414	5.6449	7.5000	55.0000	739406.509066
9.8419	-5.1195	5.6704	10.0000	55.0000	739406.509066
9.9420	-5.2938	5.7150	17.5000	55.0000	739406.509066
10.0421	-5.4607	5.7820	25.0000	55.0000	739406.509066
10.1422	-5.6175	5.8703	32.5000	55.0000	739406.509066
10.2424	-5.7653	5.9730	35.0000	55.0000	739406.509066
10.3592	-5.9373	6.0934	35.0000	55.0000	739406.509066
10.4761	-6.1093	6.2139	35.0000	55.0000	739406.509066
0.1057	0.0000	0.0000	45.0000	55.0000	739423.529867
0.2221	0.0000	0.0000	45.0000	55.0000	739423.529867
0.3223	0.0000	0.0000	45.0000	55.0000	739423.529867
0.4387	0.0000	0.0000	45.0000	55.0000	739423.529867
0.5554	0.0000	0.0000	45.0000	55.0000	739423.529867
0.6719	0.0000	0.0000	45.0000	55.0000	739423.529867
0.7889	0.0000	0.0000	45.0000	55.0000	739423.529867
0.8890	0.0000	0.0000	37.5000	55.0000	739423.529867
1.0054	0.0000	0.0000	28.7500	55.0000	739423.529867
1.1220	0.0000	0.0000	20.0000	55.0000	739423.529867
1.2221	0.0000	0.0000	12.5000	55.0000	739423.529867
1.3385	0.0000	0.0000	10.0000	55.0000	739423.529867
1.4388	0.0000	0.0000	10.0000	55.0000	739423.529867
1.5552	0.0000	0.0000	10.0000	55.0000	739423.529867
1.6555	0.0000	0.0000	10.0000	55.0000	739423.529867
1.7719	0.0000	0.0000	10.0000	55.0000	739423.529867
1.8721	0.0000	0.0000	6.2500	55.0000	739423.529867
1.9887	0.0000	0.0000	-2.5000	55.0000	739423.529867
2.1055	0.0000	0.0000	-6.2500	55.0000	739423.529867
2.2221	0.0000	0.0000	-6.2500	55.0000	739423.529867
2.3224	0.0000	0.0000	-6.2500	55.0000	739423.529867
2.4387	0.0000	0.0000	-2.5000	55.0000	739423.529867
2.5553	0.0000	0.0000	6.2500	55.0000	739423.529867
2.6720	-0.0593	0.0091	8.7500	55.0000	739423.529867
2.7721	-0.2372	0.0365	8.7500	55.0000	739423.529867
2.8723	-0.3729	0.0719	8.7500	55.0000	739423.529867
2.9888	-0.4814	0.1310	8.7500	55.0000	739423.529867
3.1054	-0.6890	0.1629	8.7500	55.0000	739423.529867
3.2221	-0.8965	0.1948	8.7500	55.0000	739423.529867
3.3387	-1.1041	0.2268	8.7500	55.0000	739423.529867
3.4389	-1.2820	0.2542	8.7500	55.0000	739423.529867
3.5552	-1.4896	0.2861	8.7500	55.0000	739423.529867
3.6554	-1.6675	0.3135	8.7500	55.0000	739423.529867
3.7719	-1.8750	0.3454	8.7500	55.0000	739423.529867
3.8887	-2.0826	0.3774	8.7500	55.0000	739423.529867
4.0051	-2.2901	0.4093	8.7500	55.0000	739423.529867
4.1054	-2.4680	0.4367	8.7500	55.0000	739423.529867
4.2219	-2.6756	0.4687	8.7500	55.0000	739423.529867
4.3221	-2.8535	0.4961	8.7500	55.0000	739423.529867
4.4235	-3.0302	0.5299	13.7500	55.0000	739423.529867
4.5387	-3.0302	0.5299	22.5000	55.0000	739423.529867
4.6560	-3.0302	0.5299	31.2500	55.0000	739423.529867
4.7720	-3.0302	0.5299	40.0000	55.0000	739423.529867
4.8724	-3.0302	0.5299	47.5000	55.0000	739423.529867
4.9887	-3.0302	0.5299	56.2500	55.0000	739423.529867
5.1053	-3.0302	0.5299	62.5000	55.0000	739423.529867
5.2219	-3.0302	0.5299	62.5000	55.0000	739423.529867
5.3224	-3.0302	0.5299	62.5000	55.0000	739423.529867
5.4387	-3.0856	0.6363	62.5000	55.0000	739423.529867
5.5555	-3.1826	0.8226	62.5000	55.0000	739423.529867
5.6720	-3.2795	1.0089	62.5000	55.0000	739423.529867
5.7886	-3.3765	1.1951	62.5000	55.0000	739423.529867
5.8887	-3.4596	1.3548	62.5000	55.0000	739423.529867
5.9888	-3.5012	1.4346	62.5000	55.0000	739423.529867
6.1055	-3.5012	1.4346	70.0000	55.0000	739423.529867
6.2219	-3.5012	1.4346	78.7500	55.0000	739423.529867
6.3227	-3.5012	1.4346	86.2500	55.0000	739423.529867
6.4386	-3.5012	1.4346	95.0000	55.0000	739423.529867
6.5389	-3.5012	1.4346	102.5000	55.0000	739423.529867
6.6554	-3.5012	1.4346	111.2500	55.0000	739423.529867
6.7722	-3.4323	1.6009	112.5000	55.0000	739423.529867
6.8886	-3.3519	1.7949	112.5000	55.0000	739423.529867
7.0053	-3.2716	1.9889	112.5000	55.0000	739423.529867
7.1221	-3.1912	2.1830	112.5000	55.0000	739423.529867
7.2386	-3.1108	2.3770	112.5000	55.0000	739423.529867
7.3552	-3.0305	2.5710	112.5000	55.0000	739423.529867
7.4554	-2.9616	2.7373	112.5000	55.0000	739423.529867
7.5720	-2.8812	2.9313	112.5000	55.0000	739423.529867
7.6889	-2.8009	3.1253	112.5000	55.0000	739423.529867
7.8053	-2.7297	3.3227	106.2500	55.0000	739423.529867
7.9054	-2.6927	3.4987	98.7500	55.0000	739423.529867
8.0218	-2.6790	3.7081	90.0000	55.0000	739423.529867
8.1220	-2.6888	3.8878	86.2500	55.0000	739423.529867
8.2387	-2.7025	4.0974	86.2500	55.0000	739423.529867
8.3554	-2.7163	4.3069	86.2500	55.0000	739423.529867
8.4719	-2.7300	4.5165	86.2500	55.0000	739423.529867
8.5723	-2.7418	4.6961	86.2500	55.0000	739423.529867
8.6888	-2.7691	4.9041	78.7500	55.0000	739423.529867
8.7889	-2.8176	5.0773	71.2500	55.0000	739423.529867
8.9052	-2.9021	5.2693	62.5000	55.0000	739423.529867
9.0220	-3.0148	5.4463	53.7500	55.0000	739423.529867
9.1388	-3.1531	5.6040	45.0000	55.0000	739423.529867
9.2389	-3.2897	5.7211	37.5000	55.0000	739423.529867
9.3555	-3.4666	5.8339	28.7500	55.0000	739423.529867
9.4720	-3.6030	5.8737	20.0000	55.0000	739423.529867
9.5885	-3.7043	5.8737	11.2500	55.0000	739423.529867
9.6887	-3.7936	5.8737	3.7500	55.0000	739423.529867
9.8053	-3.9884	5.8684	-5.0000	55.0000	739423.529867
9.9221	-4.1950	5.8320	-13.7500	55.0000	739423.529867
10.0391	-4.3936	5.7646	-22.5000	55.0000	739423.529867
10.1558	-4.5816	5.6711	-26.2500	55.0000	739423.529867
10.2722	-4.7201	5.6137	-17.5000	55.0000	739423.529867
10.3724	-4.7201	5.6137	-10.0000	55.0000	739423.529867
10.4888	-4.7201	5.6137	-1.2500	55.0000	739423.529867
10.6053	-4.7499	5.6177	7.5000	55.0000	739423.529867
10.7055	-4.9259	5.6547	15.0000	55.0000	739423.529867
10.8224	-5.1230	5.7264	23.7500	55.0000	739423.529867
10.9385	-5.3153	5.8110	23.7500	55.0000	739423.529867
11.0389	-5.4651	5.8668	23.7500	55.0000	739423.529867
11.1558	-5.6299	5.9178	23.7500	55.0000	739423.529867
11.2720	-5.8221	6.0023	23.7500	55.0000	739423.529867
11.3887	-6.0143	6.0869	23.7500	55.0000	739423.529867
0.1303	0.0000	0.0000	45.0000	55.0000	739435.624845
0.2667	0.0000	0.0000	45.0000	55.0000	739435.624845
0.3832	0.0000	0.0000	45.0000	55.0000	739435.624845
0.1369	0.0000	0.0000	45.0000	55.0000	739488.732900
0.2565	0.0000	0.0000	45.0000	55.0000	739488.732900
0.3594	0.0000	0.0000	45.0000	55.0000	739488.732900
0.4630	0.0000	0.0000	45.0000	55.0000	739488.732900
0.5792	0.0000	0.0000	42.5000	55.0000	739488.732900
0.6793	-0.1189	0.0913	35.0000	55.0000	739488.732900
0.7965	-0.3006	0.1962	26.2500	55.0000	739488.732900
0.9128	-0.4962	0.2722	17.5000	55.0000	739488.732900
1.0296	-0.7010	0.3176	8.7500	55.0000	739488.732900
1.1463	-0.9092	0.3450	7.5000	55.0000	739488.732900
1.2629	-1.1174	0.3724	7.5000	55.0000	739488.732900
1.3632	-1.2959	0.3959	7.5000	55.0000	739488.732900
1.4634	-1.4743	0.4194	7.5000	55.0000	739488.732900
1.5801	-1.6825	0.4468	7.5000	55.0000	739488.732900
1.6812	-1.8610	0.4703	7.5000	55.0000	739488.732900
1.7969	-2.0692	0.4977	7.5000	55.0000	739488.732900
1.8976	-2.2477	0.5212	7.5000	55.0000	739488.732900
2.0137	-2.4559	0.5487	7.5000	55.0000	739488.732900
2.1139	-2.6342	0.5728	8.7500	55.0000	739488.732900
2.2306	-2.8380	0.6227	17.5000	55.0000	739488.732900
2.3472	-3.0318	0.7029	26.2500	55.0000	739488.732900
2.4475	-3.1866	0.7946	33.7500	55.0000	739488.732900
2.5643	-3.3502	0.9259	42.5000	55.0000	739488.732900
2.6809	-3.3931	0.9679	51.2500	55.0000	739488.732900
2.7810	-3.3931	0.9679	58.7500	55.0000	739488.732900
2.8812	-3.3931	0.9679	66.2500	55.0000	739488.732900
2.9981	-3.3931	0.9679	75.0000	55.0000	739488.732900
3.1002	-3.4192	1.1155	82.5000	55.0000	739488.732900
3.2148	-3.4283	1.3251	91.2500	55.0000	739488.732900
3.3315	-3.4120	1.5344	95.0000	55.0000	739488.732900
3.4316	-3.3963	1.7138	95.0000	55.0000	739488.732900
3.5318	-3.3767	1.8926	98.7500	55.0000	739488.732900
3.6485	-3.3268	2.0964	107.5000	55.0000	739488.732900
3.7653	-3.2465	2.2902	116.2500	55.0000	739488.732900
3.8654	-3.1549	2.4450	123.7500	55.0000	739488.732900
3.9821	-3.0287	2.6128	127.5000	55.0000	739488.732900
4.0823	-2.9271	2.7613	121.2500	55.0000	739488.732900
4.2002	-2.8343	2.9494	112.5000	55.0000	739488.732900
4.3158	-2.7539	3.1434	112.5000	55.0000	739488.732900
4.4159	-2.6851	3.3097	112.5000	55.0000	739488.732900
4.5161	-2.6198	3.4775	108.7500	55.0000	739488.732900
4.6328	-2.5700	3.6812	100.0000	55.0000	739488.732900
4.7494	-2.5510	3.8902	92.5000	55.0000	739488.732900
4.8496	-2.5432	4.0701	92.5000	55.0000	739488.732900
4.9497	-2.5353	4.2499	92.5000	55.0000	739488.732900
5.0665	-2.5301	4.4598	88.7500	55.0000	739488.732900
5.1669	-2.5477	4.6388	81.2500	55.0000	739488.732900
5.2837	-2.5976	4.8425	72.5000	55.0000	739488.732900
5.4001	-2.6779	5.0364	63.7500	55.0000	739488.732900
5.5005	-2.7367	5.1409	56.2500	55.0000	739488.732900
5.6170	-2.7367	5.1409	47.5000	55.0000	739488.732900
5.7337	-2.7367	5.1409	38.7500	55.0000	739488.732900
5.8338	-2.7367	5.1409	31.2500	55.0000	739488.732900
5.9506	-2.7367	5.1409	22.5000	55.0000	739488.732900
6.0506	-2.7367	5.1409	15.0000	55.0000	739488.732900
6.1674	-2.8533	5.1694	13.7500	55.0000	739488.732900
6.2677	-3.0281	5.2122	13.7500	55.0000	739488.732900
6.3844	-3.2321	5.2621	13.7500	55.0000	739488.732900
6.5011	-3.4374	5.3056	8.7500	55.0000	739488.732900
6.6177	-3.6466	5.3233	3.7500	55.0000	739488.732900
6.7180	-3.8262	5.3351	3.7500	55.0000	739488.732900
6.8186	-4.0059	5.3468	3.7500	55.0000	739488.732900
6.9348	-4.2154	5.3606	3.7500	55.0000	739488.732900
7.0350	-4.3950	5.3723	3.7500	55.0000	739488.732900
7.1517	-4.6046	5.3861	3.7500	55.0000	739488.732900
7.2519	-4.7835	5.4044	8.7500	55.0000	739488.732900
7.3687	-4.9873	5.4542	17.5000	55.0000	739488.732900
7.4852	-5.1820	5.5327	23.7500	55.0000	739488.732900
7.5854	-5.3467	5.6052	23.7500	55.0000	739488.732900
7.6856	-5.5115	5.6777	23.7500	55.0000	739488.732900
7.8022	-5.6976	5.7746	31.2500	55.0000	739488.732900
7.9024	-5.8438	5.8794	38.7500	55.0000	739488.732900
8.0192	-5.9981	6.0217	43.7500	55.0000	739488.732900
8.1194	-6.1282	6.1462	43.7500	55.0000	739488.732900
0.1055	0.0000	0.0000	45.0000	55.0000	739488.758143
0.2057	0.0000	0.0000	45.0000	55.0000	739488.758143
0.3087	0.0000	0.0000	43.7500	55.0000	739488.758143
0.4422	-0.0464	0.0381	38.7500	55.0000	739488.758143
0.5428	-0.1439	0.1079	33.7500	55.0000	739488.758143
0.6595	-0.3006	0.1962	26.2500	55.0000	739488.758143
0.7762	-0.4962	0.2722	17.5000	55.0000	739488.758143
0.8764	-0.6714	0.3131	10.0000	55.0000	739488.758143
0.9930	-0.8804	0.3313	1.2500	55.0000	739488.758143
1.0932	-1.0602	0.3255	-2.5000	55.0000	739488.758143
1.2098	-1.2700	0.3163	-2.5000	55.0000	739488.758143
1.3099	-1.4499	0.3084	-2.5000	55.0000	739488.758143
1.4101	-1.6297	0.3006	-2.5000	55.0000	739488.758143
1.5102	-1.8095	0.2927	-2.5000	55.0000	739488.758143
1.6103	-1.9893	0.2849	-2.5000	55.0000	739488.758143
1.7270	-2.1991	0.2757	-2.5000	55.0000	739488.758143
1.8272	-2.3789	0.2816	5.0000	55.0000	739488.758143
1.9440	-2.5855	0.3180	13.7500	55.0000	739488.758143
2.0606	-2.7842	0.3855	22.5000	55.0000	739488.758143
2.1607	-2.9447	0.4668	30.0000	55.0000	739488.758143
2.2774	-3.1165	0.5871	38.7500	55.0000	739488.758143
2.3776	-3.2478	0.7101	46.2500	55.0000	739488.758143
2.4777	-3.3619	0.8491	53.7500	55.0000	739488.758143
2.5945	-3.4707	1.0285	62.5000	55.0000	739488.758143
2.6947	-3.5414	1.1939	70.0000	55.0000	739488.758143
2.8113	-3.5957	1.3966	78.7500	55.0000	739488.758143
2.9280	-3.6185	1.6051	87.5000	55.0000	739488.758143
3.0282	-3.6126	1.7849	95.0000	55.0000	739488.758143
3.1449	-3.5762	1.9915	103.7500	55.0000	739488.758143
3.2452	-3.5762	1.9915	111.2500	55.0000	739488.758143
3.3619	-3.5762	1.9915	120.0000	55.0000	739488.758143
3.4620	-3.5230	2.0641	127.5000	55.0000	739488.758143
3.5787	-3.3813	2.2188	136.2500	55.0000	739488.758143
3.6789	-3.2422	2.3329	143.7500	55.0000	739488.758143
3.7956	-3.0629	2.4417	152.5000	55.0000	739488.758143
3.8957	-2.9101	2.5367	145.0000	55.0000	739488.758143
4.0123	-2.7494	2.6716	136.2500	55.0000	739488.758143
4.1125	-2.6293	2.8055	128.7500	55.0000	739488.758143
4.2293	-2.5128	2.9799	120.0000	55.0000	739488.758143
4.3460	-2.4241	3.1701	111.2500	55.0000	739488.758143
4.4630	-2.3654	3.3715	102.5000	55.0000	739488.758143
4.5796	-2.3380	3.5795	93.7500	55.0000	739488.758143
4.6797	-2.3393	3.7594	87.5000	55.0000	739488.758143
4.7964	-2.3485	3.9692	87.5000	55.0000	739488.758143
4.8965	-2.3563	4.1490	87.5000	55.0000	739488.758143
4.9967	-2.3681	4.3286	83.7500	55.0000	739488.758143
5.1134	-2.4090	4.5344	75.0000	55.0000	739488.758143
5.2301	-2.4808	4.7315	66.2500	55.0000	739488.758143
5.3470	-2.5817	4.9154	57.5000	55.0000	739488.758143
5.4471	-2.6896	5.0593	50.0000	55.0000	739488.758143
5.5639	-2.8380	5.2077	41.2500	55.0000	739488.758143
5.6805	-3.0072	5.3317	32.5000	55.0000	739488.758143
5.7807	-3.1658	5.4165	25.0000	55.0000	739488.758143
5.8974	-3.3630	5.4883	16.2500	55.0000	739488.758143
5.9976	-3.5390	5.5253	8.7500	55.0000	739488.758143
6.1143	-3.7483	5.5390	0.0000	55.0000	739488.758143
6.2143	-3.9283	5.5390	0.0000	55.0000	739488.758143
6.3145	-4.1083	5.5390	0.0000	55.0000	739488.758143
6.4312	-4.3183	5.5390	0.0000	55.0000	739488.758143
6.5313	-4.4983	5.5390	0.0000	55.0000	739488.758143
6.6480	-4.7083	5.5390	0.0000	55.0000	739488.758143
6.7481	-4.8883	5.5410	2.5000	55.0000	739488.758143
6.8482	-5.0669	5.5625	10.0000	55.0000	739488.758143
6.9649	-5.2695	5.6168	18.7500	55.0000	739488.758143
7.0650	-5.4350	5.6875	26.2500	55.0000	739488.758143
7.1653	-5.5897	5.7791	33.7500	55.0000	739488.758143
7.2819	-5.7643	5.8958	33.7500	55.0000	739488.758143
7.3822	-5.9140	5.9958	33.7500	55.0000	739488.758143
7.4988	-6.0886	6.1124	33.7500	55.0000	739488.758143
0.1054	0.0000	0.0000	45.0000	55.0000	739488.848148
0.2146	0.0000	0.0000	45.0000	55.0000	739488.848148
0.3276	0.0000	0.0000	45.0000	55.0000	739488.848148
0.4438	0.0000	0.0000	45.0000	55.0000	739488.848148
0.5608	-0.0212	0.0212	45.0000	55.0000	739488.848148
0.6771	-0.1697	0.1697	45.0000	55.0000	739488.848148
0.7774	-0.2970	0.2970	45.0000	55.0000	739488.848148
0.8938	-0.4455	0.4455	45.0000	55.0000	739488.848148
0.9940	-0.5728	0.5728	45.0000	55.0000	739488.848148
1.1111	-0.7212	0.7212	45.0000	55.0000	739488.848148
1.2276	-0.8697	0.8697	45.0000	55.0000	739488.848148
1.3439	-1.0168	1.0196	47.5000	55.0000	739488.848148
1.4440	-1.1279	1.1611	55.0000	55.0000	739488.848148
1.5440	-1.2195	1.3159	62.5000	55.0000	739488.848148
1.6608	-1.2998	1.5097	71.2500	55.0000	739488.848148
1.7772	-1.3497	1.7135	80.0000	55.0000	739488.848148
1.8939	-1.3614	1.8027	85.0000	55.0000	739488.848148
1.9941	-1.3614	1.8027	85.0000	55.0000	739488.848148
2.1107	-1.3614	1.8027	85.0000	55.0000	739488.848148
2.2272	-1.3614	1.8027	85.0000	55.0000	739488.848148
2.3273	-1.3614	1.8027	85.0000	55.0000	739488.848148
2.4440	-1.3614	1.8027	85.0000	55.0000	739488.848148
2.5442	-1.3614	1.8027	85.0000	55.0000	739488.848148
2.6604	-1.3614	1.8027	85.0000	55.0000	739488.848148
2.7607	-1.3614	1.8027	85.0000	55.0000	739488.848148
2.8609	-1.3614	1.8027	85.0000	55.0000	739488.848148
2.9611	-1.3614	1.8027	85.0000	55.0000	739488.848148
3.0776	-1.3614	1.8027	85.0000	55.0000	739488.848148
3.1941	-1.3614	1.8027	85.0000	55.0000	739488.848148
3.2943	-1.3614	1.8027	85.0000	55.0000	739488.848148
3.3945	-1.3614	1.8027	85.0000	55.0000	739488.848148
3.4946	-1.3614	1.8027	85.0000	55.0000	739488.848148
3.6109	-1.3614	1.8027	85.0000	55.0000	739488.848148
3.7275	-1.3614	1.8027	85.0000	55.0000	739488.848148
3.8442	-1.3614	1.8027	85.0000	55.0000	739488.848148
3.9609	-1.3614	1.8027	85.0000	55.0000	739488.848148
4.0774	-1.3614	1.8027	85.0000	55.0000	739488.848148
4.1777	-1.3614	1.8027	85.0000	55.0000	739488.848148
4.2947	-1.3614	1.8027	85.0000	55.0000	739488.848148
4.4112	-1.3614	1.8027	85.0000	55.0000	739488.848148
4.5279	-1.3614	1.8027	85.0000	55.0000	739488.848148
4.6444	-1.3614	1.8027	85.0000	55.0000	739488.848148
4.7446	-1.3614	1.8027	85.0000	55.0000	739488.848148
4.8609	-1.3614	1.8027	85.0000	55.0000	739488.848148
4.9781	-1.3614	1.8027	85.0000	55.0000	739488.848148
5.0943	-1.3614	1.8027	85.0000	55.0000	739488.848148
5.1944	-1.3614	1.8027	85.0000	55.0000	739488.848148
5.3113	-1.3614	1.8027	85.0000	55.0000	739488.848148
5.4276	-1.3614	1.8027	85.0000	55.0000	739488.848148
5.5280	-1.3536	1.7131	85.0000	55.0000	739488.848148
5.6443	-1.3353	1.5039	85.0000	55.0000	739488.848148
5.7444	-1.3196	1.3245	85.0000	55.0000	739488.848148
5.8446	-1.3039	1.1452	85.0000	55.0000	739488.848148
5.9609	-1.2856	0.9360	85.0000	55.0000	739488.848148
6.0610	-1.2699	0.7567	85.0000	55.0000	739488.848148
6.1777	-1.2516	0.5475	85.0000	55.0000	739488.848148
6.2943	-1.2313	0.3385	82.5000	55.0000	739488.848148
6.3945	-1.1943	0.1625	75.0000	55.0000	739488.848148
6.5110	-1.1542	0.1337	66.2500	55.0000	739488.848148
6.6111	-1.1118	0.1337	58.7500	55.0000	739488.848148
6.7279	-1.0955	0.1337	50.0000	55.0000	739488.848148
6.8442	-1.0955	0.1337	41.2500	55.0000	739488.848148
6.9443	-1.0955	0.1337	33.7500	55.0000	739488.848148
7.0445	-1.0955	0.1337	26.2500	55.0000	739488.848148
7.1611	-1.0955	0.1337	17.5000	55.0000	739488.848148
7.2776	-1.0955	0.1337	8.7500	55.0000	739488.848148
7.3777	-1.1554	0.1357	1.2500	55.0000	739488.848148
7.4778	-1.3354	0.1396	1.2500	55.0000	739488.848148
7.5944	-1.5453	0.1442	1.2500	55.0000	739488.848148
7.7110	-1.7553	0.1487	1.2500	55.0000	739488.848148
7.8276	-1.9652	0.1533	1.2500	55.0000	739488.848148
7.9278	-2.1452	0.1573	1.2500	55.0000	739488.848148
8.0443	-2.3551	0.1618	1.2500	55.0000	739488.848148
8.1608	-2.5651	0.1664	1.2500	55.0000	739488.848148
8.2786	-2.7750	0.1710	1.2500	55.0000	739488.848148
8.3944	-2.9846	0.1821	6.2500	55.0000	739488.848148
8.4954	-3.1614	0.2153	13.7500	55.0000	739488.848148
8.6110	-3.3601	0.2827	22.5000	55.0000	739488.848148
8.7275	-3.5462	0.3796	31.2500	55.0000	739488.848148
8.8276	-3.6924	0.4844	38.7500	55.0000	739488.848148
8.9281	-3.8237	0.6073	46.2500	55.0000	739488.848148
9.0444	-3.8237	0.6073	55.0000	55.0000	739488.848148
9.1609	-3.8237	0.6073	63.7500	55.0000	739488.848148
9.2610	-3.8237	0.6073	66.2500	55.0000	739488.848148
9.3775	-3.8237	0.6073	66.2500	55.0000	739488.848148
9.4783	-3.8237	0.6073	66.2500	55.0000	739488.848148
9.5942	-3.8237	0.6073	66.2500	55.0000	739488.848148
9.6945	-3.8237	0.6073	66.2500	55.0000	739488.848148
9.8111	-3.7391	0.4151	66.2500	55.0000	739488.848148
9.9276	-3.6545	0.2229	66.2500	55.0000	739488.848148
10.0442	-3.5948	0.1413	58.7500	55.0000	739488.848148
10.1608	-3.5948	0.1413	50.0000	55.0000	739488.848148
10.2609	-3.5948	0.1413	42.5000	55.0000	739488.848148
10.3775	-3.5948	0.1413	33.7500	55.0000	739488.848148
10.4942	-3.5948	0.1413	32.5000	55.0000	739488.848148
10.6111	-3.5948	0.1413	32.5000	55.0000	739488.848148
10.7279	-3.5948	0.1413	32.5000	55.0000	739488.848148
10.8445	-3.5948	0.1413	32.5000	55.0000	739488.848148
10.9611	-3.5948	0.1413	32.5000	55.0000	739488.848148
11.0775	-3.5948	0.1413	32.5000	55.0000	739488.848148
11.1777	-3.5948	0.1413	32.5000	55.0000	739488.848148
11.2944	-3.5948	0.1413	32.5000	55.0000	739488.848148
11.3945	-3.5948	0.1413	32.5000	55.0000	739488.848148
11.5108	-3.5948	0.1413	32.5000	55.0000	739488.848148
11.6109	-3.5948	0.1413	32.5000	55.0000	739488.848148
11.7110	-3.5948	0.1413	32.5000	55.0000	739488.848148
11.8277	-3.5948	0.1413	32.5000	55.0000	739488.848148
11.9442	-3.5948	0.1413	32.5000	55.0000	739488.848148
12.0609	-3.5948	0.1413	32.5000	55.0000	739488.848148
12.1609	-3.5948	0.1413	32.5000	55.0000	739488.848148
12.2615	-3.5948	0.1413	32.5000	55.0000	739488.848148
12.3776	-3.5948	0.1413	32.5000	55.0000	739488.848148
12.4786	-3.5948	0.1413	32.5000	55.0000	739488.848148
12.5959	-3.5948	0.1413	32.5000	55.0000	739488.848148
12.7108	-3.5948	0.1413	32.5000	55.0000	739488.848148
12.8275	-3.5948	0.1413	32.5000	55.0000	739488.848148
12.9278	-3.5948	0.1413	32.5000	55.0000	739488.848148
13.0441	-3.5948	0.1413	32.5000	55.0000	739488.848148
13.1610	-3.5948	0.1413	32.5000	55.0000	739488.848148
13.2776	-3.5948	0.1413	32.5000	55.0000	739488.848148
13.3778	-3.5948	0.1413	32.5000	55.0000	739488.848148
13.4943	-3.5948	0.1413	36.2500	55.0000	739488.848148
13.6116	-3.5948	0.1413	45.0000	55.0000	739488.848148
13.7275	-3.5948	0.1413	53.7500	55.0000	739488.848148
13.8443	-3.5948	0.1413	62.5000	55.0000	739488.848148
13.9609	-3.6226	0.1946	62.5000	55.0000	739488.848148
14.0611	-3.7057	0.3542	62.5000	55.0000	739488.848148
14.1776	-3.8021	0.5408	63.7500	55.0000	739488.848148
14.2777	-3.8691	0.7077	71.2500	55.0000	739488.848148
14.3779	-3.9137	0.8820	78.7500	55.0000	739488.848148
14.4943	-3.9366	1.0905	87.5000	55.0000	739488.848148
14.5945	-3.9372	1.1505	95.0000	55.0000	739488.848148
14.7111	-3.9372	1.1505	103.7500	55.0000	739488.848148
14.8115	-3.8974	1.2637	111.2500	55.0000	739488.848148
14.9275	-3.8046	1.4518	120.0000	55.0000	739488.848148
15.0446	-3.6843	1.6237	128.7500	55.0000	739488.848148
15.1607	-3.5439	1.7798	132.5000	55.0000	739488.848148
15.2609	-3.4223	1.9125	132.5000	55.0000	739488.848148
15.3609	-3.3007	2.0452	132.5000	55.0000	739488.848148
15.4775	-3.1588	2.2001	132.5000	55.0000	739488.848148
15.5776	-3.0372	2.3328	132.5000	55.0000	739488.848148
15.6940	-2.8953	2.4876	132.5000	55.0000	739488.848148
15.7944	-2.7737	2.6203	132.5000	55.0000	739488.848148
15.9110	-2.6460	2.7868	123.7500	55.0000	739488.848148
16.0112	-2.5578	2.9435	116.2500	55.0000	739488.848148
16.1281	-2.4817	3.1390	107.5000	55.0000	739488.848148
16.2444	-2.4363	3.3439	98.7500	55.0000	739488.848148
16.3609	-2.4226	3.5532	90.0000	55.0000	739488.848148
16.4776	-2.4311	3.7630	87.5000	55.0000	739488.848148
16.5944	-2.4403	3.9728	87.5000	55.0000	739488.848148
16.6948	-2.4481	4.1527	87.5000	55.0000	739488.848148
16.8110	-2.4579	4.3624	86.2500	55.0000	739488.848148
16.9111	-2.4834	4.5405	78.7500	55.0000	739488.848148
17.0278	-2.5421	4.7419	70.0000	55.0000	739488.848148
17.1447	-2.6307	4.9321	61.2500	55.0000	739488.848148
17.2609	-2.7473	5.1065	52.5000	55.0000	739488.848148
17.3616	-2.8674	5.2404	45.0000	55.0000	739488.848148
17.4777	-2.8890	5.2612	36.2500	55.0000	739488.848148
17.5947	-2.8890	5.2612	27.5000	55.0000	739488.848148
17.7112	-2.8890	5.2612	18.7500	55.0000	739488.848148
17.8278	-2.8890	5.2612	10.0000	55.0000	739488.848148
17.9443	-3.0684	5.2749	1.2500	55.0000	739488.848148
18.0445	-3.2483	5.2690	-2.5000	55.0000	739488.848148
18.1609	-3.4581	5.2599	-2.5000	55.0000	739488.848148
18.2610	-3.6379	5.2520	-2.5000	55.0000	739488.848148
18.3612	-3.8177	5.2448	-1.2500	55.0000	739488.848148
18.4775	-4.0271	5.2585	7.5000	55.0000	739488.848148
18.5799	-4.2050	5.2859	8.7500	55.0000	739488.848148
18.6945	-4.4125	5.3179	8.7500	55.0000	739488.848148
18.8110	-4.6201	5.3498	8.7500	55.0000	739488.848148
18.9276	-4.8277	5.3818	8.7500	55.0000	739488.848148
19.0280	-5.0052	5.4111	11.2500	55.0000	739488.848148
19.1442	-5.2066	5.4698	20.0000	55.0000	739488.848148
19.2443	-5.3705	5.5440	27.5000	55.0000	739488.848148
19.3445	-5.5232	5.6390	35.0000	55.0000	739488.848148
19.4446	-5.6623	5.7531	42.5000	55.0000	739488.848148
19.5610	-5.8140	5.8983	43.7500	55.0000	739488.848148
19.6778	-5.9657	6.0436	43.7500	55.0000	739488.848148
19.7942	-6.1174	6.1888	43.7500	55.0000	739488.848148
0.1271	0.0000	0.0000	45.0000	55.0000	739495.712805
0.2437	0.0000	0.0000	45.0000	55.0000	739495.712805
0.3438	-0.0677	0.0593	40.0000	55.0000	739495.712805
0.4446	-0.2139	0.1641	32.5000	55.0000	739495.712805
0.5613	-0.4000	0.2610	23.7500	55.0000	739495.712805
0.6778	-0.5986	0.3284	15.0000	55.0000	739495.712805
0.7780	-0.7754	0.3616	7.5000	55.0000	739495.712805
0.8950	-0.9850	0.3727	1.2500	55.0000	739495.712805
0.9952	-1.1650	0.3766	1.2500	55.0000	739495.712805
1.1122	-1.3749	0.3812	1.2500	55.0000	739495.712805
1.2286	-1.5849	0.3858	1.2500	55.0000	739495.712805
1.3455	-1.7948	0.3904	1.2500	55.0000	739495.712805
1.4621	-2.0048	0.3949	1.2500	55.0000	739495.712805
1.5789	-2.2146	0.4015	3.7500	55.0000	739495.712805
1.6955	-2.4220	0.4334	12.5000	55.0000	739495.712805
1.7961	-2.5941	0.4856	20.0000	55.0000	739495.712805
1.8962	-2.7580	0.5599	27.5000	55.0000	739495.712805
2.0127	-2.9423	0.6603	31.2500	55.0000	739495.712805
2.1295	-3.1115	0.7843	40.0000	55.0000	739495.712805
2.2460	-3.2599	0.9327	48.7500	55.0000	739495.712805
2.3464	-3.3678	1.0766	56.2500	55.0000	739495.712805
2.4628	-3.4687	1.2605	65.0000	55.0000	739495.712805
2.5629	-3.5321	1.4288	72.5000	55.0000	739495.712805
2.6631	-3.5729	1.6040	80.0000	55.0000	739495.712805
2.7634	-3.5775	1.6337	87.5000	55.0000	739495.712805
2.8801	-3.5775	1.6337	96.2500	55.0000	739495.712805
2.9968	-3.5561	1.7211	105.0000	55.0000	739495.712805
3.1135	-3.4844	1.9182	113.7500	55.0000	739495.712805
3.2135	-3.3996	2.0769	121.2500	55.0000	739495.712805
3.3137	-3.2948	2.2231	128.7500	55.0000	739495.712805
3.4304	-3.1525	2.3774	133.7500	55.0000	739495.712805
3.5305	-3.0384	2.5165	126.2500	55.0000	739495.712805
3.6473	-2.9295	2.6958	117.5000	55.0000	739495.712805
3.7475	-2.8529	2.8587	115.0000	55.0000	739495.712805
3.8476	-2.7768	3.0218	115.0000	55.0000	739495.712805
3.9641	-2.6916	3.2137	111.2500	55.0000	739495.712805
4.0642	-2.6394	3.3858	103.7500	55.0000	739495.712805
4.1644	-2.6082	3.5630	98.7500	55.0000	739495.712805
4.2811	-2.5762	3.7706	98.7500	55.0000	739495.712805
4.3814	-2.5508	3.9488	96.2500	55.0000	739495.712805
4.4979	-2.5462	4.1585	87.5000	55.0000	739495.712805
4.5981	-2.5658	4.3374	82.5000	55.0000	739495.712805
4.6981	-2.5893	4.5158	82.5000	55.0000	739495.712805
4.7985	-2.6225	4.6926	76.2500	55.0000	739495.712805
4.9151	-2.6899	4.8913	67.5000	55.0000	739495.712805
5.0318	-2.7868	5.0774	58.7500	55.0000	739495.712805
5.1320	-2.8916	5.2236	51.2500	55.0000	739495.712805
5.2487	-3.0366	5.3752	42.5000	55.0000	739495.712805
5.3489	-3.1781	5.4862	35.0000	55.0000	739495.712805
5.4671	-3.3598	5.5911	26.2500	55.0000	739495.712805
5.5838	-3.5554	5.6671	17.5000	55.0000	739495.712805
5.6990	-3.7602	5.7126	8.7500	55.0000	739495.712805
5.7991	-3.9395	5.7263	1.2500	55.0000	739495.712805
5.8996	-4.1192	5.7165	-6.2500	55.0000	739495.712805
6.0161	-4.3249	5.6755	-15.0000	55.0000	739495.712805
6.1328	-4.5298	5.6301	-8.7500	55.0000	739495.712805
6.2331	-4.7091	5.6164	-1.2500	55.0000	739495.712805
6.3333	-4.8887	5.6262	6.2500	55.0000	739495.712805
6.4333	-5.0659	5.6575	11.2500	55.0000	739495.712805
6.5500	-5.2719	5.6984	11.2500	55.0000	739495.712805
6.6668	-5.4733	5.7571	20.0000	55.0000	739495.712805
6.7835	-5.6634	5.8458	28.7500	55.0000	739495.712805
6.9003	-5.8433	5.9542	31.2500	55.0000	739495.712805
7.0169	-6.0228	6.0631	31.2500	55.0000	739495.712805
0.1298	0.0000	0.0000	45.0000	55.0000	739498.551451
0.2299	0.0000	0.0000	45.0000	55.0000	739498.551451
0.3466	0.0000	0.0000	45.0000	55.0000	739498.551451
0.4467	0.0000	0.0000	45.0000	55.0000	739498.551451
0.5468	0.0000	0.0000	45.0000	55.0000	739498.551451
0.6469	0.0000	0.0000	45.0000	55.0000	739498.551451
0.7472	0.0000	0.0000	45.0000	55.0000	739498.551451
0.8638	0.0000	0.0000	45.0000	55.0000	739498.551451
0.9640	0.0000	0.0000	45.0000	55.0000	739498.551451
1.0807	0.0000	0.0000	45.0000	55.0000	739498.551451
1.1975	0.0000	0.0000	45.0000	55.0000	739498.551451
1.2975	0.0000	0.0000	45.0000	55.0000	739498.551451
1.4144	0.0000	0.0000	45.0000	55.0000	739498.551451
1.5310	0.0000	0.0000	45.0000	55.0000	739498.551451
1.6312	0.0000	0.0000	45.0000	55.0000	739498.551451
1.7313	0.0000	0.0000	45.0000	55.0000	739498.551451
1.8314	0.0000	0.0000	45.0000	55.0000	739498.551451
0.1297	0.0000	0.0000	45.0000	55.0000	739498.560985
0.2631	0.0000	0.0000	45.0000	55.0000	739498.560985
