T	X	Y	HEADING	PERPSECTIVE_ANGLE	NOW_NUM
0.1250	0.0000	0.0000	45.0000	55.0000	739406.489230
0.2586	0.0000	0.0000	45.0000	55.0000	739406.489230
0.1183	0.0000	0.0000	45.0000	55.0000	739415.876779
0.2184	0.0000	0.0000	45.0000	55.0000	739415.876779
0.3521	0.0000	0.0000	45.0000	55.0000	739415.876779
0.4685	0.0000	0.0000	45.0000	55.0000	739415.876779
0.5687	0.0000	0.0000	45.0000	55.0000	739415.876779
0.6851	0.0000	0.0000	45.0000	55.0000	739415.876779
0.7853	0.0000	0.0000	45.0000	55.0000	739415.876779
0.8854	0.0000	0.0000	45.0000	55.0000	739415.876779
0.9856	0.0000	0.0000	45.0000	55.0000	739415.876779
1.0857	0.0000	0.0000	45.0000	55.0000	739415.876779
1.2024	0.0000	0.0000	45.0000	55.0000	739415.876779
1.3026	0.0000	0.0000	45.0000	55.0000	739415.876779
1.4193	0.0000	0.0000	45.0000	55.0000	739415.876779
1.5194	-0.0622	0.0650	47.5000	55.0000	739415.876779
1.6362	-0.1899	0.2314	56.2500	55.0000	739415.876779
1.7364	-0.2782	0.3882	63.7500	55.0000	739415.876779
1.8529	-0.3542	0.5837	72.5000	55.0000	739415.876779
1.9530	-0.4014	0.7574	75.0000	55.0000	739415.876779
2.0698	-0.4558	0.9603	75.0000	55.0000	739415.876779
2.1700	-0.5024	1.1341	75.0000	55.0000	739415.876779
2.2867	-0.5567	1.3370	75.0000	55.0000	739415.876779
2.3868	-0.6033	1.5108	75.0000	55.0000	739415.876779
2.5036	-0.6577	1.7137	75.0000	55.0000	739415.876779
2.6039	-0.7043	1.8876	75.0000	55.0000	739415.876779
2.7206	-0.7548	2.0913	78.7500	55.0000	739415.876779
2.8374	-0.7776	2.2999	87.5000	55.0000	739415.876779
2.9540	-0.7750	2.5098	91.2500	55.0000	739415.876779
3.0706	-0.7711	2.6898	91.2500	55.0000	739415.876779
3.1709	-0.7711	2.6898	91.2500	55.0000	739415.876779
3.2877	-0.7711	2.6898	91.2500	55.0000	739415.876779
3.4044	-0.7711	2.6898	91.2500	55.0000	739415.876779
3.5048	-0.7711	2.6898	91.2500	55.0000	739415.876779
3.6211	-0.7711	2.6898	91.2500	55.0000	739415.876779
3.7214	-0.7711	2.6898	91.2500	55.0000	739415.876779
3.8216	-0.7711	2.6898	91.2500	55.0000	739415.876779
3.9382	-0.7711	2.6898	91.2500	55.0000	739415.876779
4.0386	-0.7711	2.6898	91.2500	55.0000	739415.876779
4.1551	-0.7711	2.6898	91.2500	55.0000	739415.876779
4.2552	-0.7711	2.6898	91.2500	55.0000	739415.876779
4.3721	-0.7711	2.6898	91.2500	55.0000	739415.876779
4.4888	-0.7711	2.6898	91.2500	55.0000	739415.876779
4.5889	-0.7711	2.6898	91.2500	55.0000	739415.876779
4.7055	-0.7711	2.6898	91.2500	55.0000	739415.876779
4.8057	-0.7711	2.6898	91.2500	55.0000	739415.876779
4.9058	-0.7711	2.6898	91.2500	55.0000	739415.876779
5.0225	-0.7711	2.6898	91.2500	55.0000	739415.876779
5.1225	-0.7711	2.6898	91.2500	55.0000	739415.876779
5.2393	-0.7711	2.6898	91.2500	55.0000	739415.876779
5.3561	-0.7711	2.6898	91.2500	55.0000	739415.876779
5.4562	-0.7711	2.6898	91.2500	55.0000	739415.876779
5.5731	-0.7711	2.6898	91.2500	55.0000	739415.876779
5.6898	-0.7711	2.6898	91.2500	55.0000	739415.876779
5.7900	-0.7711	2.6898	91.2500	55.0000	739415.876779
5.8901	-0.7711	2.6898	91.2500	55.0000	739415.876779
6.0068	-0.7711	2.6898	91.2500	55.0000	739415.876779
6.1234	-0.7711	2.6898	91.2500	55.0000	739415.876779
6.2237	-0.7711	2.6898	91.2500	55.0000	739415.876779
6.3404	-0.7711	2.6898	91.2500	55.0000	739415.876779
6.4571	-0.7711	2.6898	91.2500	55.0000	739415.876779
6.5739	-0.7711	2.6898	91.2500	55.0000	739415.876779
6.6906	-0.7711	2.6898	91.2500	55.0000	739415.876779
6.8075	-0.7711	2.6898	91.2500	55.0000	739415.876779
6.9241	-0.7711	2.6898	91.2500	55.0000	739415.876779
7.0243	-0.7711	2.6898	91.2500	55.0000	739415.876779
7.1410	-0.7711	2.6898	91.2500	55.0000	739415.876779
7.2576	-0.7711	2.6898	91.2500	55.0000	739415.876779
7.3579	-0.7711	2.6898	91.2500	55.0000	739415.876779
7.4582	-0.7711	2.6898	91.2500	55.0000	739415.876779
7.5750	-0.7711	2.6898	91.2500	55.0000	739415.876779
7.6914	-0.7711	2.6898	91.2500	55.0000	739415.876779
7.7916	-0.7711	2.6898	91.2500	55.0000	739415.876779
7.8917	-0.7711	2.6898	91.2500	55.0000	739415.876779
7.9918	-0.7711	2.6898	91.2500	55.0000	739415.876779
8.0921	-0.7711	2.6898	91.2500	55.0000	739415.876779
8.2087	-0.7711	2.6898	91.2500	55.0000	739415.876779
8.3088	-0.7711	2.6898	91.2500	55.0000	739415.876779
8.4254	-0.7711	2.6898	91.2500	55.0000	739415.876779
8.5257	-0.7711	2.6898	91.2500	55.0000	739415.876779
8.6424	-0.7711	2.6898	91.2500	55.0000	739415.876779
8.7426	-0.7711	2.6898	91.2500	55.0000	739415.876779
8.8591	-0.7711	2.6898	91.2500	55.0000	739415.876779
8.9594	-0.7711	2.6898	91.2500	55.0000	739415.876779
9.0762	-0.7711	2.6898	91.2500	55.0000	739415.876779
9.1928	-0.7711	2.6898	91.2500	55.0000	739415.876779
9.2929	-0.7711	2.6898	91.2500	55.0000	739415.876779
9.4097	-0.7711	2.6898	91.2500	55.0000	739415.876779
9.5099	-0.7711	2.6898	91.2500	55.0000	739415.876779
9.6267	-0.7711	2.6898	91.2500	55.0000	739415.876779
9.7268	-0.7711	2.6898	91.2500	55.0000	739415.876779
9.8435	-0.7711	2.6898	91.2500	55.0000	739415.876779
9.9602	-0.7711	2.6898	91.2500	55.0000	739415.876779
10.0769	-0.7711	2.6898	91.2500	55.0000	739415.876779
10.1770	-0.7711	2.6898	91.2500	55.0000	739415.876779
10.2772	-0.7711	2.6898	91.2500	55.0000	739415.876779
10.3776	-0.7711	2.6898	91.2500	55.0000	739415.876779
10.4941	-0.7711	2.6898	91.2500	55.0000	739415.876779
10.6107	-0.7711	2.6898	91.2500	55.0000	739415.876779
10.7111	-0.7711	2.6898	91.2500	55.0000	739415.876779
10.8277	-0.7658	2.8397	93.7500	55.0000	739415.876779
10.9279	-0.7404	3.0177	101.2500	55.0000	739415.876779
11.0446	-0.6995	3.2237	101.2500	55.0000	739415.876779
11.1614	-0.6585	3.4297	101.2500	55.0000	739415.876779
11.2781	-0.6214	3.6363	97.5000	55.0000	739415.876779
11.3948	-0.6083	3.8458	92.5000	55.0000	739415.876779
11.4949	-0.6005	4.0257	92.5000	55.0000	739415.876779
11.5952	-0.5946	4.2055	90.0000	55.0000	739415.876779
11.6953	-0.6083	4.3849	82.5000	55.0000	739415.876779
11.8119	-0.6537	4.5897	73.7500	55.0000	739415.876779
11.9120	-0.7171	4.7581	66.2500	55.0000	739415.876779
12.0123	-0.8019	4.9167	58.7500	55.0000	739415.876779
12.1288	-0.8796	5.0658	50.0000	55.0000	739415.876779
12.2290	-1.0054	5.1943	42.5000	55.0000	739415.876779
12.3456	-1.0981	5.2704	33.7500	55.0000	739415.876779
12.4626	-1.0981	5.2704	25.0000	55.0000	739415.876779
12.5802	-1.0981	5.2704	16.2500	55.0000	739415.876779
12.6968	-1.0981	5.2704	7.5000	55.0000	739415.876779
12.8127	-1.0981	5.2704	-1.2500	55.0000	739415.876779
12.9133	-1.0981	5.2704	-8.7500	55.0000	739415.876779
13.0134	-1.0981	5.2704	-16.2500	55.0000	739415.876779
13.1303	-1.0981	5.2704	-25.0000	55.0000	739415.876779
13.2304	-1.0981	5.2704	-32.5000	55.0000	739415.876779
13.3476	-1.0981	5.2704	-41.2500	55.0000	739415.876779
13.4641	-1.1574	5.2028	-50.0000	55.0000	739415.876779
13.5642	-1.2622	5.0566	-57.5000	55.0000	739415.876779
13.6807	-1.3591	4.8705	-66.2500	55.0000	739415.876779
13.7968	-1.4265	4.6718	-75.0000	55.0000	739415.876779
13.8974	-1.4597	4.4950	-82.5000	55.0000	739415.876779
13.9976	-1.4760	4.3158	-85.0000	55.0000	739415.876779
14.1145	-1.4943	4.1066	-85.0000	55.0000	739415.876779
14.2310	-1.5126	3.8974	-85.0000	55.0000	739415.876779
14.3474	-1.5309	3.6882	-85.0000	55.0000	739415.876779
14.4479	-1.5401	3.5085	-90.0000	55.0000	739415.876779
14.5643	-1.5257	3.2990	-95.0000	55.0000	739415.876779
14.6811	-1.5074	3.0898	-95.0000	55.0000	739415.876779
14.7977	-1.4930	2.8804	-91.2500	55.0000	739415.876779
14.8979	-1.5028	2.7008	-83.7500	55.0000	739415.876779
15.0146	-1.5438	2.4950	-75.0000	55.0000	739415.876779
15.1147	-1.6034	2.3253	-67.5000	55.0000	739415.876779
15.2148	-1.6847	2.1649	-60.0000	55.0000	739415.876779
15.3149	-1.7863	2.0164	-52.5000	55.0000	739415.876779
15.4151	-1.9064	1.8825	-45.0000	55.0000	739415.876779
15.5153	-2.0429	1.7654	-37.5000	55.0000	739415.876779
15.6320	-2.1676	1.6821	-28.7500	55.0000	739415.876779
15.7321	-2.1676	1.6821	-21.2500	55.0000	739415.876779
15.8323	-2.1676	1.6821	-13.7500	55.0000	739415.876779
15.9490	-2.1676	1.6821	-5.0000	55.0000	739415.876779
16.0657	-2.1975	1.6840	3.7500	55.0000	739415.876779
16.1658	-2.3756	1.7095	11.2500	55.0000	739415.876779
16.2825	-2.5499	1.7541	15.0000	55.0000	739415.876779
16.3826	-2.5499	1.7541	15.0000	55.0000	739415.876779
16.4994	-2.5499	1.7541	21.2500	55.0000	739415.876779
16.5995	-2.5499	1.7541	28.7500	55.0000	739415.876779
16.6996	-2.5499	1.7541	36.2500	55.0000	739415.876779
16.8162	-2.5499	1.7541	45.0000	55.0000	739415.876779
16.9163	-2.5499	1.7541	52.5000	55.0000	739415.876779
17.0330	-2.5499	1.7541	61.2500	55.0000	739415.876779
17.1332	-2.5499	1.7541	68.7500	55.0000	739415.876779
17.2500	-2.5363	1.6957	77.5000	55.0000	739415.876779
17.3667	-2.5011	1.4887	78.7500	55.0000	739415.876779
17.4668	-2.4875	1.4303	71.2500	55.0000	739415.876779
17.5669	-2.4875	1.4303	63.7500	55.0000	739415.876779
17.6670	-2.4875	1.4303	56.2500	55.0000	739415.876779
17.7838	-2.4875	1.4303	47.5000	55.0000	739415.876779
17.8838	-2.4875	1.4303	40.0000	55.0000	739415.876779
17.9840	-2.4875	1.4303	32.5000	55.0000	739415.876779
18.1007	-2.6736	1.5272	23.7500	55.0000	739415.876779
18.2008	-2.8322	1.6120	31.2500	55.0000	739415.876779
18.3012	-2.9784	1.7167	38.7500	55.0000	739415.876779
18.4178	-3.1300	1.8618	47.5000	55.0000	739415.876779
18.5344	-3.2577	2.0283	56.2500	55.0000	739415.876779
18.6346	-3.3459	2.1850	63.7500	55.0000	739415.876779
18.7513	-3.4220	2.3806	72.5000	55.0000	739415.876779
18.8514	-3.4647	2.5553	77.5000	55.0000	739415.876779
18.9515	-3.5037	2.7311	77.5000	55.0000	739415.876779
19.0682	-3.5624	2.9325	70.0000	55.0000	739415.876779
19.1683	-3.6366	3.0963	62.5000	55.0000	739415.876779
19.2685	-3.7144	3.2245	55.0000	55.0000	739415.876779
19.3687	-3.7144	3.2245	47.5000	55.0000	739415.876779
