T	X	Y	HEADING	PERPSECTIVE_ANGLE	NOW_NUM
0.1157	0.0000	0.0000	45.0000	55.0000	739406.502632
0.2158	0.0000	0.0000	45.0000	55.0000	739406.502632
0.3326	0.0000	0.0000	45.0000	55.0000	739406.502632
0.4326	0.0000	0.0000	45.0000	55.0000	739406.502632
0.5494	0.0000	0.0000	45.0000	55.0000	739406.502632
0.6495	0.0000	0.0000	45.0000	55.0000	739406.502632
0.1073	0.0000	0.0000	45.0000	55.0000	739429.507980
0.2115	0.0000	0.0000	45.0000	55.0000	739429.507980
0.3278	0.0000	0.0000	37.5000	55.0000	739429.507980
0.4440	-0.1528	0.0950	28.7500	55.0000	739429.507980
0.5442	-0.3166	0.1692	21.2500	55.0000	739429.507980
0.6608	-0.5180	0.2279	12.5000	55.0000	739429.507980
0.7772	-0.7260	0.2560	5.0000	55.0000	739429.507980
0.8774	-0.9053	0.2717	5.0000	55.0000	739429.507980
0.9778	-1.0846	0.2873	5.0000	55.0000	739429.507980
1.0940	-1.2938	0.3056	5.0000	55.0000	739429.507980
1.1944	-1.4723	0.3278	10.0000	55.0000	739429.507980
1.3109	-1.6750	0.3821	18.7500	55.0000	739429.507980
1.4113	-1.8404	0.4528	26.2500	55.0000	739429.507980
1.5277	-2.0201	0.5611	33.7500	55.0000	739429.507980
1.6280	-2.1698	0.6611	33.7500	55.0000	739429.507980
1.7441	-2.3444	0.7777	33.7500	55.0000	739429.507980
1.8443	-2.4941	0.8777	33.7500	55.0000	739429.507980
1.9606	-2.6577	1.0091	42.5000	55.0000	739429.507980
2.0776	-2.8009	1.1625	48.7500	55.0000	739429.507980
2.1940	-2.9394	1.3204	48.7500	55.0000	739429.507980
2.2942	-3.0581	1.4557	48.7500	55.0000	739429.507980
2.4107	-3.1915	1.6177	53.7500	55.0000	739429.507980
2.5272	-3.3003	1.7971	62.5000	55.0000	739429.507980
2.6439	-3.3806	1.9909	71.2500	55.0000	739429.507980
2.7608	-3.4305	2.1947	80.0000	55.0000	739429.507980
2.8611	-3.4546	2.3731	82.5000	55.0000	739429.507980
2.9614	-3.4781	2.5515	82.5000	55.0000	739429.507980
3.0776	-3.5055	2.7597	82.5000	55.0000	739429.507980
3.1944	-3.5329	2.9679	82.5000	55.0000	739429.507980
3.3108	-3.5467	3.1773	90.0000	55.0000	739429.507980
3.4112	-3.5329	3.3566	97.5000	55.0000	739429.507980
3.5277	-3.4875	3.5615	106.2500	55.0000	739429.507980
3.6281	-3.4242	3.7298	113.7500	55.0000	739429.507980
3.7444	-3.3232	3.9138	122.5000	55.0000	739429.507980
3.8609	-3.1955	4.0802	131.2500	55.0000	739429.507980
3.9612	-3.0670	4.2060	138.7500	55.0000	739429.507980
4.0775	-2.8978	4.3301	147.5000	55.0000	739429.507980
4.1777	-2.7391	4.4149	155.0000	55.0000	739429.507980
4.2945	-2.5420	4.4866	163.7500	55.0000	739429.507980
4.4109	-2.3404	4.5454	163.7500	55.0000	739429.507980
4.5118	-2.1676	4.5957	163.7500	55.0000	739429.507980
4.6280	-1.9660	4.6545	163.7500	55.0000	739429.507980
4.7446	-1.7688	4.7263	156.2500	55.0000	739429.507980
4.8610	-1.5849	4.8272	147.5000	55.0000	739429.507980
4.9613	-1.4386	4.9320	143.7500	55.0000	739429.507980
5.0776	-1.2692	5.0562	143.7500	55.0000	739429.507980
5.1777	-1.1241	5.1626	143.7500	55.0000	739429.507980
5.2942	-0.9547	5.2868	143.7500	55.0000	739429.507980
5.3943	-0.8095	5.3932	143.7500	55.0000	739429.507980
5.5112	-0.6402	5.5174	143.7500	55.0000	739429.507980
5.6278	-0.4708	5.6416	143.7500	55.0000	739429.507980
5.7280	-0.3257	5.7480	143.7500	55.0000	739429.507980
5.8445	-0.1563	5.8722	143.7500	55.0000	739429.507980
5.9448	-0.0112	5.9786	143.7500	55.0000	739429.507980
6.0611	0.1582	6.1028	143.7500	55.0000	739429.507980
0.1119	0.0000	0.0000	45.0000	55.0000	739435.624845
0.2179	0.0000	0.0000	45.0000	55.0000	739435.624845
0.3181	0.0000	0.0000	45.0000	55.0000	739435.624845
0.4348	0.0000	0.0000	45.0000	55.0000	739435.624845
0.5350	0.0000	0.0000	45.0000	55.0000	739435.624845
0.6515	0.0000	0.0000	45.0000	55.0000	739435.624845
0.1315	0.0000	0.0000	45.0000	55.0000	739498.551451
0.2479	0.0000	0.0000	45.0000	55.0000	739498.551451
0.3480	0.0000	0.0000	45.0000	55.0000	739498.551451
0.4481	0.0000	0.0000	45.0000	55.0000	739498.551451
0.5648	0.0000	0.0000	45.0000	55.0000	739498.551451
0.6652	0.0000	0.0000	45.0000	55.0000	739498.551451
0.1298	0.0000	0.0000	45.0000	55.0000	739498.560985
0.2300	0.0000	0.0000	45.0000	55.0000	739498.560985
0.3335	0.0000	0.0000	45.0000	55.0000	739498.560985
0.4344	0.0000	0.0000	45.0000	55.0000	739498.560985
0.1109	0.0000	0.0000	45.0000	55.0000	739536.442823
0.2245	0.0000	0.0000	45.0000	55.0000	739536.442823
0.3326	0.0000	0.0000	45.0000	55.0000	739536.442823
0.4330	0.0000	0.0000	45.0000	55.0000	739536.442823
0.5496	0.0000	0.0000	45.0000	55.0000	739536.442823
0.6497	0.0000	0.0000	45.0000	55.0000	739536.442823
0.7665	0.0000	0.0000	45.0000	55.0000	739536.442823
0.8830	-0.0424	0.0424	45.0000	55.0000	739536.442823
0.9994	-0.1414	0.1414	45.0000	55.0000	739536.442823
1.0996	-0.2263	0.2263	45.0000	55.0000	739536.442823
1.1998	-0.3111	0.3111	45.0000	55.0000	739536.442823
1.2999	-0.3960	0.3960	45.0000	55.0000	739536.442823
1.4162	-0.4950	0.4950	45.0000	55.0000	739536.442823
1.5328	-0.6019	0.5851	36.4600	55.0000	739536.442823
1.6331	-0.7034	0.6490	29.1400	55.0000	739536.442823
1.7497	-0.8309	0.7065	20.6000	55.0000	739536.442823
1.8660	-0.9656	0.7444	12.0600	55.0000	739536.442823
1.9664	-1.0844	0.7606	4.7400	55.0000	739536.442823
2.0831	-1.2243	0.7615	-1.3600	55.0000	739536.442823
2.1997	-1.3643	0.7582	-1.3600	55.0000	739536.442823
2.3165	-1.5042	0.7549	-1.3600	55.0000	739536.442823
2.4329	-1.6442	0.7516	-1.3600	55.0000	739536.442823
2.5330	-1.7642	0.7487	-1.3600	55.0000	739536.442823
2.6495	-1.9041	0.7454	-1.3600	55.0000	739536.442823
2.7662	-2.0437	0.7540	7.1800	55.0000	739536.442823
2.8829	-2.1805	0.7832	15.7200	55.0000	739536.442823
2.9831	-2.2932	0.8242	23.0400	55.0000	739536.442823
3.0831	-2.3998	0.8792	30.3600	55.0000	739536.442823
3.1998	-2.5140	0.9599	38.9000	55.0000	739536.442823
3.3168	-2.6150	1.0567	47.4400	55.0000	739536.442823
3.4335	-2.7075	1.1618	48.6600	55.0000	739536.442823
3.5497	-2.8000	1.2669	48.6600	55.0000	739536.442823
3.6499	-2.8792	1.3570	48.6600	55.0000	739536.442823
3.7670	-2.9717	1.4622	48.6600	55.0000	739536.442823
3.8832	-3.0642	1.5673	48.6600	55.0000	739536.442823
3.9832	-3.1434	1.6574	48.6600	55.0000	739536.442823
4.1001	-3.2356	1.7628	49.8800	55.0000	739536.442823
4.2168	-3.3163	1.8770	58.4200	55.0000	739536.442823
4.3332	-3.3791	2.0020	66.9600	55.0000	739536.442823
4.4334	-3.4177	2.1155	74.2800	55.0000	739536.442823
4.5497	-3.4440	2.2529	82.8200	55.0000	739536.442823
4.6508	-3.4501	2.3726	90.1400	55.0000	739536.442823
4.7668	-3.4391	2.5121	96.2400	55.0000	739536.442823
4.8834	-3.4239	2.6513	96.2400	55.0000	739536.442823
4.9999	-3.4087	2.7905	96.2400	55.0000	739536.442823
5.1167	-3.3935	2.9296	96.2400	55.0000	739536.442823
5.2331	-3.3783	3.0688	96.2400	55.0000	739536.442823
5.3333	-3.3652	3.1881	96.2400	55.0000	739536.442823
5.4334	-3.3522	3.3074	96.2400	55.0000	739536.442823
5.5498	-3.3370	3.4466	96.2400	55.0000	739536.442823
5.6499	-3.3239	3.5659	96.2400	55.0000	739536.442823
5.7666	-3.3045	3.7044	101.1200	55.0000	739536.442823
5.8831	-3.2659	3.8389	109.6600	55.0000	739536.442823
5.9833	-3.2173	3.9485	116.9800	55.0000	739536.442823
6.0838	-3.1551	4.0510	124.3000	55.0000	739536.442823
6.1998	-3.0667	4.1594	132.8400	55.0000	739536.442823
6.3166	-2.9632	4.2535	141.3800	55.0000	739536.442823
6.4334	-2.8469	4.3312	149.9200	55.0000	739536.442823
6.5342	-2.7391	4.3838	156.0200	55.0000	739536.442823
6.6498	-2.6112	4.4407	156.0200	55.0000	739536.442823
6.7499	-2.5016	4.4895	156.0200	55.0000	739536.442823
6.8666	-2.3737	4.5464	156.0200	55.0000	739536.442823
6.9831	-2.2457	4.6033	156.0200	55.0000	739536.442823
7.0833	-2.1361	4.6521	156.0200	55.0000	739536.442823
7.1834	-2.0293	4.7066	149.9200	55.0000	739536.442823
7.2998	-1.9110	4.7815	147.4800	55.0000	739536.442823
7.4165	-1.7930	4.8567	147.4800	55.0000	739536.442823
7.5167	-1.6918	4.9212	147.4800	55.0000	739536.442823
7.6336	-1.5737	4.9965	147.4800	55.0000	739536.442823
7.7500	-1.4557	5.0718	147.4800	55.0000	739536.442823
7.8664	-1.3376	5.1470	147.4800	55.0000	739536.442823
7.9832	-1.2196	5.2223	147.4800	55.0000	739536.442823
8.0838	-1.1184	5.2868	147.4800	55.0000	739536.442823
8.1997	-1.0003	5.3621	147.4800	55.0000	739536.442823
8.2998	-0.8992	5.4266	147.4800	55.0000	739536.442823
8.4002	-0.7980	5.4911	147.4800	55.0000	739536.442823
8.5163	-0.6799	5.5664	147.4800	55.0000	739536.442823
8.6167	-0.5794	5.6319	145.0400	55.0000	739536.442823
8.7333	-0.4718	5.7212	137.7200	55.0000	739536.442823
8.8334	-0.3830	5.8020	137.7200	55.0000	739536.442823
8.9338	-0.2942	5.8827	137.7200	55.0000	739536.442823
9.0519	-0.1906	5.9769	137.7200	55.0000	739536.442823
9.1668	-0.0870	6.0711	137.7200	55.0000	739536.442823
9.2831	0.0166	6.1653	137.7200	55.0000	739536.442823
0.1132	0.0000	0.0000	45.0000	55.0000	739536.529154
0.2168	0.0000	0.0000	45.0000	55.0000	739536.529154
0.3204	0.0000	0.0000	45.0000	55.0000	739536.529154
0.4369	0.0000	0.0000	45.0000	55.0000	739536.529154
0.5371	0.0000	0.0000	45.0000	55.0000	739536.529154
0.6537	0.0000	0.0000	51.1000	55.0000	739536.529154
0.7702	0.0000	0.0000	59.6400	55.0000	739536.529154
0.8705	0.0000	0.0000	66.9600	55.0000	739536.529154
0.9870	-0.0070	0.0187	69.4000	55.0000	739536.529154
1.0872	-0.0493	0.1310	69.4000	55.0000	739536.529154
1.2035	-0.0985	0.2621	69.4000	55.0000	739536.529154
1.3037	-0.1407	0.3744	69.4000	55.0000	739536.529154
1.4038	-0.1830	0.4868	69.4000	55.0000	739536.529154
1.5204	-0.2041	0.5429	69.4000	55.0000	739536.529154
1.6371	-0.2041	0.5429	64.5200	55.0000	739536.529154
1.7538	-0.2041	0.5429	55.9800	55.0000	739536.529154
1.8702	-0.2041	0.5429	47.4400	55.0000	739536.529154
1.9703	-0.2041	0.5429	43.7800	55.0000	739536.529154
2.0870	-0.2329	0.5706	43.7800	55.0000	739536.529154
2.2037	-0.3340	0.6675	43.7800	55.0000	739536.529154
2.3204	-0.4351	0.7643	43.7800	55.0000	739536.529154
2.4372	-0.5362	0.8612	43.7800	55.0000	739536.529154
2.5537	-0.6373	0.9580	43.7800	55.0000	739536.529154
2.6705	-0.7383	1.0549	43.7800	55.0000	739536.529154
2.7871	-0.8394	1.1518	43.7800	55.0000	739536.529154
2.9037	-0.9405	1.2486	43.7800	55.0000	739536.529154
3.0218	-0.9983	1.3040	46.2200	55.0000	739536.529154
3.1376	-0.9983	1.3040	54.7600	55.0000	739536.529154
3.2538	-0.9983	1.3040	63.3000	55.0000	739536.529154
3.3703	-0.9983	1.3040	71.8400	55.0000	739536.529154
3.4871	-0.9983	1.3040	80.3800	55.0000	739536.529154
3.6037	-0.9983	1.3040	88.9200	55.0000	739536.529154
3.7206	-0.9983	1.3040	97.4600	55.0000	739536.529154
3.8371	-0.9922	1.3435	98.6800	55.0000	739536.529154
3.9541	-0.9711	1.4819	98.6800	55.0000	739536.529154
4.0704	-0.9500	1.6203	98.6800	55.0000	739536.529154
4.1874	-0.9288	1.7587	98.6800	55.0000	739536.529154
4.3036	-0.9077	1.8971	98.6800	55.0000	739536.529154
4.4038	-0.8819	1.9533	98.6800	55.0000	739536.529154
4.5204	-0.8589	2.0803	98.6800	55.0000	739536.529154
4.6204	-0.8408	2.1989	98.6800	55.0000	739536.529154
4.7371	-0.8197	2.3373	98.6800	55.0000	739536.529154
4.8372	-0.8016	2.4559	98.6800	55.0000	739536.529154
4.9538	-0.7804	2.5943	98.6800	55.0000	739536.529154
5.0702	-0.7593	2.7327	98.6800	55.0000	739536.529154
5.1707	-0.7412	2.8513	98.6800	55.0000	739536.529154
5.2870	-0.7382	2.8711	92.5800	55.0000	739536.529154
5.4037	-0.7382	2.8711	84.0400	55.0000	739536.529154
5.5204	-0.7382	2.8711	75.5000	55.0000	739536.529154
5.6368	-0.7382	2.8711	66.9600	55.0000	739536.529154
5.7370	-0.7382	2.8711	59.6400	55.0000	739536.529154
5.8535	-0.7382	2.8711	57.2000	55.0000	739536.529154
5.9707	-0.7923	2.9551	57.2000	55.0000	739536.529154
6.0874	-0.8682	3.0728	57.2000	55.0000	739536.529154
6.2037	-0.9440	3.1905	57.2000	55.0000	739536.529154
6.3044	-1.0090	3.2914	57.2000	55.0000	739536.529154
6.4204	-1.0199	3.3082	52.3200	55.0000	739536.529154
6.5370	-1.0199	3.3082	43.7800	55.0000	739536.529154
6.6537	-1.0199	3.3082	35.2400	55.0000	739536.529154
6.7538	-1.0199	3.3082	27.9200	55.0000	739536.529154
6.8703	-1.0199	3.3082	19.3800	55.0000	739536.529154
6.9707	-1.0199	3.3082	12.0600	55.0000	739536.529154
7.0872	-1.0199	3.3082	3.5200	55.0000	739536.529154
7.1874	-1.0199	3.3082	-2.5800	55.0000	739536.529154
7.3037	-1.0398	3.3073	-2.5800	55.0000	739536.529154
7.4038	-1.1597	3.3019	-2.5800	55.0000	739536.529154
7.5204	-1.2996	3.2956	-2.5800	55.0000	739536.529154
7.6370	-1.4394	3.2893	-2.5800	55.0000	739536.529154
7.7537	-1.5793	3.2830	-2.5800	55.0000	739536.529154
7.8539	-1.6992	3.2776	-2.5800	55.0000	739536.529154
7.9702	-1.8390	3.2713	-2.5800	55.0000	739536.529154
8.0703	-1.9589	3.2659	-2.5800	55.0000	739536.529154
8.1871	-2.0976	3.2477	-11.1200	55.0000	739536.529154
8.3043	-2.1171	3.2434	-19.6600	55.0000	739536.529154
8.4217	-2.1171	3.2434	-28.2000	55.0000	739536.529154
8.5372	-2.1171	3.2434	-36.7400	55.0000	739536.529154
8.6538	-2.1171	3.2434	-45.2800	55.0000	739536.529154
8.7703	-2.1709	3.1842	-47.7200	55.0000	739536.529154
8.8871	-2.2651	3.0807	-47.7200	55.0000	739536.529154
8.9872	-2.3052	3.0360	-52.6000	55.0000	739536.529154
9.1036	-2.3052	3.0360	-61.1400	55.0000	739536.529154
9.2204	-2.3052	3.0360	-69.6800	55.0000	739536.529154
9.3369	-2.3052	3.0360	-75.7800	55.0000	739536.529154
9.4369	-2.3297	2.9391	-75.7800	55.0000	739536.529154
9.5370	-2.3592	2.8227	-75.7800	55.0000	739536.529154
9.6537	-2.3936	2.6870	-75.7800	55.0000	739536.529154
9.7703	-2.4280	2.5513	-75.7800	55.0000	739536.529154
9.8871	-2.4624	2.4156	-75.7800	55.0000	739536.529154
10.0035	-2.4968	2.2799	-75.7800	55.0000	739536.529154
10.1037	-2.5263	2.1636	-75.7800	55.0000	739536.529154
10.2037	-2.5470	2.0455	-83.1000	55.0000	739536.529154
10.3204	-2.5470	2.0455	-91.6400	55.0000	739536.529154
10.4372	-2.5470	2.0455	-100.1800	55.0000	739536.529154
10.5537	-2.5470	2.0455	-108.7200	55.0000	739536.529154
10.6715	-2.5318	2.0085	-112.3800	55.0000	739536.529154
10.7869	-2.4784	1.8790	-112.3800	55.0000	739536.529154
10.8872	-2.4328	1.7680	-112.3800	55.0000	739536.529154
11.0038	-2.3795	1.6386	-112.3800	55.0000	739536.529154
11.1204	-2.3262	1.5091	-112.3800	55.0000	739536.529154
11.2371	-2.2728	1.3797	-112.3800	55.0000	739536.529154
11.3537	-2.2195	1.2502	-112.3800	55.0000	739536.529154
11.4538	-2.1739	1.1393	-112.3800	55.0000	739536.529154
11.5702	-2.1330	1.0198	-112.3800	55.0000	739536.529154
11.6704	-2.1199	0.9441	-112.3800	55.0000	739536.529154
11.7872	-2.1199	0.9441	-120.9200	55.0000	739536.529154
11.8875	-2.1199	0.9441	-128.2400	55.0000	739536.529154
12.0037	-2.1199	0.9441	-136.7800	55.0000	739536.529154
12.1039	-2.1199	0.9441	-144.1000	55.0000	739536.529154
12.2206	-2.1199	0.9441	-148.9800	55.0000	739536.529154
12.3371	-2.1240	0.9368	-148.9800	55.0000	739536.529154
12.4536	-2.0250	0.8670	-148.9800	55.0000	739536.529154
12.5538	-1.9222	0.8052	-148.9800	55.0000	739536.529154
12.6703	-1.8022	0.7330	-148.9800	55.0000	739536.529154
12.7870	-1.6822	0.6609	-148.9800	55.0000	739536.529154
12.8871	-1.5792	0.5994	-150.2000	55.0000	739536.529154
13.0039	-1.5792	0.5994	-158.7400	55.0000	739536.529154
13.1204	-1.5792	0.5994	-167.2800	55.0000	739536.529154
13.2206	-1.4816	0.5774	-167.2800	55.0000	739536.529154
13.3207	-1.3646	0.5510	-167.2800	55.0000	739536.529154
13.4372	-1.2280	0.5201	-167.2800	55.0000	739536.529154
13.5542	-1.0914	0.4893	-167.2800	55.0000	739536.529154
13.6704	-0.9549	0.4585	-167.2800	55.0000	739536.529154
13.7874	-0.8183	0.4277	-167.2800	55.0000	739536.529154
13.9036	-0.6818	0.3968	-167.2800	55.0000	739536.529154
14.0204	-0.6623	0.3920	-158.7400	55.0000	739536.529154
14.1369	-0.6623	0.3920	-150.2000	55.0000	739536.529154
14.2537	-0.6623	0.3920	-147.7600	55.0000	739536.529154
14.3539	-0.7131	0.4240	-147.7600	55.0000	739536.529154
14.4701	-0.8315	0.4987	-147.7600	55.0000	739536.529154
14.5703	-0.9330	0.5627	-147.7600	55.0000	739536.529154
14.6868	-1.0514	0.6374	-147.7600	55.0000	739536.529154
14.7870	-1.1529	0.7014	-147.7600	55.0000	739536.529154
14.8871	-1.2544	0.7654	-147.7600	55.0000	739536.529154
14.9872	-1.3559	0.8295	-147.7600	55.0000	739536.529154
15.1036	-1.4574	0.8935	-147.7600	55.0000	739536.529154
15.2038	-1.4574	0.8935	-148.9800	55.0000	739536.529154
15.3202	-1.4574	0.8935	-157.5200	55.0000	739536.529154
15.4205	-1.4574	0.8935	-164.8400	55.0000	739536.529154
15.5373	-1.4574	0.8935	-173.3800	55.0000	739536.529154
15.6537	-1.4574	0.8935	-181.9200	55.0000	739536.529154
15.7537	-1.4574	0.8935	-189.2400	55.0000	739536.529154
15.8706	-1.4574	0.8935	-197.7800	55.0000	739536.529154
15.9870	-1.4574	0.8935	-206.3200	55.0000	739536.529154
16.0872	-1.4574	0.8935	-213.6400	55.0000	739536.529154
16.2037	-1.4574	0.8935	-222.1800	55.0000	739536.529154
16.3207	-1.4574	0.8935	-230.7200	55.0000	739536.529154
16.4368	-1.4574	0.8935	-239.2600	55.0000	739536.529154
16.5369	-1.4180	0.9631	-240.4800	55.0000	739536.529154
16.6536	-1.3490	1.0849	-240.4800	55.0000	739536.529154
16.7538	-1.3194	1.1371	-240.4800	55.0000	739536.529154
16.8703	-1.3194	1.1371	-240.4800	55.0000	739536.529154
16.9868	-1.3194	1.1371	-240.4800	55.0000	739536.529154
17.0870	-1.3194	1.1371	-240.4800	55.0000	739536.529154
17.2036	-1.3194	1.1371	-247.8000	55.0000	739536.529154
17.3210	-1.3194	1.1371	-256.3400	55.0000	739536.529154
17.4368	-1.3194	1.1371	-264.8800	55.0000	739536.529154
17.5370	-1.3194	1.1371	-272.2000	55.0000	739536.529154
17.6535	-1.3194	1.1371	-280.7400	55.0000	739536.529154
17.7705	-1.3319	1.1958	-281.9600	55.0000	739536.529154
17.8870	-1.3609	1.3328	-281.9600	55.0000	739536.529154
18.0038	-1.3899	1.4697	-281.9600	55.0000	739536.529154
18.1046	-1.4148	1.5871	-281.9600	55.0000	739536.529154
18.2203	-1.4438	1.7241	-281.9600	55.0000	739536.529154
18.3371	-1.4728	1.8611	-281.9600	55.0000	739536.529154
18.4536	-1.5018	1.9980	-281.9600	55.0000	739536.529154
18.5703	-1.5308	2.1350	-281.9600	55.0000	739536.529154
18.6704	-1.5557	2.2524	-281.9600	55.0000	739536.529154
18.7706	-1.5806	2.3698	-281.9600	55.0000	739536.529154
18.8870	-1.6096	2.5067	-281.9600	55.0000	739536.529154
19.0038	-1.6386	2.6437	-281.9600	55.0000	739536.529154
19.1205	-1.6634	2.7611	-280.7400	55.0000	739536.529154
19.2370	-1.6634	2.7611	-272.2000	55.0000	739536.529154
19.3537	-1.6634	2.7611	-263.6600	55.0000	739536.529154
19.4703	-1.6524	2.8605	-263.6600	55.0000	739536.529154
19.5706	-1.6392	2.9797	-263.6600	55.0000	739536.529154
19.6870	-1.6347	3.0195	-258.7800	55.0000	739536.529154
19.8038	-1.6347	3.0195	-250.2400	55.0000	739536.529154
19.9204	-1.5942	3.1324	-250.2400	55.0000	739536.529154
20.0368	-1.5468	3.2642	-250.2400	55.0000	739536.529154
20.1369	-1.5063	3.3771	-250.2400	55.0000	739536.529154
20.2542	-1.4653	3.4899	-247.8000	55.0000	739536.529154
20.3702	-1.4653	3.4899	-239.2600	55.0000	739536.529154
20.4877	-1.4653	3.4899	-230.7200	55.0000	739536.529154
20.6035	-1.4653	3.4899	-222.1800	55.0000	739536.529154
20.7040	-1.4653	3.4899	-214.8600	55.0000	739536.529154
20.8203	-1.4653	3.4899	-206.3200	55.0000	739536.529154
20.9205	-1.4653	3.4899	-199.0000	55.0000	739536.529154
21.0370	-1.4653	3.4899	-190.4600	55.0000	739536.529154
21.1536	-1.4653	3.4899	-181.9200	55.0000	739536.529154
21.2703	-1.4653	3.4899	-173.3800	55.0000	739536.529154
21.3709	-1.4653	3.4899	-166.0600	55.0000	739536.529154
21.4869	-1.4653	3.4899	-163.6200	55.0000	739536.529154
21.5870	-1.4269	3.4786	-163.6200	55.0000	739536.529154
21.6872	-1.3118	3.4448	-163.6200	55.0000	739536.529154
21.8037	-1.1775	3.4053	-163.6200	55.0000	739536.529154
21.9038	-1.0623	3.3715	-163.6200	55.0000	739536.529154
22.0203	-1.0049	3.3541	-157.5200	55.0000	739536.529154
22.1204	-1.0049	3.3541	-150.2000	55.0000	739536.529154
22.2369	-1.0049	3.3541	-141.6600	55.0000	739536.529154
22.3373	-1.0049	3.3541	-134.3400	55.0000	739536.529154
22.4552	-1.0049	3.3541	-125.8000	55.0000	739536.529154
22.5703	-1.0049	3.3541	-117.2600	55.0000	739536.529154
22.6704	-1.0049	3.3541	-109.9400	55.0000	739536.529154
22.7875	-1.0049	3.3541	-107.5000	55.0000	739536.529154
22.9036	-0.9688	3.2397	-107.5000	55.0000	739536.529154
23.0204	-0.9267	3.1062	-107.5000	55.0000	739536.529154
23.1373	-0.8957	3.0690	-107.5000	55.0000	739536.529154
23.2537	-0.8576	2.9709	-107.5000	55.0000	739536.529154
23.3703	-0.8155	2.8373	-107.5000	55.0000	739536.529154
23.4871	-0.7734	2.7038	-107.5000	55.0000	739536.529154
23.6039	-0.7313	2.5703	-107.5000	55.0000	739536.529154
23.7204	-0.6892	2.4368	-107.5000	55.0000	739536.529154
23.8370	-0.6471	2.3033	-107.5000	55.0000	739536.529154
23.9539	-0.6050	2.1697	-107.5000	55.0000	739536.529154
24.0702	-0.5629	2.0362	-107.5000	55.0000	739536.529154
24.1705	-0.5269	1.9218	-107.5000	55.0000	739536.529154
24.2871	-0.4848	1.7882	-107.5000	55.0000	739536.529154
24.4035	-0.4787	1.7692	-105.0600	55.0000	739536.529154
24.5205	-0.4787	1.7692	-96.5200	55.0000	739536.529154
24.6373	-0.4787	1.7692	-87.9800	55.0000	739536.529154
24.7538	-0.4787	1.7692	-79.4400	55.0000	739536.529154
24.8539	-0.4787	1.7692	-72.1200	55.0000	739536.529154
24.9705	-0.4787	1.7692	-63.5800	55.0000	739536.529154
25.0870	-0.4787	1.7692	-55.0400	55.0000	739536.529154
25.2038	-0.4787	1.7692	-46.5000	55.0000	739536.529154
25.3204	-0.4787	1.7692	-45.2800	55.0000	739536.529154
25.4372	-0.5491	1.6981	-45.2800	55.0000	739536.529154
25.5536	-0.6476	1.5986	-45.2800	55.0000	739536.529154
25.6538	-0.7321	1.5134	-45.2800	55.0000	739536.529154
25.7703	-0.8306	1.4139	-45.2800	55.0000	739536.529154
25.8705	-0.9150	1.3286	-45.2800	55.0000	739536.529154
25.9870	-1.0135	1.2291	-45.2800	55.0000	739536.529154
26.1037	-1.0557	1.1865	-45.2800	55.0000	739536.529154
26.2203	-1.0557	1.1865	-39.1800	55.0000	739536.529154
26.3207	-1.0557	1.1865	-31.8600	55.0000	739536.529154
26.4370	-1.0557	1.1865	-31.8600	55.0000	739536.529154
26.5536	-1.1746	1.1126	-31.8600	55.0000	739536.529154
26.6541	-1.2766	1.0493	-31.8600	55.0000	739536.529154
26.7704	-1.3955	0.9754	-31.8600	55.0000	739536.529154
26.8877	-1.5144	0.9015	-31.8600	55.0000	739536.529154
27.0036	-1.6333	0.8276	-31.8600	55.0000	739536.529154
27.1039	-1.7352	0.7642	-31.8600	55.0000	739536.529154
27.2204	-1.7352	0.7642	-25.7600	55.0000	739536.529154
27.3205	-1.7352	0.7642	-18.4400	55.0000	739536.529154
27.4371	-1.7352	0.7642	-9.9000	55.0000	739536.529154
27.5537	-1.7352	0.7642	-1.3600	55.0000	739536.529154
27.6703	-1.7352	0.7642	5.9600	55.0000	739536.529154
27.7871	-1.7352	0.7642	5.9600	55.0000	739536.529154
27.9036	-1.8744	0.7788	5.9600	55.0000	739536.529154
28.0203	-2.0137	0.7933	5.9600	55.0000	739536.529154
28.1369	-2.1330	0.8058	7.1800	55.0000	739536.529154
28.2371	-2.1330	0.8058	14.5000	55.0000	739536.529154
28.3556	-2.1330	0.8058	23.0400	55.0000	739536.529154
28.4704	-2.1330	0.8058	31.5800	55.0000	739536.529154
28.5870	-2.1330	0.8058	40.1200	55.0000	739536.529154
28.7035	-2.1330	0.8058	48.6600	55.0000	739536.529154
28.8038	-2.1330	0.8058	55.9800	55.0000	739536.529154
28.9203	-2.1330	0.8058	62.0800	55.0000	739536.529154
29.0372	-2.1330	0.8058	62.0800	55.0000	739536.529154
29.1536	-2.1330	0.8058	62.0800	55.0000	739536.529154
29.2705	-2.1330	0.8058	54.7600	55.0000	739536.529154
29.3706	-2.1330	0.8058	47.4400	55.0000	739536.529154
29.4870	-2.1330	0.8058	40.1200	55.0000	739536.529154
29.6038	-2.1789	0.8444	40.1200	55.0000	739536.529154
29.7039	-2.2707	0.9218	40.1200	55.0000	739536.529154
29.8203	-2.3777	1.0120	40.1200	55.0000	739536.529154
29.9371	-2.4848	1.1022	40.1200	55.0000	739536.529154
30.0536	-2.5919	1.1924	40.1200	55.0000	739536.529154
30.1537	-2.6836	1.2697	40.1200	55.0000	739536.529154
30.2705	-2.7907	1.3599	40.1200	55.0000	739536.529154
30.3869	-2.8977	1.4502	40.1200	55.0000	739536.529154
30.4870	-2.9589	1.5017	41.3400	55.0000	739536.529154
30.6037	-2.9589	1.5017	49.8800	55.0000	739536.529154
30.7204	-2.9589	1.5017	58.4200	55.0000	739536.529154
30.8206	-2.9589	1.5017	65.7400	55.0000	739536.529154
30.9371	-2.9589	1.5017	65.7400	55.0000	739536.529154
31.0537	-3.0000	1.5929	65.7400	55.0000	739536.529154
31.1705	-3.0575	1.7205	65.7400	55.0000	739536.529154
31.2870	-3.1150	1.8482	65.7400	55.0000	739536.529154
31.4037	-3.1726	1.9758	65.7400	55.0000	739536.529154
31.5203	-3.2301	2.1034	65.7400	55.0000	739536.529154
31.6371	-3.2876	2.2311	65.7400	55.0000	739536.529154
31.7534	-3.3451	2.3587	65.7400	55.0000	739536.529154
31.8537	-3.3944	2.4681	65.7400	55.0000	739536.529154
31.9703	-3.4520	2.5957	65.7400	55.0000	739536.529154
32.0704	-3.5013	2.7051	65.7400	55.0000	739536.529154
32.1870	-3.5588	2.8328	65.7400	55.0000	739536.529154
32.3038	-3.5670	2.8510	59.6400	55.0000	739536.529154
32.4048	-3.5670	2.8510	52.3200	55.0000	739536.529154
32.5205	-3.5670	2.8510	45.0000	55.0000	739536.529154
32.6211	-3.5670	2.8510	45.0000	55.0000	739536.529154
32.7372	-3.6519	2.9359	45.0000	55.0000	739536.529154
32.8537	-3.7509	3.0349	45.0000	55.0000	739536.529154
32.9543	-3.8216	3.1056	45.0000	55.0000	739536.529154
33.0703	-3.8216	3.1056	36.4600	55.0000	739536.529154
33.1705	-3.8216	3.1056	29.1400	55.0000	739536.529154
33.2869	-3.8216	3.1056	20.6000	55.0000	739536.529154
33.3873	-3.8216	3.1056	19.3800	55.0000	739536.529154
33.5037	-3.8970	3.1321	19.3800	55.0000	739536.529154
33.6042	-4.0102	3.1719	19.3800	55.0000	739536.529154
33.7204	-4.1423	3.2184	19.3800	55.0000	739536.529154
33.8370	-4.2744	3.2649	19.3800	55.0000	739536.529154
33.9538	-4.4064	3.3113	19.3800	55.0000	739536.529154
34.0706	-4.5385	3.3578	19.3800	55.0000	739536.529154
34.1723	-4.6517	3.3976	19.3800	55.0000	739536.529154
34.2870	-4.7838	3.4440	19.3800	55.0000	739536.529154
34.4040	-4.9158	3.4905	19.3800	55.0000	739536.529154
34.5203	-4.9347	3.4971	24.2600	55.0000	739536.529154
34.6372	-4.9347	3.4971	30.3600	55.0000	739536.529154
34.7539	-4.9347	3.4971	30.3600	55.0000	739536.529154
34.8705	-4.8312	3.4365	30.3600	55.0000	739536.529154
34.9872	-4.7104	3.3657	30.3600	55.0000	739536.529154
35.1037	-4.5896	3.2950	30.3600	55.0000	739536.529154
35.2040	-4.4860	3.2343	30.3600	55.0000	739536.529154
35.3202	-4.3652	3.1636	30.3600	55.0000	739536.529154
35.4205	-4.2876	3.1332	30.3600	55.0000	739536.529154
35.5371	-4.2272	3.1332	30.3600	55.0000	739536.529154
35.6537	-4.1668	3.1332	30.3600	55.0000	739536.529154
35.7710	-4.1064	3.1332	30.3600	55.0000	739536.529154
35.8869	-4.0460	3.1332	30.3600	55.0000	739536.529154
36.0038	-3.9875	3.1302	30.3600	55.0000	739536.529154
36.1203	-3.8836	3.0789	30.3600	55.0000	739536.529154
36.2376	-3.7628	3.0081	30.3600	55.0000	739536.529154
36.3538	-3.6420	2.9374	30.3600	55.0000	739536.529154
36.4702	-3.5212	2.8666	30.3600	55.0000	739536.529154
36.5704	-3.4867	2.8464	30.3600	55.0000	739536.529154
36.6714	-3.4867	2.8464	30.3600	55.0000	739536.529154
36.7871	-3.4867	2.8464	24.2600	55.0000	739536.529154
36.9037	-3.4867	2.8464	15.7200	55.0000	739536.529154
37.0038	-3.4867	2.8464	8.4000	55.0000	739536.529154
37.1202	-3.4867	2.8464	-0.1400	55.0000	739536.529154
37.2204	-3.4867	2.8464	-7.4600	55.0000	739536.529154
37.3369	-3.4867	2.8464	-16.0000	55.0000	739536.529154
37.4371	-3.4867	2.8464	-23.3200	55.0000	739536.529154
37.5537	-3.4867	2.8464	-31.8600	55.0000	739536.529154
37.6539	-3.4867	2.8464	-39.1800	55.0000	739536.529154
37.7705	-3.4867	2.8464	-40.4000	55.0000	739536.529154
37.8705	-3.4867	2.8464	-40.4000	55.0000	739536.529154
37.9871	-3.5933	2.7556	-40.4000	55.0000	739536.529154
38.1038	-3.6390	2.7168	-40.4000	55.0000	739536.529154
38.2039	-3.6390	2.7168	-40.4000	55.0000	739536.529154
38.3204	-3.6390	2.7168	-46.5000	55.0000	739536.529154
38.4371	-3.6390	2.7168	-55.0400	55.0000	739536.529154
38.5537	-3.6390	2.7168	-63.5800	55.0000	739536.529154
38.6539	-3.6390	2.7168	-70.9000	55.0000	739536.529154
38.7705	-3.6390	2.7168	-79.4400	55.0000	739536.529154
38.8706	-3.6390	2.7168	-79.4400	55.0000	739536.529154
38.9870	-3.6536	2.6381	-79.4400	55.0000	739536.529154
39.1036	-3.6793	2.5005	-79.4400	55.0000	739536.529154
39.2203	-3.7049	2.3629	-79.4400	55.0000	739536.529154
39.3204	-3.7269	2.2449	-79.4400	55.0000	739536.529154
39.4371	-3.7526	2.1073	-79.4400	55.0000	739536.529154
39.5537	-3.7782	1.9696	-79.4400	55.0000	739536.529154
39.6540	-3.8002	1.8517	-79.4400	55.0000	739536.529154
39.7704	-3.8259	1.7140	-79.4400	55.0000	739536.529154
39.8875	-3.8442	1.6157	-79.4400	55.0000	739536.529154
40.0036	-3.8442	1.6157	-70.9000	55.0000	739536.529154
40.1040	-3.8442	1.6157	-63.5800	55.0000	739536.529154
40.2204	-3.8442	1.6157	-55.0400	55.0000	739536.529154
40.3208	-3.8442	1.6157	-47.7200	55.0000	739536.529154
40.4370	-3.8442	1.6157	-39.1800	55.0000	739536.529154
40.5372	-3.8442	1.6157	-31.8600	55.0000	739536.529154
40.6542	-3.8442	1.6157	-23.3200	55.0000	739536.529154
40.7705	-3.8442	1.6157	-14.7800	55.0000	739536.529154
40.8706	-3.8442	1.6157	-7.4600	55.0000	739536.529154
40.9871	-3.8442	1.6157	1.0800	55.0000	739536.529154
41.1037	-3.8442	1.6157	4.7400	55.0000	739536.529154
41.2038	-3.8841	1.6190	4.7400	55.0000	739536.529154
41.3204	-4.0236	1.6306	4.7400	55.0000	739536.529154
41.4371	-4.1631	1.6422	4.7400	55.0000	739536.529154
41.5536	-4.3026	1.6537	4.7400	55.0000	739536.529154
41.6536	-4.4222	1.6637	4.7400	55.0000	739536.529154
41.7540	-4.5418	1.6736	4.7400	55.0000	739536.529154
41.8703	-4.6813	1.6851	4.7400	55.0000	739536.529154
41.9869	-4.8209	1.6967	4.7400	55.0000	739536.529154
42.0871	-4.9405	1.7066	4.7400	55.0000	739536.529154
42.2036	-5.0600	1.7165	4.7400	55.0000	739536.529154
42.3037	-5.0600	1.7165	12.0600	55.0000	739536.529154
42.4038	-5.0600	1.7165	19.3800	55.0000	739536.529154
42.5043	-5.0600	1.7165	26.7000	55.0000	739536.529154
42.6206	-5.0600	1.7165	35.2400	55.0000	739536.529154
42.7370	-5.0600	1.7165	43.7800	55.0000	739536.529154
42.8536	-5.0600	1.7165	47.4400	55.0000	739536.529154
42.9541	-5.0736	1.7313	47.4400	55.0000	739536.529154
43.0705	-5.1683	1.8344	47.4400	55.0000	739536.529154
43.1869	-5.2359	1.9081	47.4400	55.0000	739536.529154
43.2873	-5.2359	1.9081	47.4400	55.0000	739536.529154
43.4038	-5.2359	1.9081	55.9800	55.0000	739536.529154
43.5202	-5.2359	1.9081	64.5200	55.0000	739536.529154
43.6203	-5.2359	1.9081	71.8400	55.0000	739536.529154
43.7207	-5.2359	1.9081	79.1600	55.0000	739536.529154
43.8370	-5.2359	1.9081	87.7000	55.0000	739536.529154
43.9373	-5.2359	1.9081	95.0200	55.0000	739536.529154
44.0380	-5.2359	1.9081	102.3400	55.0000	739536.529154
44.1537	-5.2359	1.9081	110.8800	55.0000	739536.529154
44.2705	-5.2359	1.9081	119.4200	55.0000	739536.529154
44.3872	-5.2359	1.9081	127.9600	55.0000	739536.529154
44.5035	-5.2359	1.9081	136.5000	55.0000	739536.529154
44.6038	-5.2359	1.9081	143.8200	55.0000	739536.529154
44.7204	-5.2359	1.9081	152.3600	55.0000	739536.529154
44.8204	-5.2359	1.9081	159.6800	55.0000	739536.529154
44.9369	-5.2359	1.9081	168.2200	55.0000	739536.529154
45.0539	-5.2359	1.9081	176.7600	55.0000	739536.529154
45.1702	-5.2359	1.9081	179.2000	55.0000	739536.529154
45.2703	-5.2359	1.9081	179.2000	55.0000	739536.529154
45.3871	-5.2359	1.9081	179.2000	55.0000	739536.529154
45.5038	-5.2359	1.9081	179.2000	55.0000	739536.529154
45.6205	-5.2359	1.9081	185.3000	55.0000	739536.529154
45.7369	-5.2359	1.9081	193.8400	55.0000	739536.529154
45.8370	-5.2359	1.9081	196.2800	55.0000	739536.529154
45.9537	-5.3511	1.9417	196.2800	55.0000	739536.529154
46.0718	-5.4855	1.9809	196.2800	55.0000	739536.529154
46.1872	-5.6007	2.0146	196.2800	55.0000	739536.529154
46.3042	-5.6007	2.0146	196.2800	55.0000	739536.529154
46.4204	-5.5239	1.9922	196.2800	55.0000	739536.529154
46.5371	-5.3895	1.9529	196.2800	55.0000	739536.529154
46.6538	-5.3127	1.9305	196.2800	55.0000	739536.529154
46.7703	-5.3127	1.9305	199.9400	55.0000	739536.529154
46.8705	-5.3127	1.9305	206.0400	55.0000	739536.529154
46.9872	-5.3127	1.9305	206.0400	55.0000	739536.529154
47.1039	-5.3127	1.9305	206.0400	55.0000	739536.529154
47.2205	-5.2049	1.8778	206.0400	55.0000	739536.529154
47.3369	-5.0791	1.8163	206.0400	55.0000	739536.529154
47.4371	-4.9713	1.7637	206.0400	55.0000	739536.529154
47.5537	-4.8455	1.7022	206.0400	55.0000	739536.529154
47.6538	-4.7377	1.6495	206.0400	55.0000	739536.529154
47.7539	-4.6298	1.5968	206.0400	55.0000	739536.529154
47.8704	-4.5041	1.5354	206.0400	55.0000	739536.529154
47.9871	-4.3783	1.4739	206.0400	55.0000	739536.529154
48.1038	-4.2525	1.4125	206.0400	55.0000	739536.529154
48.2203	-4.1267	1.3510	206.0400	55.0000	739536.529154
48.3217	-4.0189	1.2983	206.0400	55.0000	739536.529154
48.4369	-3.8931	1.2369	206.0400	55.0000	739536.529154
48.5536	-3.7673	1.1754	206.0400	55.0000	739536.529154
48.6537	-3.6595	1.1227	206.0400	55.0000	739536.529154
48.7539	-3.5517	1.0700	206.0400	55.0000	739536.529154
48.8702	-3.4259	1.0086	206.0400	55.0000	739536.529154
48.9704	-3.3180	0.9559	206.0400	55.0000	739536.529154
49.0871	-3.1923	0.8944	206.0400	55.0000	739536.529154
49.1873	-3.0844	0.8418	206.0400	55.0000	739536.529154
49.3035	-2.9587	0.7803	206.0400	55.0000	739536.529154
49.4038	-2.8508	0.7276	206.0400	55.0000	739536.529154
49.5206	-2.7250	0.6662	206.0400	55.0000	739536.529154
49.6371	-2.5993	0.6047	206.0400	55.0000	739536.529154
49.7536	-2.4733	0.5436	204.8200	55.0000	739536.529154
49.8703	-2.4365	0.5280	196.2800	55.0000	739536.529154
49.9705	-2.4365	0.5280	188.9600	55.0000	739536.529154
50.0871	-2.4365	0.5280	180.4200	55.0000	739536.529154
50.2040	-2.4365	0.5280	171.8800	55.0000	739536.529154
50.3056	-2.4365	0.5280	168.2200	55.0000	739536.529154
50.4202	-2.4365	0.5280	168.2200	55.0000	739536.529154
50.5204	-2.3582	0.5443	168.2200	55.0000	739536.529154
50.6370	-2.2211	0.5729	168.2200	55.0000	739536.529154
50.7537	-2.0840	0.6015	168.2200	55.0000	739536.529154
50.8537	-1.9666	0.6260	168.2200	55.0000	739536.529154
50.9705	-1.9470	0.6301	168.2200	55.0000	739536.529154
51.0870	-1.9470	0.6301	162.1200	55.0000	739536.529154
51.2039	-1.9470	0.6301	153.5800	55.0000	739536.529154
51.3204	-1.9470	0.6301	145.0400	55.0000	739536.529154
51.4372	-1.9470	0.6301	136.5000	55.0000	739536.529154
51.5537	-1.9470	0.6301	127.9600	55.0000	739536.529154
51.6540	-1.9470	0.6301	125.5200	55.0000	739536.529154
51.7704	-1.9470	0.6301	125.5200	55.0000	739536.529154
51.8871	-1.9470	0.6301	125.5200	55.0000	739536.529154
52.0037	-1.9470	0.6301	120.6400	55.0000	739536.529154
52.1204	-1.9470	0.6301	112.1000	55.0000	739536.529154
52.2204	-1.9470	0.6301	106.0000	55.0000	739536.529154
52.3370	-1.9470	0.6301	106.0000	55.0000	739536.529154
52.4537	-1.9249	0.7070	106.0000	55.0000	739536.529154
52.5539	-1.8919	0.8223	106.0000	55.0000	739536.529154
52.6703	-1.8533	0.9569	106.0000	55.0000	739536.529154
52.7705	-1.8202	1.0723	106.0000	55.0000	739536.529154
52.8873	-1.7816	1.2068	106.0000	55.0000	739536.529154
53.0035	-1.7430	1.3414	106.0000	55.0000	739536.529154
53.1036	-1.7099	1.4568	106.0000	55.0000	739536.529154
53.2039	-1.6769	1.5721	106.0000	55.0000	739536.529154
53.3204	-1.6383	1.7067	106.0000	55.0000	739536.529154
53.4369	-1.5997	1.8413	106.0000	55.0000	739536.529154
53.5370	-1.5666	1.9566	106.0000	55.0000	739536.529154
53.6536	-1.5280	2.0912	106.0000	55.0000	739536.529154
53.7538	-1.4950	2.2066	106.0000	55.0000	739536.529154
53.8704	-1.4564	2.3411	106.0000	55.0000	739536.529154
53.9706	-1.4233	2.4565	106.0000	55.0000	739536.529154
54.0870	-1.3847	2.5911	106.0000	55.0000	739536.529154
54.2039	-1.3461	2.7256	106.0000	55.0000	739536.529154
54.3203	-1.3406	2.7449	106.0000	55.0000	739536.529154
54.4369	-1.3406	2.7449	106.0000	55.0000	739536.529154
54.5371	-1.3406	2.7449	106.0000	55.0000	739536.529154
54.6536	-1.3406	2.7449	109.6600	55.0000	739536.529154
54.7537	-1.3406	2.7449	116.9800	55.0000	739536.529154
54.8702	-1.3406	2.7449	120.6400	55.0000	739536.529154
54.9704	-1.3406	2.7449	120.6400	55.0000	739536.529154
55.0871	-1.2896	2.8309	120.6400	55.0000	739536.529154
55.2038	-1.2183	2.9514	120.6400	55.0000	739536.529154
55.3203	-1.1469	3.0718	120.6400	55.0000	739536.529154
55.4205	-1.0858	3.1751	120.6400	55.0000	739536.529154
55.5369	-1.0144	3.2955	120.6400	55.0000	739536.529154
55.6536	-0.9635	3.3815	121.8600	55.0000	739536.529154
55.7538	-0.9635	3.3815	129.1800	55.0000	739536.529154
55.8703	-0.9635	3.3815	137.7200	55.0000	739536.529154
55.9870	-0.9635	3.3815	146.2600	55.0000	739536.529154
56.1036	-0.9635	3.3815	154.8000	55.0000	739536.529154
56.2205	-0.9635	3.3815	163.3400	55.0000	739536.529154
56.3225	-0.9635	3.3815	170.6600	55.0000	739536.529154
56.4370	-0.9635	3.3815	179.2000	55.0000	739536.529154
56.5371	-0.9635	3.3815	186.5200	55.0000	739536.529154
56.6536	-0.9635	3.3815	195.0600	55.0000	739536.529154
56.7539	-0.9635	3.3815	202.3800	55.0000	739536.529154
56.8708	-0.9635	3.3815	210.9200	55.0000	739536.529154
56.9870	-0.9635	3.3815	219.4600	55.0000	739536.529154
57.0871	-0.9635	3.3815	226.7800	55.0000	739536.529154
57.2041	-0.9635	3.3815	232.8800	55.0000	739536.529154
57.3205	-0.9635	3.3815	232.8800	55.0000	739536.529154
57.4373	-0.8910	3.2859	232.8800	55.0000	739536.529154
57.5538	-0.8066	3.1742	232.8800	55.0000	739536.529154
57.6703	-0.7714	3.1256	240.2000	55.0000	739536.529154
57.7705	-0.7714	3.1256	247.5200	55.0000	739536.529154
57.8870	-0.7714	3.1256	256.0600	55.0000	739536.529154
57.9871	-0.7714	3.1256	263.3800	55.0000	739536.529154
58.1038	-0.7626	3.0060	265.8200	55.0000	739536.529154
58.2205	-0.7524	2.8663	265.8200	55.0000	739536.529154
58.3375	-0.7422	2.7267	265.8200	55.0000	739536.529154
58.4536	-0.7320	2.5871	265.8200	55.0000	739536.529154
58.5537	-0.7233	2.4674	265.8200	55.0000	739536.529154
58.6540	-0.7145	2.3477	265.8200	55.0000	739536.529154
58.7704	-0.7043	2.2081	265.8200	55.0000	739536.529154
58.8705	-0.6956	2.0884	265.8200	55.0000	739536.529154
58.9871	-0.6854	1.9488	265.8200	55.0000	739536.529154
59.0872	-0.6766	1.8291	265.8200	55.0000	739536.529154
59.2038	-0.6664	1.6895	265.8200	55.0000	739536.529154
59.3205	-0.6562	1.5498	265.8200	55.0000	739536.529154
59.4207	-0.6475	1.4302	265.8200	55.0000	739536.529154
59.5371	-0.6373	1.2905	265.8200	55.0000	739536.529154
59.6537	-0.6358	1.2706	269.4800	55.0000	739536.529154
59.7537	-0.6358	1.2706	276.8000	55.0000	739536.529154
59.8541	-0.6358	1.2706	284.1200	55.0000	739536.529154
59.9705	-0.6358	1.2706	292.6600	55.0000	739536.529154
60.0870	-0.6358	1.2706	301.2000	55.0000	739536.529154
60.1871	-0.6358	1.2706	308.5200	55.0000	739536.529154
60.2877	-0.6358	1.2706	315.8400	55.0000	739536.529154
60.4038	-0.6358	1.2706	324.3800	55.0000	739536.529154
60.5204	-0.6358	1.2706	332.9200	55.0000	739536.529154
60.6369	-0.6358	1.2706	341.4600	55.0000	739536.529154
60.7371	-0.6358	1.2706	341.4600	55.0000	739536.529154
60.8537	-0.6927	1.2515	341.4600	55.0000	739536.529154
60.9538	-0.8065	1.2133	341.4600	55.0000	739536.529154
61.0540	-0.9202	1.1752	341.4600	55.0000	739536.529154
61.1706	-1.0150	1.1434	342.6800	55.0000	739536.529154
61.2873	-1.0150	1.1434	351.2200	55.0000	739536.529154
61.4036	-1.0150	1.1434	359.7600	55.0000	739536.529154
61.5039	-1.0150	1.1434	367.0800	55.0000	739536.529154
61.6204	-1.0150	1.1434	375.6200	55.0000	739536.529154
61.7371	-1.0150	1.1434	384.1600	55.0000	739536.529154
61.8372	-1.0150	1.1434	391.4800	55.0000	739536.529154
61.9536	-1.0150	1.1434	400.0200	55.0000	739536.529154
62.0539	-1.0150	1.1434	407.3400	55.0000	739536.529154
62.1705	-1.0150	1.1434	411.0000	55.0000	739536.529154
62.2869	-1.0150	1.1434	411.0000	55.0000	739536.529154
62.4038	-1.0528	1.1900	411.0000	55.0000	739536.529154
62.5203	-1.1031	1.2522	413.4400	55.0000	739536.529154
62.6371	-1.1031	1.2522	421.9800	55.0000	739536.529154
62.7538	-1.1031	1.2522	430.5200	55.0000	739536.529154
62.8704	-1.1132	1.2909	435.4000	55.0000	739536.529154
62.9706	-1.1435	1.4070	435.4000	55.0000	739536.529154
63.0870	-1.1788	1.5425	435.4000	55.0000	739536.529154
63.1871	-1.2090	1.6586	435.4000	55.0000	739536.529154
63.3038	-1.2443	1.7941	435.4000	55.0000	739536.529154
63.4204	-1.2796	1.9296	435.4000	55.0000	739536.529154
63.5371	-1.3149	2.0651	435.4000	55.0000	739536.529154
63.6538	-1.3502	2.2005	435.4000	55.0000	739536.529154
63.7539	-1.3804	2.3167	435.4000	55.0000	739536.529154
63.8704	-1.4157	2.4522	435.4000	55.0000	739536.529154
63.9706	-1.4460	2.5683	435.4000	55.0000	739536.529154
64.0871	-1.4813	2.7038	435.4000	55.0000	739536.529154
64.2038	-1.5127	2.8195	431.7400	55.0000	739536.529154
64.3205	-1.5127	2.8195	423.2000	55.0000	739536.529154
64.4207	-1.5127	2.8195	415.8800	55.0000	739536.529154
64.5370	-1.5127	2.8195	407.3400	55.0000	739536.529154
64.6543	-1.5127	2.8195	398.8000	55.0000	739536.529154
64.7704	-1.5127	2.8195	395.1400	55.0000	739536.529154
64.8871	-1.5781	2.8656	395.1400	55.0000	739536.529154
65.0038	-1.6926	2.9462	395.1400	55.0000	739536.529154
65.1203	-1.8071	3.0267	395.1400	55.0000	739536.529154
65.2206	-1.9052	3.0958	395.1400	55.0000	739536.529154
65.3371	-1.9709	3.1415	390.2600	55.0000	739536.529154
65.4537	-1.9709	3.1415	381.7200	55.0000	739536.529154
65.5538	-1.9709	3.1415	374.4000	55.0000	739536.529154
65.6703	-1.9709	3.1415	365.8600	55.0000	739536.529154
65.7706	-1.9709	3.1415	358.5400	55.0000	739536.529154
65.8869	-1.9709	3.1415	350.0000	55.0000	739536.529154
65.9872	-1.9709	3.1415	342.6800	55.0000	739536.529154
66.1039	-1.9709	3.1415	334.1400	55.0000	739536.529154
66.2203	-1.9709	3.1415	328.0400	55.0000	739536.529154
66.3203	-1.9709	3.1415	328.0400	55.0000	739536.529154
66.4206	-1.9853	3.1294	328.0400	55.0000	739536.529154
66.5371	-1.9834	3.1286	325.6000	55.0000	739536.529154
66.6551	-1.9834	3.1286	317.0600	55.0000	739536.529154
66.7702	-1.9834	3.1286	308.5200	55.0000	739536.529154
66.8704	-1.9834	3.1286	301.2000	55.0000	739536.529154
66.9706	-1.9827	3.1252	301.2000	55.0000	739536.529154
67.0872	-1.9721	3.1220	301.2000	55.0000	739536.529154
67.1873	-1.9580	3.1181	301.2000	55.0000	739536.529154
67.3038	-1.9345	3.1066	301.2000	55.0000	739536.529154
67.4039	-1.9179	3.0943	301.2000	55.0000	739536.529154
67.5204	-1.9179	3.0943	301.2000	55.0000	739536.529154
67.6207	-1.9179	3.0943	301.2000	55.0000	739536.529154
67.7371	-1.9076	3.1114	301.2000	55.0000	739536.529154
67.8372	-1.8454	3.2140	301.2000	55.0000	739536.529154
67.9538	-1.7729	3.3338	301.2000	55.0000	739536.529154
68.0704	-1.7003	3.4535	301.2000	55.0000	739536.529154
68.1705	-1.7003	3.4535	301.2000	55.0000	739536.529154
68.2872	-1.7003	3.4535	306.0800	55.0000	739536.529154
68.4036	-1.7003	3.4535	314.6200	55.0000	739536.529154
68.5038	-1.7003	3.4535	321.9400	55.0000	739536.529154
68.6204	-1.7003	3.4535	329.2600	55.0000	739536.529154
68.7370	-1.7003	3.4535	329.2600	55.0000	739536.529154
68.8537	-1.7519	3.4229	329.2600	55.0000	739536.529154
68.9538	-1.8551	3.3615	329.2600	55.0000	739536.529154
69.0704	-1.9754	3.2900	329.2600	55.0000	739536.529154
69.1870	-2.0957	3.2184	329.2600	55.0000	739536.529154
69.3037	-2.2160	3.1469	329.2600	55.0000	739536.529154
69.4204	-2.2848	3.1060	326.8200	55.0000	739536.529154
69.5206	-2.2848	3.1060	319.5000	55.0000	739536.529154
69.6371	-2.2848	3.1060	310.9600	55.0000	739536.529154
69.7538	-2.2848	3.1060	302.4200	55.0000	739536.529154
69.8705	-2.2848	3.1060	293.8800	55.0000	739536.529154
69.9876	-2.3055	3.0497	290.2200	55.0000	739536.529154
70.1037	-2.3539	2.9183	290.2200	55.0000	739536.529154
70.2040	-2.3954	2.8057	290.2200	55.0000	739536.529154
70.3206	-2.4438	2.6743	290.2200	55.0000	739536.529154
70.4372	-2.4922	2.5429	290.2200	55.0000	739536.529154
70.5538	-2.5406	2.4116	290.2200	55.0000	739536.529154
70.6705	-2.5889	2.2802	290.2200	55.0000	739536.529154
70.7871	-2.6373	2.1488	290.2200	55.0000	739536.529154
70.9037	-2.6857	2.0175	290.2200	55.0000	739536.529154
71.0038	-2.7272	1.9049	290.2200	55.0000	739536.529154
71.1038	-2.7410	1.8673	290.2200	55.0000	739536.529154
71.2204	-2.7410	1.8673	298.7600	55.0000	739536.529154
71.3369	-2.7410	1.8673	307.3000	55.0000	739536.529154
71.4370	-2.7410	1.8673	314.6200	55.0000	739536.529154
71.5373	-2.7410	1.8673	321.9400	55.0000	739536.529154
71.6538	-2.7410	1.8673	328.0400	55.0000	739536.529154
71.7703	-2.7580	1.8567	328.0400	55.0000	739536.529154
71.8704	-2.8598	1.7932	328.0400	55.0000	739536.529154
71.9871	-2.9786	1.7191	328.0400	55.0000	739536.529154
72.1038	-3.0974	1.6450	328.0400	55.0000	739536.529154
72.2205	-3.0974	1.6450	334.1400	55.0000	739536.529154
72.3370	-3.0974	1.6450	342.6800	55.0000	739536.529154
72.4371	-3.0974	1.6450	350.0000	55.0000	739536.529154
72.5372	-3.0974	1.6450	357.3200	55.0000	739536.529154
72.6537	-3.0974	1.6450	365.8600	55.0000	739536.529154
72.7705	-3.0974	1.6450	374.4000	55.0000	739536.529154
72.8871	-3.0974	1.6450	382.9400	55.0000	739536.529154
73.0041	-3.0974	1.6450	391.4800	55.0000	739536.529154
73.1204	-3.0974	1.6450	400.0200	55.0000	739536.529154
73.2205	-3.0974	1.6450	402.4600	55.0000	739536.529154
73.3369	-3.0974	1.6450	402.4600	55.0000	739536.529154
73.4538	-3.0974	1.6450	403.6800	55.0000	739536.529154
73.5704	-3.0974	1.6450	412.2200	55.0000	739536.529154
73.6872	-3.0974	1.6450	420.7600	55.0000	739536.529154
73.7875	-3.0974	1.6450	423.2000	55.0000	739536.529154
73.9035	-3.0974	1.6450	421.9800	55.0000	739536.529154
74.0037	-3.0974	1.6450	414.6600	55.0000	739536.529154
74.1204	-3.0974	1.6450	406.1200	55.0000	739536.529154
74.2211	-3.0974	1.6450	398.8000	55.0000	739536.529154
74.3223	-3.0974	1.6450	391.4800	55.0000	739536.529154
74.4370	-3.0974	1.6450	382.9400	55.0000	739536.529154
74.5537	-3.0974	1.6450	374.4000	55.0000	739536.529154
74.6703	-3.0974	1.6450	365.8600	55.0000	739536.529154
74.7713	-3.0974	1.6450	364.6400	55.0000	739536.529154
74.8871	-3.1372	1.6482	364.6400	55.0000	739536.529154
75.0037	-3.2768	1.6596	364.6400	55.0000	739536.529154
75.1205	-3.4163	1.6709	364.6400	55.0000	739536.529154
75.2373	-3.5559	1.6822	364.6400	55.0000	739536.529154
75.3536	-3.6954	1.6935	364.6400	55.0000	739536.529154
75.4539	-3.8150	1.7032	364.6400	55.0000	739536.529154
75.5703	-3.9545	1.7146	364.6400	55.0000	739536.529154
75.6873	-4.0941	1.7259	364.6400	55.0000	739536.529154
75.8038	-4.2336	1.7372	364.6400	55.0000	739536.529154
75.9204	-4.3732	1.7485	364.6400	55.0000	739536.529154
76.0370	-4.5127	1.7599	364.6400	55.0000	739536.529154
76.1372	-4.6323	1.7696	364.6400	55.0000	739536.529154
76.2541	-4.7719	1.7809	364.6400	55.0000	739536.529154
76.3705	-4.9114	1.7922	364.6400	55.0000	739536.529154
76.4870	-5.0307	1.8045	369.5200	55.0000	739536.529154
76.6037	-5.0307	1.8045	378.0600	55.0000	739536.529154
76.7039	-5.0307	1.8045	385.3800	55.0000	739536.529154
76.8204	-5.0307	1.8045	393.9200	55.0000	739536.529154
76.9207	-5.0307	1.8045	401.2400	55.0000	739536.529154
77.0372	-5.0307	1.8045	409.7800	55.0000	739536.529154
77.1538	-5.0307	1.8045	418.3200	55.0000	739536.529154
77.2707	-5.0307	1.8045	426.8600	55.0000	739536.529154
77.3870	-5.0307	1.8045	435.4000	55.0000	739536.529154
77.4875	-5.0307	1.8045	442.7200	55.0000	739536.529154
77.6037	-5.0358	1.8442	442.7200	55.0000	739536.529154
77.7038	-5.0522	1.8664	442.7200	55.0000	739536.529154
77.8209	-5.0753	1.8852	442.7200	55.0000	739536.529154
77.9369	-5.1025	1.9073	442.7200	55.0000	739536.529154
78.0372	-5.1237	1.9817	442.7200	55.0000	739536.529154
78.1538	-5.1414	2.1206	442.7200	55.0000	739536.529154
78.2539	-5.1566	2.2396	442.7200	55.0000	739536.529154
78.3704	-5.1592	2.2595	448.8200	55.0000	739536.529154
78.4871	-5.1592	2.2595	457.3600	55.0000	739536.529154
78.6037	-5.1592	2.2595	465.9000	55.0000	739536.529154
78.7204	-5.1592	2.2595	474.4400	55.0000	739536.529154
78.8370	-5.1592	2.2595	482.9800	55.0000	739536.529154
78.9536	-5.1592	2.2595	491.5200	55.0000	739536.529154
79.0706	-5.1592	2.2595	500.0600	55.0000	739536.529154
79.1870	-5.1592	2.2595	508.6000	55.0000	739536.529154
79.3038	-5.1592	2.2595	517.1400	55.0000	739536.529154
79.4204	-5.1592	2.2595	525.6800	55.0000	739536.529154
79.5373	-5.1592	2.2595	534.2200	55.0000	739536.529154
79.6537	-5.1592	2.2595	542.7600	55.0000	739536.529154
79.7704	-5.1592	2.2595	542.7600	55.0000	739536.529154
79.8872	-5.1592	2.2595	542.7600	55.0000	739536.529154
80.0039	-5.1991	2.2614	542.7600	55.0000	739536.529154
80.1040	-5.3190	2.2672	542.7600	55.0000	739536.529154
80.2204	-5.4588	2.2739	542.7600	55.0000	739536.529154
80.3372	-5.5987	2.2806	542.7600	55.0000	739536.529154
80.4538	-5.7385	2.2874	542.7600	55.0000	739536.529154
80.5705	-5.8584	2.2936	542.7600	55.0000	739536.529154
80.6870	-5.8584	2.2941	546.4200	55.0000	739536.529154
80.8038	-5.8584	2.2941	554.9600	55.0000	739536.529154
80.9202	-5.8584	2.2941	563.5000	55.0000	739536.529154
81.0204	-5.8584	2.2941	570.8200	55.0000	739536.529154
81.1371	-5.8584	2.2941	579.3600	55.0000	739536.529154
81.2535	-5.8584	2.2941	583.0200	55.0000	739536.529154
81.3704	-5.8291	2.2668	583.0200	55.0000	739536.529154
81.4869	-5.7268	2.1713	583.0200	55.0000	739536.529154
81.5871	-5.6390	2.0895	583.0200	55.0000	739536.529154
81.7038	-5.6390	2.0895	583.0200	55.0000	739536.529154
81.8039	-5.6390	2.0895	583.0200	55.0000	739536.529154
81.9203	-5.5367	1.9939	583.0200	55.0000	739536.529154
82.0372	-5.4343	1.8984	583.0200	55.0000	739536.529154
82.1538	-5.3320	1.8029	583.0200	55.0000	739536.529154
82.2704	-5.2296	1.7074	583.0200	55.0000	739536.529154
82.3707	-5.1419	1.6255	583.0200	55.0000	739536.529154
82.4871	-5.0395	1.5300	583.0200	55.0000	739536.529154
82.5877	-4.9518	1.4481	583.0200	55.0000	739536.529154
82.7038	-4.8494	1.3526	583.0200	55.0000	739536.529154
82.8048	-4.7617	1.2707	583.0200	55.0000	739536.529154
82.9204	-4.6593	1.1752	583.0200	55.0000	739536.529154
83.0372	-4.5570	1.0797	583.0200	55.0000	739536.529154
83.1537	-4.4546	0.9842	583.0200	55.0000	739536.529154
83.2539	-4.3669	0.9023	583.0200	55.0000	739536.529154
83.3704	-4.2642	0.8071	581.8000	55.0000	739536.529154
83.4705	-4.2642	0.8071	574.4800	55.0000	739536.529154
83.5872	-4.2642	0.8071	565.9400	55.0000	739536.529154
83.7039	-4.2642	0.8071	557.4000	55.0000	739536.529154
83.8039	-4.2446	0.8036	550.0800	55.0000	739536.529154
83.9205	-4.1059	0.7846	547.6400	55.0000	739536.529154
84.0206	-3.9869	0.7686	547.6400	55.0000	739536.529154
84.1370	-3.8482	0.7500	547.6400	55.0000	739536.529154
84.2374	-3.7292	0.7341	547.6400	55.0000	739536.529154
84.3539	-3.5905	0.7155	547.6400	55.0000	739536.529154
84.4705	-3.4517	0.6969	547.6400	55.0000	739536.529154
84.5871	-3.3130	0.6782	547.6400	55.0000	739536.529154
84.7036	-3.1742	0.6596	547.6400	55.0000	739536.529154
84.8040	-3.0553	0.6437	547.6400	55.0000	739536.529154
84.9202	-2.9165	0.6251	547.6400	55.0000	739536.529154
85.0203	-2.7976	0.6091	547.6400	55.0000	739536.529154
85.1369	-2.6588	0.5905	547.6400	55.0000	739536.529154
85.2372	-2.5399	0.5745	547.6400	55.0000	739536.529154
85.3376	-2.4210	0.5586	547.6400	55.0000	739536.529154
85.4538	-2.2822	0.5400	547.6400	55.0000	739536.529154
85.5706	-2.1434	0.5214	547.6400	55.0000	739536.529154
85.6870	-2.0047	0.5027	547.6400	55.0000	739536.529154
85.8039	-1.8659	0.4841	547.6400	55.0000	739536.529154
85.9205	-1.7272	0.4655	547.6400	55.0000	739536.529154
86.0370	-1.6082	0.4496	547.6400	55.0000	739536.529154
86.1538	-1.6082	0.4496	543.9800	55.0000	739536.529154
86.2713	-1.6082	0.4496	535.4400	55.0000	739536.529154
86.3869	-1.6082	0.4496	526.9000	55.0000	739536.529154
86.4870	-1.6082	0.4496	519.5800	55.0000	739536.529154
86.6039	-1.6082	0.4496	511.0400	55.0000	739536.529154
86.7043	-1.6082	0.4496	503.7200	55.0000	739536.529154
86.8204	-1.6082	0.4496	495.1800	55.0000	739536.529154
86.9206	-1.6082	0.4496	492.7400	55.0000	739536.529154
87.0208	-1.6082	0.4496	492.7400	55.0000	739536.529154
87.1370	-1.5268	0.5377	492.7400	55.0000	739536.529154
87.2542	-1.4318	0.6405	492.7400	55.0000	739536.529154
87.3705	-1.3368	0.7433	492.7400	55.0000	739536.529154
87.4706	-1.2553	0.8315	492.7400	55.0000	739536.529154
87.5872	-1.1603	0.9343	492.7400	55.0000	739536.529154
87.7039	-1.0653	1.0371	492.7400	55.0000	739536.529154
87.8206	-0.9703	1.1399	492.7400	55.0000	739536.529154
87.9371	-0.8753	1.2428	492.7400	55.0000	739536.529154
88.0372	-0.8617	1.2575	491.5200	55.0000	739536.529154
88.1539	-0.8617	1.2575	482.9800	55.0000	739536.529154
88.2704	-0.8617	1.2575	474.4400	55.0000	739536.529154
88.3708	-0.8617	1.2575	467.1200	55.0000	739536.529154
88.4871	-0.8617	1.2575	458.5800	55.0000	739536.529154
88.6041	-0.8617	1.2575	450.0400	55.0000	739536.529154
88.7205	-0.8617	1.2575	441.5000	55.0000	739536.529154
88.8372	-0.8617	1.2575	432.9600	55.0000	739536.529154
88.9539	-0.8617	1.2575	424.4200	55.0000	739536.529154
89.0704	-0.8617	1.2575	420.7600	55.0000	739536.529154
89.1871	-0.8617	1.2575	420.7600	55.0000	739536.529154
89.3037	-0.8812	1.2924	420.7600	55.0000	739536.529154
89.4204	-0.9496	1.4145	420.7600	55.0000	739536.529154
89.5374	-1.0180	1.5367	420.7600	55.0000	739536.529154
89.6539	-1.0864	1.6588	420.7600	55.0000	739536.529154
89.7703	-1.1548	1.7810	420.7600	55.0000	739536.529154
89.8705	-1.2134	1.8857	420.7600	55.0000	739536.529154
89.9870	-1.2818	2.0079	420.7600	55.0000	739536.529154
90.0874	-1.3404	2.1126	420.7600	55.0000	739536.529154
90.2037	-1.4088	2.2347	420.7600	55.0000	739536.529154
90.3206	-1.4772	2.3569	420.7600	55.0000	739536.529154
90.4371	-1.5455	2.4791	420.7600	55.0000	739536.529154
90.5538	-1.6139	2.6012	420.7600	55.0000	739536.529154
90.6705	-1.6237	2.6187	425.6400	55.0000	739536.529154
90.7706	-1.6237	2.6187	432.9600	55.0000	739536.529154
90.8872	-1.6237	2.6187	441.5000	55.0000	739536.529154
90.9873	-1.6237	2.6187	448.8200	55.0000	739536.529154
91.1037	-1.6237	2.6187	457.3600	55.0000	739536.529154
91.2038	-1.6237	2.6187	464.6800	55.0000	739536.529154
91.3039	-1.6237	2.6187	472.0000	55.0000	739536.529154
91.4206	-1.6237	2.6187	480.5400	55.0000	739536.529154
91.5371	-1.6237	2.6187	489.0800	55.0000	739536.529154
91.6537	-1.6237	2.6187	497.6200	55.0000	739536.529154
91.7539	-1.6237	2.6187	504.9400	55.0000	739536.529154
91.8704	-1.6066	2.6291	508.6000	55.0000	739536.529154
91.9706	-1.5042	2.6916	508.6000	55.0000	739536.529154
92.0871	-1.3847	2.7646	508.6000	55.0000	739536.529154
92.2039	-1.2652	2.8375	508.6000	55.0000	739536.529154
92.3205	-1.1457	2.9104	508.6000	55.0000	739536.529154
92.4207	-1.1327	2.9399	508.6000	55.0000	739536.529154
92.5372	-1.1327	2.9399	508.6000	55.0000	739536.529154
92.6375	-1.1327	2.9399	502.5000	55.0000	739536.529154
92.7377	-1.1327	2.9399	495.1800	55.0000	739536.529154
92.8541	-1.1327	2.9399	486.6400	55.0000	739536.529154
92.9704	-1.1327	2.9399	478.1000	55.0000	739536.529154
93.0872	-1.1327	2.9399	469.5600	55.0000	739536.529154
93.2039	-1.1327	2.9399	461.0200	55.0000	739536.529154
93.3203	-1.1327	2.9399	452.4800	55.0000	739536.529154
93.4205	-1.1327	2.9399	445.1600	55.0000	739536.529154
93.5371	-1.1327	2.9399	436.6200	55.0000	739536.529154
93.6537	-1.1327	2.9399	428.0800	55.0000	739536.529154
93.7538	-1.1327	2.9399	420.7600	55.0000	739536.529154
93.8705	-1.1327	2.9399	412.2200	55.0000	739536.529154
93.9870	-1.1327	2.9399	403.6800	55.0000	739536.529154
94.1041	-1.1327	2.9399	396.3600	55.0000	739536.529154
94.2203	-1.1327	2.9399	396.3600	55.0000	739536.529154
94.3381	-1.1327	2.9399	396.3600	55.0000	739536.529154
94.4537	-1.1971	2.9873	396.3600	55.0000	739536.529154
94.5705	-1.3098	3.0703	396.3600	55.0000	739536.529154
94.6871	-1.4226	3.1533	396.3600	55.0000	739536.529154
94.8040	-1.5353	3.2363	396.3600	55.0000	739536.529154
94.9056	-1.6319	3.3075	396.3600	55.0000	739536.529154
95.0204	-1.6805	3.3427	390.2600	55.0000	739536.529154
95.1206	-1.6805	3.3427	382.9400	55.0000	739536.529154
95.2373	-1.6805	3.3427	374.4000	55.0000	739536.529154
95.3540	-1.6805	3.3427	365.8600	55.0000	739536.529154
95.4706	-1.6805	3.3427	357.3200	55.0000	739536.529154
95.5873	-1.6805	3.3427	348.7800	55.0000	739536.529154
95.7039	-1.6805	3.3427	346.3400	55.0000	739536.529154
95.8202	-1.7777	3.3191	346.3400	55.0000	739536.529154
95.9205	-1.8943	3.2907	346.3400	55.0000	739536.529154
96.0372	-2.0303	3.2577	346.3400	55.0000	739536.529154
96.1537	-2.0692	3.2482	342.6800	55.0000	739536.529154
96.2538	-2.0692	3.2482	335.3600	55.0000	739536.529154
96.3705	-2.0692	3.2482	326.8200	55.0000	739536.529154
96.4870	-2.0692	3.2482	318.2800	55.0000	739536.529154
96.6036	-2.0692	3.2482	309.7400	55.0000	739536.529154
96.7204	-2.0692	3.2482	301.2000	55.0000	739536.529154
96.8206	-2.0899	3.2140	301.2000	55.0000	739536.529154
96.9371	-2.1624	3.0943	301.2000	55.0000	739536.529154
97.0540	-2.2350	2.9745	301.2000	55.0000	739536.529154
97.1703	-2.3075	2.8548	301.2000	55.0000	739536.529154
97.2704	-2.3697	2.7521	301.2000	55.0000	739536.529154
97.3869	-2.4422	2.6324	301.2000	55.0000	739536.529154
97.4872	-2.5006	2.5276	296.3200	55.0000	739536.529154
97.6037	-2.5518	2.3974	287.7800	55.0000	739536.529154
97.7204	-2.5830	2.2611	279.2400	55.0000	739536.529154
97.8206	-2.5862	2.2414	279.2400	55.0000	739536.529154
97.9371	-2.5862	2.2414	279.2400	55.0000	739536.529154
98.0372	-2.5862	2.2414	273.1400	55.0000	739536.529154
98.1538	-2.5862	2.2414	264.6000	55.0000	739536.529154
98.2704	-2.5862	2.2414	256.0600	55.0000	739536.529154
98.3708	-2.5862	2.2414	248.7400	55.0000	739536.529154
98.4871	-2.5862	2.2414	247.5200	55.0000	739536.529154
98.6037	-2.5862	2.2414	249.9600	55.0000	739536.529154
98.7039	-2.5862	2.2414	257.2800	55.0000	739536.529154
98.8203	-2.5704	2.1426	260.9400	55.0000	739536.529154
98.9204	-2.5516	2.0241	260.9400	55.0000	739536.529154
99.0371	-2.5295	1.8858	260.9400	55.0000	739536.529154
99.1541	-2.5075	1.7476	260.9400	55.0000	739536.529154
99.2707	-2.4854	1.6093	260.9400	55.0000	739536.529154
99.3871	-2.4634	1.4711	260.9400	55.0000	739536.529154
99.5039	-2.4413	1.3328	260.9400	55.0000	739536.529154
99.6205	-2.4193	1.1946	260.9400	55.0000	739536.529154
99.7371	-2.3968	1.0564	259.7200	55.0000	739536.529154
99.8537	-2.3968	1.0564	251.1800	55.0000	739536.529154
99.9538	-2.3968	1.0564	243.8600	55.0000	739536.529154
100.0718	-2.3968	1.0564	235.3200	55.0000	739536.529154
100.1870	-2.3968	1.0564	234.1000	55.0000	739536.529154
100.3041	-2.3264	0.9592	234.1000	55.0000	739536.529154
100.4205	-2.2444	0.8458	234.1000	55.0000	739536.529154
100.5206	-2.2444	0.8458	226.7800	55.0000	739536.529154
100.6373	-2.2444	0.8458	218.2400	55.0000	739536.529154
100.7539	-2.2444	0.8458	209.7000	55.0000	739536.529154
100.8704	-2.2444	0.8458	201.1600	55.0000	739536.529154
100.9705	-2.2444	0.8458	193.8400	55.0000	739536.529154
101.0870	-2.2444	0.8458	187.7400	55.0000	739536.529154
101.1871	-2.2444	0.8458	187.7400	55.0000	739536.529154
101.2873	-2.2444	0.8458	186.5200	55.0000	739536.529154
101.4037	-2.2444	0.8458	177.9800	55.0000	739536.529154
101.5040	-2.2444	0.8458	170.6600	55.0000	739536.529154
101.6204	-2.2444	0.8458	162.1200	55.0000	739536.529154
101.7373	-2.2444	0.8458	162.1200	55.0000	739536.529154
101.8377	-2.2253	0.8519	162.1200	55.0000	739536.529154
101.9537	-2.0921	0.8949	162.1200	55.0000	739536.529154
102.0539	-2.0888	0.8977	162.1200	55.0000	739536.529154
102.1706	-2.0890	0.9007	162.1200	55.0000	739536.529154
102.2872	-2.0898	0.9044	162.1200	55.0000	739536.529154
102.4038	-2.1000	0.9035	162.1200	55.0000	739536.529154
102.5203	-2.1000	0.9035	162.1200	55.0000	739536.529154
102.6204	-2.1000	0.9035	162.1200	55.0000	739536.529154
102.7205	-2.1190	0.8974	162.1200	55.0000	739536.529154
102.8210	-2.2332	0.8605	162.1200	55.0000	739536.529154
102.9371	-2.3665	0.8175	162.1200	55.0000	739536.529154
103.0538	-2.4426	0.7930	162.1200	55.0000	739536.529154
103.1539	-2.4426	0.7930	165.7800	55.0000	739536.529154
103.2705	-2.4426	0.7930	174.3200	55.0000	739536.529154
103.3710	-2.4426	0.7930	181.6400	55.0000	739536.529154
103.4871	-2.4426	0.7930	190.1800	55.0000	739536.529154
103.5872	-2.4426	0.7930	197.5000	55.0000	739536.529154
103.7039	-2.4426	0.7930	197.5000	55.0000	739536.529154
103.8204	-2.4426	0.7930	197.5000	55.0000	739536.529154
103.9205	-2.3854	0.7749	197.5000	55.0000	739536.529154
104.0371	-2.2519	0.7328	197.5000	55.0000	739536.529154
104.1538	-2.1183	0.6907	197.5000	55.0000	739536.529154
104.2705	-1.9848	0.6486	197.5000	55.0000	739536.529154
104.3870	-1.8513	0.6065	197.5000	55.0000	739536.529154
104.5038	-1.7178	0.5644	197.5000	55.0000	739536.529154
104.6204	-1.5843	0.5223	197.5000	55.0000	739536.529154
104.7372	-1.4698	0.4862	197.5000	55.0000	739536.529154
104.8538	-1.4698	0.4862	195.0600	55.0000	739536.529154
104.9706	-1.4698	0.4862	186.5200	55.0000	739536.529154
105.0871	-1.4698	0.4862	177.9800	55.0000	739536.529154
105.1873	-1.4698	0.4862	170.6600	55.0000	739536.529154
105.3038	-1.4698	0.4862	162.1200	55.0000	739536.529154
105.4204	-1.4698	0.4862	153.5800	55.0000	739536.529154
105.5371	-1.4698	0.4862	145.0400	55.0000	739536.529154
105.6538	-1.4698	0.4862	136.5000	55.0000	739536.529154
105.7705	-1.4698	0.4862	132.8400	55.0000	739536.529154
105.8872	-1.4698	0.4862	132.8400	55.0000	739536.529154
106.0050	-1.4018	0.5596	132.8400	55.0000	739536.529154
106.1203	-1.3066	0.6622	132.8400	55.0000	739536.529154
106.2205	-1.2250	0.7502	132.8400	55.0000	739536.529154
106.3207	-1.1434	0.8382	132.8400	55.0000	739536.529154
106.4371	-1.0482	0.9409	132.8400	55.0000	739536.529154
106.5537	-0.9531	1.0435	132.8400	55.0000	739536.529154
106.6539	-0.9531	1.0435	132.8400	55.0000	739536.529154
106.7706	-0.9531	1.0435	129.1800	55.0000	739536.529154
106.8870	-0.9531	1.0435	120.6400	55.0000	739536.529154
106.9871	-0.9531	1.0435	113.3200	55.0000	739536.529154
107.1036	-0.9531	1.0435	104.7800	55.0000	739536.529154
107.2040	-0.9531	1.0435	97.4600	55.0000	739536.529154
107.3204	-0.9531	1.0435	88.9200	55.0000	739536.529154
107.4370	-0.9531	1.0435	80.3800	55.0000	739536.529154
107.5375	-0.9531	1.0435	73.0600	55.0000	739536.529154
107.6537	-0.9531	1.0435	64.5200	55.0000	739536.529154
107.7704	-0.9628	1.0610	60.8600	55.0000	739536.529154
107.8870	-1.0310	1.1833	60.8600	55.0000	739536.529154
108.0036	-1.0991	1.3056	60.8600	55.0000	739536.529154
108.1039	-1.1576	1.4104	60.8600	55.0000	739536.529154
108.2203	-1.2257	1.5326	60.8600	55.0000	739536.529154
108.3204	-1.2842	1.6375	60.8600	55.0000	739536.529154
108.4372	-1.3134	1.6899	63.3000	55.0000	739536.529154
108.5374	-1.3134	1.6899	70.6200	55.0000	739536.529154
108.6538	-1.3296	1.7476	74.2800	55.0000	739536.529154
108.7706	-1.3676	1.8824	74.2800	55.0000	739536.529154
108.8872	-1.4055	2.0171	74.2800	55.0000	739536.529154
109.0038	-1.4434	2.1519	74.2800	55.0000	739536.529154
109.1205	-1.4814	2.2867	74.2800	55.0000	739536.529154
109.2372	-1.5193	2.4214	74.2800	55.0000	739536.529154
109.3538	-1.5572	2.5562	74.2800	55.0000	739536.529154
109.4706	-1.5952	2.6910	74.2800	55.0000	739536.529154
109.5707	-1.6277	2.8065	74.2800	55.0000	739536.529154
109.6872	-1.6656	2.9412	74.2800	55.0000	739536.529154
109.8038	-1.7048	3.0756	71.8400	55.0000	739536.529154
109.9042	-1.7048	3.0756	64.5200	55.0000	739536.529154
110.0205	-1.7048	3.0756	64.5200	55.0000	739536.529154
110.1206	-1.7048	3.0756	71.8400	55.0000	739536.529154
110.2370	-1.7048	3.0756	80.3800	55.0000	739536.529154
110.3373	-1.7048	3.0756	87.7000	55.0000	739536.529154
110.4537	-1.7048	3.0756	96.2400	55.0000	739536.529154
110.5706	-1.7048	3.0756	104.7800	55.0000	739536.529154
110.6871	-1.7048	3.0756	113.3200	55.0000	739536.529154
110.7877	-1.7048	3.0756	120.6400	55.0000	739536.529154
110.9036	-1.7048	3.0756	129.1800	55.0000	739536.529154
111.0038	-1.7048	3.0756	136.5000	55.0000	739536.529154
111.1205	-1.7048	3.0756	145.0400	55.0000	739536.529154
111.2369	-1.7048	3.0756	153.5800	55.0000	739536.529154
111.3370	-1.7048	3.0756	160.9000	55.0000	739536.529154
111.4545	-1.7048	3.0756	169.4400	55.0000	739536.529154
111.5705	-1.7048	3.0756	177.9800	55.0000	739536.529154
111.6870	-1.7048	3.0756	180.4200	55.0000	739536.529154
111.7873	-1.6248	3.0750	180.4200	55.0000	739536.529154
111.9036	-1.4848	3.0740	180.4200	55.0000	739536.529154
112.0037	-1.3648	3.0731	180.4200	55.0000	739536.529154
112.1206	-1.2248	3.0721	180.4200	55.0000	739536.529154
112.2370	-1.1089	3.0740	180.4200	55.0000	739536.529154
112.3541	-1.1113	3.0900	180.4200	55.0000	739536.529154
112.4705	-1.0875	3.1067	180.4200	55.0000	739536.529154
112.5872	-1.0369	3.1232	180.4200	55.0000	739536.529154
112.6873	-1.0369	3.1232	180.4200	55.0000	739536.529154
112.8040	-1.0369	3.1232	180.4200	55.0000	739536.529154
112.9047	-1.0369	3.1232	180.4200	55.0000	739536.529154
113.0204	-0.9583	3.1272	180.4200	55.0000	739536.529154
113.1206	-0.8383	3.1264	180.4200	55.0000	739536.529154
113.2375	-0.6983	3.1253	180.4200	55.0000	739536.529154
113.3539	-0.6383	3.1249	184.0800	55.0000	739536.529154
113.4540	-0.6383	3.1249	191.4000	55.0000	739536.529154
113.5704	-0.6383	3.1249	199.9400	55.0000	739536.529154
113.6706	-0.6383	3.1249	207.2600	55.0000	739536.529154
113.7872	-0.6383	3.1249	215.8000	55.0000	739536.529154
113.9040	-0.6383	3.1249	224.3400	55.0000	739536.529154
114.0204	-0.6383	3.1249	232.8800	55.0000	739536.529154
114.1205	-0.6383	3.1249	240.2000	55.0000	739536.529154
114.2215	-0.6383	3.1249	242.6400	55.0000	739536.529154
114.3373	-0.6291	3.1071	242.6400	55.0000	739536.529154
114.4538	-0.5648	2.9828	242.6400	55.0000	739536.529154
114.5539	-0.5096	2.8762	242.6400	55.0000	739536.529154
114.6544	-0.4732	2.8050	246.3000	55.0000	739536.529154
114.7705	-0.4732	2.8050	254.8400	55.0000	739536.529154
114.8708	-0.4705	2.7852	262.1600	55.0000	739536.529154
114.9871	-0.4514	2.6465	262.1600	55.0000	739536.529154
115.0874	-0.4350	2.5276	262.1600	55.0000	739536.529154
115.2038	-0.4159	2.3889	262.1600	55.0000	739536.529154
115.3206	-0.3968	2.2502	262.1600	55.0000	739536.529154
115.4373	-0.3777	2.1115	262.1600	55.0000	739536.529154
115.5538	-0.3586	1.9728	262.1600	55.0000	739536.529154
115.6540	-0.3423	1.8539	262.1600	55.0000	739536.529154
115.7705	-0.3232	1.7153	262.1600	55.0000	739536.529154
115.8870	-0.3041	1.5766	262.1600	55.0000	739536.529154
115.9872	-0.2877	1.4577	262.1600	55.0000	739536.529154
116.1037	-0.2686	1.3190	262.1600	55.0000	739536.529154
116.2039	-0.2522	1.2001	262.1600	55.0000	739536.529154
116.3207	-0.2332	1.0614	262.1600	55.0000	739536.529154
116.4370	-0.2141	0.9227	262.1600	55.0000	739536.529154
116.5372	-0.2059	0.8633	262.1600	55.0000	739536.529154
116.6537	-0.2059	0.8633	265.8200	55.0000	739536.529154
116.7539	-0.2059	0.8633	273.1400	55.0000	739536.529154
116.8705	-0.2059	0.8633	281.6800	55.0000	739536.529154
116.9869	-0.2059	0.8633	290.2200	55.0000	739536.529154
117.0896	-0.2059	0.8633	297.5400	55.0000	739536.529154
117.2037	-0.2059	0.8633	306.0800	55.0000	739536.529154
117.3038	-0.2059	0.8633	313.4000	55.0000	739536.529154
117.4204	-0.2059	0.8633	321.9400	55.0000	739536.529154
117.5373	-0.2059	0.8633	330.4800	55.0000	739536.529154
117.6536	-0.2059	0.8633	339.0200	55.0000	739536.529154
117.7704	-0.2059	0.8633	345.1200	55.0000	739536.529154
117.8872	-0.2059	0.8633	345.1200	55.0000	739536.529154
118.0040	-0.2059	0.8633	351.2200	55.0000	739536.529154
118.1206	-0.2059	0.8633	359.7600	55.0000	739536.529154
118.2372	-0.2059	0.8633	368.3000	55.0000	739536.529154
118.3373	-0.2850	0.8748	368.3000	55.0000	739536.529154
118.4538	-0.4236	0.8951	368.3000	55.0000	739536.529154
118.5545	-0.5423	0.9124	368.3000	55.0000	739536.529154
118.6705	-0.6808	0.9326	368.3000	55.0000	739536.529154
118.7871	-0.8194	0.9528	368.3000	55.0000	739536.529154
118.9037	-0.9579	0.9730	368.3000	55.0000	739536.529154
119.0038	-0.9777	0.9759	367.0800	55.0000	739536.529154
119.1204	-0.9777	0.9759	358.5400	55.0000	739536.529154
119.2206	-0.9777	0.9759	351.2200	55.0000	739536.529154
119.3372	-1.0565	0.9620	350.0000	55.0000	739536.529154
119.4539	-1.1944	0.9377	350.0000	55.0000	739536.529154
119.5540	-1.3125	0.9169	350.0000	55.0000	739536.529154
119.6705	-1.4504	0.8925	350.0000	55.0000	739536.529154
119.7706	-1.5686	0.8717	350.0000	55.0000	739536.529154
119.8872	-1.7065	0.8474	350.0000	55.0000	739536.529154
120.0039	-1.8443	0.8231	350.0000	55.0000	739536.529154
120.1206	-1.9822	0.7988	350.0000	55.0000	739536.529154
120.2209	-2.0611	0.7853	353.6600	55.0000	739536.529154
120.3369	-2.0611	0.7853	362.2000	55.0000	739536.529154
120.4372	-2.0611	0.7853	369.5200	55.0000	739536.529154
120.5538	-2.0611	0.7853	378.0600	55.0000	739536.529154
120.6707	-2.0611	0.7853	386.6000	55.0000	739536.529154
120.7874	-2.0611	0.7853	395.1400	55.0000	739536.529154
120.9038	-2.0611	0.7853	403.6800	55.0000	739536.529154
121.0207	-2.0611	0.7853	406.1200	55.0000	739536.529154
121.1372	-2.0611	0.7853	406.1200	55.0000	739536.529154
121.2538	-2.0611	0.7853	406.1200	55.0000	739536.529154
121.3705	-2.0611	0.7853	406.1200	55.0000	739536.529154
121.4871	-2.1442	0.8718	406.1200	55.0000	739536.529154
121.6039	-2.1442	0.8718	406.1200	55.0000	739536.529154
121.7203	-2.1442	0.8718	397.5800	55.0000	739536.529154
121.8204	-2.1442	0.8718	390.2600	55.0000	739536.529154
121.9372	-2.1442	0.8718	384.1600	55.0000	739536.529154
122.0373	-2.1807	0.8882	384.1600	55.0000	739536.529154
122.1377	-2.2902	0.9373	384.1600	55.0000	739536.529154
122.2541	-2.4180	0.9946	384.1600	55.0000	739536.529154
122.3706	-2.5457	1.0519	384.1600	55.0000	739536.529154
122.4708	-2.6552	1.1010	384.1600	55.0000	739536.529154
122.5872	-2.7829	1.1583	384.1600	55.0000	739536.529154
122.7040	-2.9107	1.2156	384.1600	55.0000	739536.529154
122.8205	-2.9289	1.2238	390.2600	55.0000	739536.529154
122.9372	-2.9289	1.2238	398.8000	55.0000	739536.529154
123.0374	-2.9289	1.2238	400.0200	55.0000	739536.529154
123.1546	-2.9289	1.2238	400.0200	55.0000	739536.529154
123.2705	-2.9902	1.2752	400.0200	55.0000	739536.529154
123.3871	-3.0668	1.3395	401.2400	55.0000	739536.529154
123.4873	-3.0668	1.3395	408.5600	55.0000	739536.529154
123.6040	-3.0668	1.3395	417.1000	55.0000	739536.529154
123.7203	-3.0668	1.3395	425.6400	55.0000	739536.529154
123.8204	-3.0801	1.3772	430.5200	55.0000	739536.529154
123.9205	-3.1201	1.4904	430.5200	55.0000	739536.529154
124.0206	-3.1601	1.6035	430.5200	55.0000	739536.529154
124.1372	-3.2068	1.7355	430.5200	55.0000	739536.529154
124.2539	-3.2535	1.8675	430.5200	55.0000	739536.529154
124.3703	-3.3002	1.9995	430.5200	55.0000	739536.529154
124.4871	-3.3469	2.1314	430.5200	55.0000	739536.529154
124.6037	-3.3936	2.2634	430.5200	55.0000	739536.529154
124.7040	-3.4336	2.3766	430.5200	55.0000	739536.529154
124.8205	-3.4803	2.5086	430.5200	55.0000	739536.529154
124.9372	-3.5270	2.6405	430.5200	55.0000	739536.529154
125.0538	-3.5736	2.7725	430.5200	55.0000	739536.529154
125.1707	-3.6203	2.9045	430.5200	55.0000	739536.529154
125.2709	-3.6603	3.0176	430.5200	55.0000	739536.529154
125.3872	-3.7094	3.1487	426.8600	55.0000	739536.529154
125.5041	-3.7177	3.1669	418.3200	55.0000	739536.529154
125.6204	-3.7177	3.1669	409.7800	55.0000	739536.529154
125.7373	-3.7177	3.1669	401.2400	55.0000	739536.529154
125.8537	-3.7177	3.1669	392.7000	55.0000	739536.529154
125.9711	-3.7177	3.1669	384.1600	55.0000	739536.529154
126.0872	-3.7177	3.1669	375.6200	55.0000	739536.529154
126.1883	-3.7177	3.1669	371.9600	55.0000	739536.529154
126.3038	-3.7959	3.1835	371.9600	55.0000	739536.529154
126.4206	-3.9329	3.2125	371.9600	55.0000	739536.529154
126.5373	-4.0699	3.2415	371.9600	55.0000	739536.529154
126.6539	-4.2068	3.2705	371.9600	55.0000	739536.529154
126.7706	-4.3438	3.2996	371.9600	55.0000	739536.529154
126.8870	-4.4807	3.3286	371.9600	55.0000	739536.529154
126.9873	-4.5981	3.3534	371.9600	55.0000	739536.529154
127.1038	-4.7351	3.3825	371.9600	55.0000	739536.529154
127.2204	-4.8133	3.3994	376.8400	55.0000	739536.529154
127.3370	-4.8133	3.3994	385.3800	55.0000	739536.529154
127.4538	-4.8133	3.3994	393.9200	55.0000	739536.529154
127.5706	-4.8133	3.3994	402.4600	55.0000	739536.529154
127.6870	-4.8133	3.3994	411.0000	55.0000	739536.529154
127.8038	-4.8133	3.3994	419.5400	55.0000	739536.529154
127.9204	-4.8133	3.3994	428.0800	55.0000	739536.529154
128.0205	-4.8133	3.3994	435.4000	55.0000	739536.529154
128.1208	-4.8133	3.3994	442.7200	55.0000	739536.529154
128.2371	-4.8133	3.3994	451.2600	55.0000	739536.529154
128.3540	-4.8133	3.3994	459.8000	55.0000	739536.529154
128.4705	-4.8133	3.3994	468.3400	55.0000	739536.529154
128.5873	-4.8133	3.3994	476.8800	55.0000	739536.529154
128.7038	-4.8133	3.3994	485.4200	55.0000	739536.529154
128.8208	-4.8133	3.3994	493.9600	55.0000	739536.529154
128.9226	-4.8133	3.3994	496.4000	55.0000	739536.529154
129.0371	-4.8133	3.3994	496.4000	55.0000	739536.529154
129.1537	-4.7988	3.4132	496.4000	55.0000	739536.529154
129.2539	-4.7119	3.4960	496.4000	55.0000	739536.529154
129.3703	-4.6974	3.5098	496.4000	55.0000	739536.529154
129.4707	-4.6974	3.5098	503.7200	55.0000	739536.529154
129.5872	-4.6974	3.5098	512.2600	55.0000	739536.529154
129.7040	-4.6974	3.5098	520.8000	55.0000	739536.529154
129.8221	-4.6974	3.5098	525.6800	55.0000	739536.529154
129.9370	-4.6974	3.5098	525.6800	55.0000	739536.529154
130.0538	-4.6974	3.5098	519.5800	55.0000	739536.529154
130.1538	-4.6974	3.5098	512.2600	55.0000	739536.529154
130.2539	-4.6974	3.5098	506.1600	55.0000	739536.529154
130.3703	-4.6808	3.5209	506.1600	55.0000	739536.529154
130.4705	-4.5811	3.5877	506.1600	55.0000	739536.529154
130.5869	-4.4648	3.6657	506.1600	55.0000	739536.529154
130.6870	-4.3652	3.7325	506.1600	55.0000	739536.529154
130.7873	-4.2655	3.7994	506.1600	55.0000	739536.529154
130.9040	-4.1492	3.8773	506.1600	55.0000	739536.529154
131.0206	-4.0329	3.9553	506.1600	55.0000	739536.529154
131.1370	-3.9166	4.0332	506.1600	55.0000	739536.529154
131.2374	-3.8170	4.1001	506.1600	55.0000	739536.529154
131.3538	-3.7007	4.1780	506.1600	55.0000	739536.529154
131.4539	-3.6495	4.2093	513.4800	55.0000	739536.529154
131.5705	-3.6495	4.2093	522.0200	55.0000	739536.529154
131.6871	-3.6302	4.2146	524.4600	55.0000	739536.529154
131.8038	-3.4953	4.2522	524.4600	55.0000	739536.529154
131.9205	-3.3604	4.2897	524.4600	55.0000	739536.529154
132.0370	-3.2256	4.3272	524.4600	55.0000	739536.529154
132.1371	-3.1099	4.3593	524.4600	55.0000	739536.529154
132.2372	-2.9943	4.3915	524.4600	55.0000	739536.529154
132.3538	-2.8595	4.4290	524.4600	55.0000	739536.529154
132.4539	-2.7438	4.4611	524.4600	55.0000	739536.529154
132.5703	-2.6090	4.4986	524.4600	55.0000	739536.529154
132.6712	-2.4933	4.5308	524.4600	55.0000	739536.529154
132.7870	-2.3585	4.5683	524.4600	55.0000	739536.529154
132.9038	-2.2236	4.6058	524.4600	55.0000	739536.529154
133.0039	-2.1080	4.6379	524.4600	55.0000	739536.529154
133.1205	-2.0310	4.6598	519.5800	55.0000	739536.529154
133.2371	-2.0310	4.6598	511.0400	55.0000	739536.529154
133.3538	-1.9969	4.6806	508.6000	55.0000	739536.529154
133.4538	-1.8944	4.7432	508.6000	55.0000	739536.529154
133.5705	-1.8603	4.7640	508.6000	55.0000	739536.529154
133.6870	-1.8603	4.7640	508.6000	55.0000	739536.529154
133.8039	-1.8603	4.7640	507.3800	55.0000	739536.529154
133.9206	-1.8603	4.7640	498.8400	55.0000	739536.529154
134.0209	-1.8603	4.7640	498.8400	55.0000	739536.529154
134.1221	-1.7700	4.8430	498.8400	55.0000	739536.529154
134.2373	-1.6645	4.9351	498.8400	55.0000	739536.529154
134.3539	-1.5591	5.0273	498.8400	55.0000	739536.529154
134.4547	-1.4688	5.1062	498.8400	55.0000	739536.529154
134.5705	-1.4688	5.1062	500.0600	55.0000	739536.529154
134.6705	-1.4688	5.1062	504.9400	55.0000	739536.529154
134.7872	-1.3869	5.1637	504.9400	55.0000	739536.529154
134.9039	-1.3378	5.1981	504.9400	55.0000	739536.529154
135.0207	-1.3051	5.2211	504.9400	55.0000	739536.529154
135.1372	-1.1905	5.3015	504.9400	55.0000	739536.529154
135.2397	-1.1741	5.3130	504.9400	55.0000	739536.529154
135.3538	-1.1741	5.3130	504.9400	55.0000	739536.529154
135.4705	-1.1741	5.3130	504.9400	55.0000	739536.529154
135.5874	-1.1578	5.3245	504.9400	55.0000	739536.529154
135.7038	-1.0432	5.4049	504.9400	55.0000	739536.529154
135.8206	-0.9286	5.4854	504.9400	55.0000	739536.529154
135.9369	-0.8140	5.5658	504.9400	55.0000	739536.529154
136.0370	-0.7157	5.6347	504.9400	55.0000	739536.529154
136.1375	-0.6175	5.7036	504.9400	55.0000	739536.529154
136.2538	-0.5029	5.7841	504.9400	55.0000	739536.529154
136.3707	-0.3883	5.8645	504.9400	55.0000	739536.529154
136.4871	-0.2737	5.9449	504.9400	55.0000	739536.529154
136.6045	-0.1591	6.0253	504.9400	55.0000	739536.529154
136.7203	-0.0445	6.1058	504.9400	55.0000	739536.529154
136.8205	0.0537	6.1747	504.9400	55.0000	739536.529154
0.1319	0.0000	0.0000	45.0000	55.0000	739566.677502
0.2320	0.0000	0.0000	45.0000	55.0000	739566.677502
0.3322	0.0000	0.0000	45.0000	55.0000	739566.677502
0.4488	0.0000	0.0000	45.0000	55.0000	739566.677502
0.5656	0.0000	0.0000	45.0000	55.0000	739566.677502
0.6656	0.0000	0.0000	45.0000	55.0000	739566.677502
0.7658	0.0000	0.0000	45.0000	55.0000	739566.677502
0.8659	0.0000	0.0000	45.0000	55.0000	739566.677502
0.9660	0.0000	0.0000	45.0000	55.0000	739566.677502
0.1303	0.0000	0.0000	45.0000	55.0000	739568.515793
0.2453	0.0000	0.0000	45.0000	55.0000	739568.515793
