0.1101	0.0000	0.0000	45.0000	55.0000	739302.780053
0.2301	0.0000	0.0000	45.0000	55.0000	739302.780053
0.3470	0.0000	0.0000	45.0000	55.0000	739302.780053
0.4632	0.0000	0.0000	45.0000	55.0000	739302.780053
0.5803	0.0000	0.0000	45.0000	55.0000	739302.780053
0.6972	0.0000	0.0000	45.0000	55.0000	739302.780053
0.8138	0.0000	0.0000	45.0000	55.0000	739302.780053
0.9304	0.0000	0.0000	45.0000	55.0000	739302.780053
1.0306	0.0000	0.0000	45.0000	55.0000	739302.780053
1.1471	0.0000	0.0000	45.0000	55.0000	739302.780053
1.2477	0.0000	0.0000	45.0000	55.0000	739302.780053
1.3639	0.0000	0.0000	45.0000	55.0000	739302.780053
1.4640	-0.2652	0.2652	45.0000	55.0000	739302.780053
1.5807	-0.6364	0.6364	45.0000	55.0000	739302.780053
1.6808	-0.7926	0.7982	57.0000	55.0000	739302.780053
1.7810	-0.7926	0.7982	75.0000	55.0000	739302.780053
1.8976	-0.7926	0.7982	96.0000	55.0000	739302.780053
1.9978	-0.7926	0.7982	96.0000	55.0000	739302.780053
2.1145	-0.8005	0.7236	96.0000	55.0000	739302.780053
2.2146	-0.8475	0.2761	96.0000	55.0000	739302.780053
2.3147	-0.8632	0.1269	90.0000	55.0000	739302.780053
2.4157	-0.8632	0.1269	72.0000	55.0000	739302.780053
2.5160	-0.8632	0.1269	54.0000	55.0000	739302.780053
2.6161	-0.8632	0.1269	36.0000	55.0000	739302.780053
2.7162	-0.8632	0.1269	18.0000	55.0000	739302.780053
2.8330	-0.8632	0.1269	-3.0000	55.0000	739302.780053
2.9331	-0.8632	0.1269	-6.0000	55.0000	739302.780053
3.0542	-0.8632	0.1269	-6.0000	55.0000	739302.780053
3.1666	-0.8632	0.1269	-6.0000	55.0000	739302.780053
3.2834	-1.1618	0.1504	9.0000	55.0000	739302.780053
3.3836	-1.5860	0.2965	24.0000	55.0000	739302.780053
3.5003	-2.0656	0.5100	24.0000	55.0000	739302.780053
3.6170	-2.4767	0.6930	24.0000	55.0000	739302.780053
3.7171	-2.4767	0.6930	30.0000	55.0000	739302.780053
3.8172	-2.4767	0.6930	48.0000	55.0000	739302.780053
3.9340	-2.4767	0.6930	69.0000	55.0000	739302.780053
4.0341	-2.4767	0.6930	81.0000	55.0000	739302.780053
4.1342	-2.4767	0.6930	81.0000	55.0000	739302.780053
4.2343	-2.4767	0.6930	81.0000	55.0000	739302.780053
4.3344	-2.4767	0.6930	81.0000	55.0000	739302.780053
4.4511	-2.4767	0.6930	81.0000	55.0000	739302.780053
4.5697	-2.4767	0.6930	99.0000	55.0000	739302.780053
4.6846	-2.4767	0.6930	120.0000	55.0000	739302.780053
4.7847	-2.4767	0.6930	138.0000	55.0000	739302.780053
4.9014	-2.4767	0.6930	153.0000	55.0000	739302.780053
5.0015	-2.4767	0.6930	153.0000	55.0000	739302.780053
5.1020	-2.4767	0.6930	153.0000	55.0000	739302.780053
5.2185	-2.4767	0.6930	153.0000	55.0000	739302.780053
5.3351	-2.4767	0.6930	153.0000	55.0000	739302.780053
5.4353	-2.4767	0.6930	144.0000	55.0000	739302.780053
5.5354	-2.4767	0.6930	126.0000	55.0000	739302.780053
5.6355	-2.4767	0.6930	108.0000	55.0000	739302.780053
5.7523	-2.4767	0.6930	102.0000	55.0000	739302.780053
5.8523	-2.4767	0.6930	102.0000	55.0000	739302.780053
5.9525	-2.4767	0.6930	102.0000	55.0000	739302.780053
6.0692	-2.4767	0.6930	81.0000	55.0000	739302.780053
6.1693	-2.4767	0.6930	75.0000	55.0000	739302.780053
6.2694	-2.5349	0.9104	75.0000	55.0000	739302.780053
6.3696	-2.6514	1.3450	75.0000	55.0000	739302.780053
6.4862	-2.7487	1.8593	87.0000	55.0000	739302.780053
6.5863	-2.7291	2.3088	93.0000	55.0000	739302.780053
6.7031	-2.7016	2.8331	93.0000	55.0000	739302.780053
6.8032	-2.6937	2.9828	93.0000	55.0000	739302.780053
6.9034	-2.6937	2.9828	75.0000	55.0000	739302.780053
7.0200	-2.6937	2.9828	54.0000	55.0000	739302.780053
7.1202	-2.6937	2.9828	36.0000	55.0000	739302.780053
7.2369	-2.6937	2.9828	45.0000	55.0000	739302.780053
7.3536	-2.6937	2.9828	66.0000	55.0000	739302.780053
7.4537	-2.6937	2.9828	84.0000	55.0000	739302.780053
7.5539	-2.6937	2.9828	102.0000	55.0000	739302.780053
7.6706	-2.6937	2.9828	123.0000	55.0000	739302.780053
7.7873	-2.5772	3.0772	141.0000	55.0000	739302.780053
7.8874	-2.2300	3.3634	138.0000	55.0000	739302.780053
7.9876	-2.1268	3.4722	120.0000	55.0000	739302.780053
8.0877	-2.1268	3.4722	102.0000	55.0000	739302.780053
8.2044	-2.1268	3.4722	81.0000	55.0000	739302.780053
8.3046	-2.1268	3.4722	63.0000	55.0000	739302.780053
8.4213	-2.1268	3.4722	42.0000	55.0000	739302.780053
8.5214	-2.1268	3.4722	24.0000	55.0000	739302.780053
8.6215	-2.1268	3.4722	6.0000	55.0000	739302.780053
8.7382	-2.1268	3.4722	-9.0000	55.0000	739302.780053
8.8384	-2.1268	3.4722	-9.0000	55.0000	739302.780053
8.9551	-2.1268	3.4722	9.0000	55.0000	739302.780053
9.0719	-2.1268	3.4722	18.0000	55.0000	739302.780053
9.1886	-1.8415	3.3795	18.0000	55.0000	739302.780053
9.3054	-1.3422	3.2173	18.0000	55.0000	739302.780053
9.4056	-1.1282	3.1477	18.0000	55.0000	739302.780053
9.5223	-1.1282	3.1477	18.0000	55.0000	739302.780053
9.6390	-1.1282	3.1477	18.0000	55.0000	739302.780053
9.7558	-1.1282	3.1477	18.0000	55.0000	739302.780053
9.8726	-1.1282	3.1477	18.0000	55.0000	739302.780053
9.9727	-1.1282	3.1477	3.0000	55.0000	739302.780053
10.0896	-1.1282	3.1477	3.0000	55.0000	739302.780053
10.2063	-1.1282	3.1477	3.0000	55.0000	739302.780053
10.3230	-1.1282	3.1477	3.0000	55.0000	739302.780053
10.4230	-1.1282	3.1477	12.0000	55.0000	739302.780053
10.5232	-1.1282	3.1477	12.0000	55.0000	739302.780053
10.6399	-1.2749	3.1789	12.0000	55.0000	739302.780053
10.7567	-1.4216	3.2101	12.0000	55.0000	739302.780053
10.8568	-1.4216	3.2101	12.0000	55.0000	739302.780053
10.9734	-1.4216	3.2101	12.0000	55.0000	739302.780053
11.0738	-1.4216	3.2101	12.0000	55.0000	739302.780053
11.1905	-1.4216	3.2101	12.0000	55.0000	739302.780053
11.3073	-1.4216	3.2101	12.0000	55.0000	739302.780053
11.4239	-1.4216	3.2101	12.0000	55.0000	739302.780053
11.5406	-1.4216	3.2101	12.0000	55.0000	739302.780053
11.6408	-1.4216	3.2101	12.0000	55.0000	739302.780053
11.7576	-1.4950	3.2257	12.0000	55.0000	739302.780053
11.8745	-2.0092	3.3310	9.0000	55.0000	739302.780053
11.9911	-2.5306	3.3037	-12.0000	55.0000	739302.780053
12.1079	-2.8129	3.2037	-33.0000	55.0000	739302.780053
12.2080	-2.8129	3.2037	-51.0000	55.0000	739302.780053
12.3082	-2.8129	3.2037	-69.0000	55.0000	739302.780053
12.4249	-2.8129	3.2037	-90.0000	55.0000	739302.780053
12.5416	-2.7279	2.9165	-111.0000	55.0000	739302.780053
12.6584	-2.5143	2.4369	-114.0000	55.0000	739302.780053
12.7752	-2.3044	1.9558	-111.0000	55.0000	739302.780053
12.8919	-2.2228	1.4401	-90.0000	55.0000	739302.780053
12.9920	-2.3044	0.9994	-72.0000	55.0000	739302.780053
13.1130	-2.5655	0.5472	-51.0000	55.0000	739302.780053
13.2256	-2.6687	0.4385	-30.0000	55.0000	739302.780053
13.3423	-2.6687	0.4385	-9.0000	55.0000	739302.780053
13.4424	-2.6687	0.4385	9.0000	55.0000	739302.780053
13.5594	-2.6687	0.4385	30.0000	55.0000	739302.780053
13.6759	-2.6687	0.4385	51.0000	55.0000	739302.780053
13.7761	-2.6687	0.4385	69.0000	55.0000	739302.780053
13.8761	-2.7151	0.5811	72.0000	55.0000	739302.780053
13.9763	-2.8541	1.0091	72.0000	55.0000	739302.780053
14.0930	-3.0164	1.5084	72.0000	55.0000	739302.780053
14.2098	-3.1786	2.0077	72.0000	55.0000	739302.780053
14.3100	-3.3715	2.4123	57.0000	55.0000	739302.780053
14.4266	-3.6988	2.8227	51.0000	55.0000	739302.780053
14.5267	-3.9820	3.1724	51.0000	55.0000	739302.780053
14.6268	-4.2652	3.5221	51.0000	55.0000	739302.780053
14.7435	-4.4994	3.9042	66.0000	55.0000	739302.780053
14.8605	-4.4994	3.9042	66.0000	55.0000	739302.780053
14.9771	-4.4994	3.9042	66.0000	55.0000	739302.780053
15.0939	-4.4994	3.9042	66.0000	55.0000	739302.780053
15.2106	-4.4994	3.9042	66.0000	55.0000	739302.780053
15.3107	-4.4994	3.9042	66.0000	55.0000	739302.780053
15.4278	-4.4994	3.9042	66.0000	55.0000	739302.780053
15.5443	-4.4994	3.9042	66.0000	55.0000	739302.780053
15.6610	-4.4994	3.9042	84.0000	55.0000	739302.780053
15.7612	-4.4994	3.9042	102.0000	55.0000	739302.780053
15.8779	-4.4994	3.9042	123.0000	55.0000	739302.780053
15.9947	-4.4994	3.9042	126.0000	55.0000	739302.780053
16.1114	-4.4994	3.9042	126.0000	55.0000	739302.780053
16.2115	-4.4994	3.9042	114.0000	55.0000	739302.780053
16.3118	-4.4994	3.9042	99.0000	55.0000	739302.780053
16.4284	-4.4994	3.9042	99.0000	55.0000	739302.780053
16.5285	-4.4994	3.9042	99.0000	55.0000	739302.780053
16.6287	-4.4994	3.9042	99.0000	55.0000	739302.780053
16.7453	-4.4994	3.9042	99.0000	55.0000	739302.780053
16.8625	-4.4994	3.9042	99.0000	55.0000	739302.780053
16.9788	-4.4994	3.9042	99.0000	55.0000	739302.780053
17.0790	-4.4994	3.9042	99.0000	55.0000	739302.780053
17.1791	-4.4994	3.9042	99.0000	55.0000	739302.780053
17.2958	-4.4994	3.9042	99.0000	55.0000	739302.780053
17.3960	-4.4994	3.9042	99.0000	55.0000	739302.780053
17.5127	-4.4525	4.2005	99.0000	55.0000	739302.780053
17.6294	-4.3322	4.7099	111.0000	55.0000	739302.780053
17.7297	-4.3322	4.7099	129.0000	55.0000	739302.780053
17.8462	-4.3322	4.7099	150.0000	55.0000	739302.780053
17.9464	-4.3322	4.7099	168.0000	55.0000	739302.780053
18.0471	-4.3322	4.7099	186.0000	55.0000	739302.780053
18.1659	-4.3322	4.7099	204.0000	55.0000	739302.780053
18.2805	-3.8526	4.4964	204.0000	55.0000	739302.780053
18.3971	-3.3730	4.2829	204.0000	55.0000	739302.780053
18.5138	-2.8623	4.1743	183.0000	55.0000	739302.780053
18.6306	-2.3380	4.1468	183.0000	55.0000	739302.780053
18.7472	-1.8136	4.1311	177.0000	55.0000	739302.780053
18.8474	-1.3778	4.2358	159.0000	55.0000	739302.780053
18.9639	-1.2424	4.3003	138.0000	55.0000	739302.780053
19.0655	-1.2424	4.3003	120.0000	55.0000	739302.780053
19.1808	-1.1729	4.5143	108.0000	55.0000	739302.780053
19.2810	-1.0302	4.9410	111.0000	55.0000	739302.780053
19.3812	-0.7960	5.3231	129.0000	55.0000	739302.780053
19.4977	-0.4201	5.6879	141.0000	55.0000	739302.780053
19.5978	-0.0704	5.9711	141.0000	55.0000	739302.780053
0.1083	0.0000	0.0000	45.0000	55.0000	739302.822354
0.2088	0.0000	0.0000	45.0000	55.0000	739302.822354
0.3255	0.0000	0.0000	45.0000	55.0000	739302.822354
0.4423	0.0000	0.0000	45.0000	55.0000	739302.822354
0.5591	0.0000	0.0000	45.0000	55.0000	739302.822354
0.6760	-0.3182	0.3182	45.0000	55.0000	739302.822354
0.7926	-0.6894	0.6894	45.0000	55.0000	739302.822354
0.8927	-0.7955	0.7955	42.0000	55.0000	739302.822354
1.0094	-0.7955	0.7955	21.0000	55.0000	739302.822354
1.1095	-0.7955	0.7955	3.0000	55.0000	739302.822354
1.2098	-0.7955	0.7955	-15.0000	55.0000	739302.822354
1.3265	-1.2156	0.6342	-21.0000	55.0000	739302.822354
1.4468	-1.7214	0.5027	-6.0000	55.0000	739302.822354
1.5600	-2.2407	0.5573	15.0000	55.0000	739302.822354
1.6766	-2.3120	0.5805	36.0000	55.0000	739302.822354
1.7768	-2.3120	0.5805	54.0000	55.0000	739302.822354
1.8935	-2.3120	0.5805	63.0000	55.0000	739302.822354
2.0103	-2.3120	0.5805	63.0000	55.0000	739302.822354
2.1105	-2.3120	0.5805	63.0000	55.0000	739302.822354
2.2105	-2.3120	0.5805	63.0000	55.0000	739302.822354
2.3108	-2.3120	0.5805	63.0000	55.0000	739302.822354
2.4274	-2.3120	0.5805	63.0000	55.0000	739302.822354
2.5276	-2.3120	0.5805	63.0000	55.0000	739302.822354
2.6278	-2.3120	0.5805	66.0000	55.0000	739302.822354
2.7443	-2.3120	0.5805	75.0000	55.0000	739302.822354
2.8444	-2.3120	0.5805	75.0000	55.0000	739302.822354
2.9446	-2.3120	0.5805	75.0000	55.0000	739302.822354
3.0612	-2.3509	0.7254	75.0000	55.0000	739302.822354
3.1614	-2.4673	1.1600	75.0000	55.0000	739302.822354
3.2615	-2.5838	1.5947	75.0000	55.0000	739302.822354
3.3617	-2.7003	2.0294	75.0000	55.0000	739302.822354
3.4783	-2.7354	2.2514	96.0000	55.0000	739302.822354
3.5784	-2.7354	2.2514	108.0000	55.0000	739302.822354
3.6785	-2.7354	2.2514	108.0000	55.0000	739302.822354
3.7786	-2.7354	2.2514	108.0000	55.0000	739302.822354
3.8787	-2.7354	2.2514	108.0000	55.0000	739302.822354
3.9954	-2.7354	2.2514	108.0000	55.0000	739302.822354
4.0957	-2.7354	2.2514	108.0000	55.0000	739302.822354
4.2122	-2.7354	2.2514	108.0000	55.0000	739302.822354
4.3124	-2.7354	2.2514	108.0000	55.0000	739302.822354
4.4291	-2.7354	2.2514	108.0000	55.0000	739302.822354
4.5459	-2.7354	2.2514	108.0000	55.0000	739302.822354
4.6460	-2.7354	2.2514	108.0000	55.0000	739302.822354
4.7627	-2.7354	2.2514	108.0000	55.0000	739302.822354
4.8628	-2.7354	2.2514	108.0000	55.0000	739302.822354
4.9796	-2.7354	2.2514	108.0000	55.0000	739302.822354
5.0964	-2.7354	2.2514	108.0000	55.0000	739302.822354
5.2131	-2.7354	2.2514	111.0000	55.0000	739302.822354
5.3132	-2.6882	2.3097	129.0000	55.0000	739302.822354
5.4300	-2.2890	2.6481	144.0000	55.0000	739302.822354
5.5301	-2.1676	2.7362	144.0000	55.0000	739302.822354
5.6469	-2.1676	2.7362	138.0000	55.0000	739302.822354
5.7636	-2.1676	2.7362	117.0000	55.0000	739302.822354
5.8804	-2.1676	2.7362	96.0000	55.0000	739302.822354
5.9972	-2.1676	3.0362	90.0000	55.0000	739302.822354
6.0973	-2.1676	3.4862	90.0000	55.0000	739302.822354
6.2142	-2.1558	3.6357	111.0000	55.0000	739302.822354
6.3143	-2.1558	3.6357	129.0000	55.0000	739302.822354
6.4309	-2.1558	3.6357	150.0000	55.0000	739302.822354
6.5311	-2.1558	3.6357	168.0000	55.0000	739302.822354
6.6312	-2.1558	3.6357	171.0000	55.0000	739302.822354
6.7479	-2.1558	3.6357	171.0000	55.0000	739302.822354
6.8480	-2.1558	3.6357	171.0000	55.0000	739302.822354
6.9489	-2.1558	3.6357	171.0000	55.0000	739302.822354
7.0654	-2.1558	3.6357	171.0000	55.0000	739302.822354
7.1659	-2.1558	3.6357	171.0000	55.0000	739302.822354
7.2826	-2.1558	3.6357	159.0000	55.0000	739302.822354
7.3988	-2.1558	3.6357	138.0000	55.0000	739302.822354
7.5152	-2.1558	3.6357	117.0000	55.0000	739302.822354
7.6320	-2.1558	3.6357	96.0000	55.0000	739302.822354
7.7487	-2.1558	3.6357	75.0000	55.0000	739302.822354
7.8654	-2.1558	3.6357	54.0000	55.0000	739302.822354
7.9655	-2.1558	3.6357	36.0000	55.0000	739302.822354
8.0657	-2.1558	3.6357	18.0000	55.0000	739302.822354
8.1823	-2.1558	3.6357	-3.0000	55.0000	739302.822354
8.2825	-2.0845	3.6589	-18.0000	55.0000	739302.822354
8.3826	-1.6565	3.7980	-18.0000	55.0000	739302.822354
8.4828	-1.4426	3.8675	-18.0000	55.0000	739302.822354
8.5995	-1.4426	3.8675	-18.0000	55.0000	739302.822354
8.6996	-1.4426	3.8675	-18.0000	55.0000	739302.822354
8.7997	-1.4426	3.8675	-18.0000	55.0000	739302.822354
8.8999	-1.4426	3.8675	-18.0000	55.0000	739302.822354
9.0165	-1.4426	3.8675	-18.0000	55.0000	739302.822354
9.1333	-1.4426	3.8675	-18.0000	55.0000	739302.822354
9.2501	-1.5139	3.8443	-18.0000	55.0000	739302.822354
9.3502	-1.9419	3.7053	-18.0000	55.0000	739302.822354
9.4669	-2.3940	3.4442	-39.0000	55.0000	739302.822354
9.5670	-2.6851	3.1034	-57.0000	55.0000	739302.822354
9.6671	-2.8566	2.6893	-75.0000	55.0000	739302.822354
9.7672	-2.8683	2.4660	-93.0000	55.0000	739302.822354
9.8673	-2.7787	2.0258	-102.0000	55.0000	739302.822354
9.9841	-2.7787	1.5036	-81.0000	55.0000	739302.822354
10.0844	-2.9283	1.0811	-63.0000	55.0000	739302.822354
10.2010	-3.0067	0.9533	-42.0000	55.0000	739302.822354
10.3012	-3.0067	0.9533	-24.0000	55.0000	739302.822354
10.4013	-3.0067	0.9533	-6.0000	55.0000	739302.822354
10.5180	-3.0067	0.9533	15.0000	55.0000	739302.822354
10.6346	-3.0067	0.9533	36.0000	55.0000	739302.822354
10.7347	-3.0508	1.0140	54.0000	55.0000	739302.822354
10.8515	-3.2994	1.4759	63.0000	55.0000	739302.822354
10.9682	-3.5377	1.9437	63.0000	55.0000	739302.822354
11.0684	-3.7420	2.3447	63.0000	55.0000	739302.822354
11.1851	-3.8747	2.6137	72.0000	55.0000	739302.822354
11.2893	-3.8747	2.6137	84.0000	55.0000	739302.822354
11.4036	-3.8747	2.6137	84.0000	55.0000	739302.822354
11.5037	-3.8747	2.6137	84.0000	55.0000	739302.822354
11.6188	-3.8747	2.6137	84.0000	55.0000	739302.822354
11.7189	-3.8747	2.6137	93.0000	55.0000	739302.822354
11.8190	-3.8747	2.6137	108.0000	55.0000	739302.822354
11.9358	-3.7238	3.1161	102.0000	55.0000	739302.822354
12.0360	-3.7120	3.5642	84.0000	55.0000	739302.822354
12.1526	-3.7120	3.5642	63.0000	55.0000	739302.822354
12.2695	-3.7120	3.5642	42.0000	55.0000	739302.822354
12.3861	-3.7120	3.5642	36.0000	55.0000	739302.822354
12.4863	-3.7120	3.5642	36.0000	55.0000	739302.822354
12.6032	-3.7120	3.5642	36.0000	55.0000	739302.822354
12.7198	-3.7120	3.5642	36.0000	55.0000	739302.822354
12.8199	-3.7120	3.5642	45.0000	55.0000	739302.822354
12.9200	-3.7120	3.5642	45.0000	55.0000	739302.822354
13.0368	-3.7120	3.5642	45.0000	55.0000	739302.822354
13.1535	-3.7120	3.5642	45.0000	55.0000	739302.822354
13.2703	-4.0302	3.8824	45.0000	55.0000	739302.822354
13.3705	-4.0833	3.9354	45.0000	55.0000	739302.822354
13.4706	-4.0833	3.9354	45.0000	55.0000	739302.822354
13.5873	-4.0833	3.9354	45.0000	55.0000	739302.822354
13.7041	-4.0833	3.9354	45.0000	55.0000	739302.822354
13.8042	-4.0833	3.9354	45.0000	55.0000	739302.822354
13.9210	-4.0833	3.9354	45.0000	55.0000	739302.822354
14.0211	-4.0833	3.9354	45.0000	55.0000	739302.822354
14.1376	-4.0833	3.9354	45.0000	55.0000	739302.822354
14.2379	-4.0833	3.9354	45.0000	55.0000	739302.822354
14.3546	-4.4369	4.3222	54.0000	55.0000	739302.822354
14.4715	-4.5152	4.4501	75.0000	55.0000	739302.822354
14.5716	-4.5152	4.4501	93.0000	55.0000	739302.822354
14.6882	-4.5309	4.3009	96.0000	55.0000	739302.822354
14.7884	-4.5779	3.8534	96.0000	55.0000	739302.822354
14.8885	-4.6250	3.4058	96.0000	55.0000	739302.822354
15.0051	-4.6407	3.2567	96.0000	55.0000	739302.822354
15.1053	-4.6407	3.2567	96.0000	55.0000	739302.822354
15.2225	-4.6407	3.2567	96.0000	55.0000	739302.822354
15.3387	-4.6407	3.2567	96.0000	55.0000	739302.822354
15.4389	-4.6407	3.2567	96.0000	55.0000	739302.822354
15.5557	-4.6407	3.2567	96.0000	55.0000	739302.822354
15.6558	-4.6328	3.3312	96.0000	55.0000	739302.822354
15.7560	-4.5858	3.7788	96.0000	55.0000	739302.822354
15.8726	-4.5623	4.0025	96.0000	55.0000	739302.822354
15.9893	-4.5623	4.0025	96.0000	55.0000	739302.822354
16.0896	-4.5701	3.9280	96.0000	55.0000	739302.822354
16.2062	-4.6015	3.6296	96.0000	55.0000	739302.822354
16.3230	-4.6015	3.6296	96.0000	55.0000	739302.822354
16.4232	-4.6015	3.6296	96.0000	55.0000	739302.822354
16.5399	-4.6015	3.6296	96.0000	55.0000	739302.822354
16.6400	-4.6015	3.6296	96.0000	55.0000	739302.822354
16.7569	-4.6015	3.6296	96.0000	55.0000	739302.822354
16.8570	-4.6015	3.6296	96.0000	55.0000	739302.822354
16.9736	-4.5779	3.8534	96.0000	55.0000	739302.822354
17.0903	-4.4428	4.3577	114.0000	55.0000	739302.822354
17.1905	-4.1889	4.7271	132.0000	55.0000	739302.822354
17.3072	-4.0195	4.8744	153.0000	55.0000	739302.822354
17.4239	-4.0195	4.8744	174.0000	55.0000	739302.822354
17.5240	-3.6449	4.8587	183.0000	55.0000	739302.822354
17.6241	-3.1955	4.8351	183.0000	55.0000	739302.822354
17.7409	-2.6712	4.8077	183.0000	55.0000	739302.822354
17.8410	-2.2219	4.7841	183.0000	55.0000	739302.822354
17.9578	-1.6978	4.7802	174.0000	55.0000	739302.822354
18.0745	-1.5503	4.8075	153.0000	55.0000	739302.822354
18.1913	-1.5503	4.8075	135.0000	55.0000	739302.822354
18.2914	-1.5503	4.8075	135.0000	55.0000	739302.822354
18.3915	-1.5503	4.8075	135.0000	55.0000	739302.822354
18.5082	-1.4186	4.8790	153.0000	55.0000	739302.822354
18.6083	-1.0075	5.0621	156.0000	55.0000	739302.822354
18.7084	-0.6072	5.2660	147.0000	55.0000	739302.822354
18.8085	-0.2821	5.5745	129.0000	55.0000	739302.822354
18.9253	-0.0451	6.0397	108.0000	55.0000	739302.822354
