T	X	Y	HEADING	PERPSECTIVE_ANGLE	NOW_NUM
0.1197	0.0000	0.0000	45.0000	55.0000	739380.442032
0.2199	0.0000	0.0000	45.0000	55.0000	739380.442032
0.1172	0.0000	0.0000	45.0000	55.0000	739380.764742
0.2505	0.0000	0.0000	45.0000	55.0000	739380.764742
0.1232	0.0000	0.0000	45.0000	55.0000	739394.439942
0.2235	0.0000	0.0000	45.0000	55.0000	739394.439942
0.3400	0.0000	0.0000	45.0000	55.0000	739394.439942
0.4401	0.0000	0.0000	45.0000	55.0000	739394.439942
0.5568	0.0000	0.0000	45.0000	55.0000	739394.439942
0.6569	0.0000	0.0000	45.0000	55.0000	739394.439942
0.7571	0.0000	0.0000	45.0000	55.0000	739394.439942
0.8737	0.0000	0.0000	45.0000	55.0000	739394.439942
0.9739	0.0000	0.0000	45.0000	55.0000	739394.439942
1.0739	0.0000	0.0000	45.0000	55.0000	739394.439942
0.1235	0.0000	0.0000	45.0000	55.0000	739399.442109
0.2236	0.0000	0.0000	45.0000	55.0000	739399.442109
0.3237	0.0000	0.0000	45.0000	55.0000	739399.442109
0.4239	0.0000	0.0000	45.0000	55.0000	739399.442109
0.5406	0.0000	0.0000	45.0000	55.0000	739399.442109
0.6407	0.0000	0.0000	45.0000	55.0000	739399.442109
0.7573	0.0000	0.0000	45.0000	55.0000	739399.442109
0.8741	0.0000	0.0000	45.0000	55.0000	739399.442109
0.9909	0.0000	0.0000	45.0000	55.0000	739399.442109
1.1074	0.0000	0.0000	45.0000	55.0000	739399.442109
1.2076	0.0000	0.0000	45.0000	55.0000	739399.442109
1.3078	0.0000	0.0000	45.0000	55.0000	739399.442109
1.4245	0.0000	0.0000	45.0000	55.0000	739399.442109
1.5413	0.0000	0.0000	45.0000	55.0000	739399.442109
1.6414	0.0000	0.0000	45.0000	55.0000	739399.442109
1.7415	0.0000	0.0000	45.0000	55.0000	739399.442109
1.8581	0.0000	0.0000	45.0000	55.0000	739399.442109
1.9582	0.0000	0.0000	45.0000	55.0000	739399.442109
2.0584	0.0000	0.0000	45.0000	55.0000	739399.442109
2.1586	0.0000	0.0000	45.0000	55.0000	739399.442109
2.2752	0.0000	0.0000	45.0000	55.0000	739399.442109
2.3753	0.0000	0.0000	45.0000	55.0000	739399.442109
2.4754	0.0000	0.0000	45.0000	55.0000	739399.442109
2.5755	0.0000	0.0000	45.0000	55.0000	739399.442109
2.6757	0.0000	0.0000	45.0000	55.0000	739399.442109
2.7925	0.0000	0.0000	45.0000	55.0000	739399.442109
2.9093	0.0000	0.0000	45.0000	55.0000	739399.442109
3.0258	0.0000	0.0000	45.0000	55.0000	739399.442109
3.1260	-0.0849	0.0849	45.0000	55.0000	739399.442109
3.2428	-0.2333	0.2333	45.0000	55.0000	739399.442109
3.3430	-0.2333	0.2333	45.0000	55.0000	739399.442109
3.4597	-0.2333	0.2333	45.0000	55.0000	739399.442109
3.5764	-0.2333	0.2333	45.0000	55.0000	739399.442109
3.6766	-0.2333	0.2333	45.0000	55.0000	739399.442109
3.7932	-0.2333	0.2333	45.0000	55.0000	739399.442109
3.8937	-0.2333	0.2333	45.0000	55.0000	739399.442109
4.0101	-0.2333	0.2333	45.0000	55.0000	739399.442109
4.1271	-0.2333	0.2333	45.0000	55.0000	739399.442109
4.2274	-0.2333	0.2333	45.0000	55.0000	739399.442109
4.3438	-0.2333	0.2333	45.0000	55.0000	739399.442109
4.4605	-0.2333	0.2333	45.0000	55.0000	739399.442109
4.5607	-0.2333	0.2333	37.5000	55.0000	739399.442109
4.6608	-0.2333	0.2333	30.0000	55.0000	739399.442109
4.7774	-0.2333	0.2333	21.2500	55.0000	739399.442109
4.8777	-0.2333	0.2333	13.7500	55.0000	739399.442109
4.9953	-0.2333	0.2333	13.7500	55.0000	739399.442109
5.1111	-0.2916	0.2476	13.7500	55.0000	739399.442109
5.2278	-0.4956	0.2975	13.7500	55.0000	739399.442109
5.3287	-0.6704	0.3403	13.7500	55.0000	739399.442109
5.4454	-0.8744	0.3902	13.7500	55.0000	739399.442109
5.5623	-1.0784	0.4401	13.7500	55.0000	739399.442109
5.6626	-1.2533	0.4829	13.7500	55.0000	739399.442109
5.7785	-1.2533	0.4829	13.7500	55.0000	739399.442109
5.8792	-1.2533	0.4829	13.7500	55.0000	739399.442109
5.9959	-1.2533	0.4829	13.7500	55.0000	739399.442109
6.1119	-1.2533	0.4829	13.7500	55.0000	739399.442109
6.2124	-1.2533	0.4829	13.7500	55.0000	739399.442109
6.3295	-1.2533	0.4829	13.7500	55.0000	739399.442109
6.4298	-1.2533	0.4829	13.7500	55.0000	739399.442109
6.5463	-1.2533	0.4829	13.7500	55.0000	739399.442109
6.6624	-1.2533	0.4829	13.7500	55.0000	739399.442109
6.7625	-1.2533	0.4829	6.2500	55.0000	739399.442109
6.8629	-1.2533	0.4829	0.0000	55.0000	739399.442109
6.9793	-1.2533	0.4829	0.0000	55.0000	739399.442109
7.0796	-1.2533	0.4829	0.0000	55.0000	739399.442109
7.1798	-1.2533	0.4829	0.0000	55.0000	739399.442109
7.2798	-1.4333	0.4829	0.0000	55.0000	739399.442109
7.3966	-1.6433	0.4829	0.0000	55.0000	739399.442109
7.5134	-1.8533	0.4829	0.0000	55.0000	739399.442109
7.6301	-2.0633	0.4829	0.0000	55.0000	739399.442109
7.7302	-2.2433	0.4829	0.0000	55.0000	739399.442109
7.8468	-2.4533	0.4829	0.0000	55.0000	739399.442109
7.9471	-2.6333	0.4829	0.0000	55.0000	739399.442109
8.0637	-2.8433	0.4829	0.0000	55.0000	739399.442109
8.1639	-3.0233	0.4829	0.0000	55.0000	739399.442109
8.2807	-3.1133	0.4829	0.0000	55.0000	739399.442109
8.3808	-3.1133	0.4829	0.0000	55.0000	739399.442109
8.4975	-3.1133	0.4829	0.0000	55.0000	739399.442109
8.6143	-3.1133	0.4829	0.0000	55.0000	739399.442109
8.7327	-3.3233	0.4829	0.0000	55.0000	739399.442109
8.8477	-3.5333	0.4829	0.0000	55.0000	739399.442109
8.9478	-3.7132	0.4849	2.5000	55.0000	739399.442109
9.0479	-3.7132	0.4849	10.0000	55.0000	739399.442109
9.1482	-3.7132	0.4849	17.5000	55.0000	739399.442109
9.2648	-3.7132	0.4849	26.2500	55.0000	739399.442109
9.3649	-3.7132	0.4849	33.7500	55.0000	739399.442109
9.4655	-3.7132	0.4849	41.2500	55.0000	739399.442109
9.5655	-3.7132	0.4849	48.7500	55.0000	739399.442109
9.6823	-3.7132	0.4849	57.5000	55.0000	739399.442109
9.7824	-3.7132	0.4849	65.0000	55.0000	739399.442109
9.8825	-3.7132	0.4849	66.2500	55.0000	739399.442109
9.9825	-3.7132	0.4849	66.2500	55.0000	739399.442109
10.0993	-3.7132	0.4849	66.2500	55.0000	739399.442109
10.1994	-3.7253	0.5123	66.2500	55.0000	739399.442109
10.2996	-3.7978	0.6771	66.2500	55.0000	739399.442109
10.4162	-3.8703	0.8556	66.2500	55.0000	739399.442109
10.5164	-3.8703	0.9380	66.2500	55.0000	739399.442109
10.6164	-3.8703	0.9654	67.5000	55.0000	739399.442109
10.7167	-3.8703	0.9654	75.0000	55.0000	739399.442109
10.8333	-3.8703	0.9654	83.7500	55.0000	739399.442109
10.9335	-3.8703	0.9654	91.2500	55.0000	739399.442109
11.0336	-3.8703	0.9654	92.5000	55.0000	739399.442109
11.1504	-3.8703	0.9654	92.5000	55.0000	739399.442109
11.2671	-3.8703	0.9654	92.5000	55.0000	739399.442109
11.3673	-3.8651	1.0853	92.5000	55.0000	739399.442109
11.4841	-3.8559	1.2951	92.5000	55.0000	739399.442109
11.6010	-3.8467	1.5049	92.5000	55.0000	739399.442109
11.7174	-3.8376	1.7147	92.5000	55.0000	739399.442109
11.8176	-3.8297	1.8945	92.5000	55.0000	739399.442109
11.9343	-3.8206	2.1043	92.5000	55.0000	739399.442109
12.0344	-3.8127	2.2842	92.5000	55.0000	739399.442109
12.1345	-3.8049	2.4640	92.5000	55.0000	739399.442109
12.2346	-3.7970	2.6438	92.5000	55.0000	739399.442109
12.3347	-3.7892	2.8236	92.5000	55.0000	739399.442109
12.4515	-3.7878	2.8536	92.5000	55.0000	739399.442109
12.5515	-3.7878	2.8536	100.0000	55.0000	739399.442109
12.6516	-3.7878	2.8536	107.5000	55.0000	739399.442109
12.7520	-3.7878	2.8536	115.0000	55.0000	739399.442109
12.8700	-3.7878	2.8536	115.0000	55.0000	739399.442109
12.9853	-3.7625	2.9080	115.0000	55.0000	739399.442109
13.0857	-3.6864	3.0711	115.0000	55.0000	739399.442109
13.2022	-3.6357	3.1799	117.5000	55.0000	739399.442109
13.3190	-3.6357	3.1799	126.2500	55.0000	739399.442109
13.4190	-3.6357	3.1799	133.7500	55.0000	739399.442109
13.5358	-3.6357	3.1799	138.7500	55.0000	739399.442109
13.6360	-3.5906	3.2194	138.7500	55.0000	739399.442109
13.7525	-3.4327	3.3579	138.7500	55.0000	739399.442109
13.8528	-3.2974	3.4766	138.7500	55.0000	739399.442109
13.9529	-3.2974	3.4766	142.5000	55.0000	739399.442109
14.0696	-3.2974	3.4766	151.2500	55.0000	739399.442109
14.1863	-3.2974	3.4766	160.0000	55.0000	739399.442109
14.2883	-3.1564	3.5279	160.0000	55.0000	739399.442109
14.4033	-2.9591	3.5997	160.0000	55.0000	739399.442109
14.5034	-2.7899	3.6613	160.0000	55.0000	739399.442109
14.6202	-2.6765	3.7005	166.2500	55.0000	739399.442109
14.7204	-2.6765	3.7005	173.7500	55.0000	739399.442109
14.8370	-2.6765	3.7005	182.5000	55.0000	739399.442109
14.9538	-2.6765	3.7005	191.2500	55.0000	739399.442109
15.0539	-2.6765	3.7005	198.7500	55.0000	739399.442109
15.1706	-2.6765	3.7005	207.5000	55.0000	739399.442109
15.2873	-2.6524	3.6827	216.2500	55.0000	739399.442109
15.3874	-2.5120	3.5701	220.0000	55.0000	739399.442109
15.5042	-2.4244	3.4881	228.7500	55.0000	739399.442109
15.6043	-2.3514	3.3929	232.5000	55.0000	739399.442109
15.7211	-2.2235	3.2263	232.5000	55.0000	739399.442109
15.8377	-2.1870	3.1787	238.7500	55.0000	739399.442109
15.9378	-2.1870	3.1787	243.7500	55.0000	739399.442109
16.0380	-2.1339	3.0710	243.7500	55.0000	739399.442109
16.1547	-2.1208	2.9512	243.7500	55.0000	739399.442109
16.2549	-2.0544	2.8166	243.7500	55.0000	739399.442109
16.3717	-2.0544	2.8166	243.7500	55.0000	739399.442109
16.4718	-2.0544	2.8166	243.7500	55.0000	739399.442109
16.5886	-2.0544	2.8166	243.7500	55.0000	739399.442109
16.7053	-2.0544	2.8166	250.0000	55.0000	739399.442109
16.8054	-2.0544	2.8166	257.5000	55.0000	739399.442109
16.9221	-2.0544	2.8166	266.2500	55.0000	739399.442109
17.0389	-2.0544	2.8166	275.0000	55.0000	739399.442109
17.1390	-2.0544	2.8166	282.5000	55.0000	739399.442109
17.2391	-2.0544	2.8166	290.0000	55.0000	739399.442109
17.3392	-2.0544	2.8166	297.5000	55.0000	739399.442109
17.4561	-2.0544	2.8166	306.2500	55.0000	739399.442109
17.5728	-2.0544	2.8166	315.0000	55.0000	739399.442109
17.6730	-2.0544	2.8166	322.5000	55.0000	739399.442109
17.7732	-2.0544	2.8166	330.0000	55.0000	739399.442109
17.8897	-2.0544	2.8166	338.7500	55.0000	739399.442109
18.0074	-2.1383	2.7840	338.7500	55.0000	739399.442109
18.1233	-2.3340	2.7079	338.7500	55.0000	739399.442109
18.2400	-2.5297	2.6318	338.7500	55.0000	739399.442109
18.3402	-2.6975	2.5665	338.7500	55.0000	739399.442109
18.4569	-2.8653	2.4959	338.7500	55.0000	739399.442109
18.5735	-2.8653	2.4578	338.7500	55.0000	739399.442109
18.6737	-2.8653	2.4252	338.7500	55.0000	739399.442109
18.7905	-2.8653	2.3871	338.7500	55.0000	739399.442109
18.8912	-2.8653	2.3817	338.7500	55.0000	739399.442109
19.0073	-2.8653	2.3817	345.0000	55.0000	739399.442109
19.1075	-2.8653	2.3817	352.5000	55.0000	739399.442109
19.2242	-2.8653	2.3817	361.2500	55.0000	739399.442109
19.3409	-2.8653	2.3817	370.0000	55.0000	739399.442109
19.4410	-2.8653	2.3817	377.5000	55.0000	739399.442109
19.5579	-2.8653	2.3817	386.2500	55.0000	739399.442109
19.6745	-2.8653	2.3817	395.0000	55.0000	739399.442109
19.7747	-2.8653	2.3817	402.5000	55.0000	739399.442109
19.8914	-2.8653	2.3817	411.2500	55.0000	739399.442109
19.9916	-2.8653	2.3817	418.7500	55.0000	739399.442109
20.1083	-2.8653	2.3817	427.5000	55.0000	739399.442109
20.2085	-2.8653	2.3817	428.7500	55.0000	739399.442109
20.3263	-2.8653	2.3817	435.0000	55.0000	739399.442109
20.4419	-2.8653	2.3817	443.7500	55.0000	739399.442109
20.5422	-2.8653	2.3817	445.0000	55.0000	739399.442109
20.6589	-2.8653	2.3817	445.0000	55.0000	739399.442109
20.7754	-2.8731	2.4863	445.0000	55.0000	739399.442109
20.8756	-2.8731	2.5760	445.0000	55.0000	739399.442109
20.9758	-2.8731	2.6656	445.0000	55.0000	739399.442109
21.0925	-2.8731	2.7702	445.0000	55.0000	739399.442109
21.2094	-2.8731	2.8748	445.0000	55.0000	739399.442109
21.3259	-2.8683	2.9786	445.0000	55.0000	739399.442109
21.4263	-2.8840	3.1579	445.0000	55.0000	739399.442109
21.5427	-2.9023	3.3671	445.0000	55.0000	739399.442109
21.6431	-2.9179	3.5465	445.0000	55.0000	739399.442109
21.7596	-2.9362	3.7557	445.0000	55.0000	739399.442109
21.8598	-2.9389	3.8905	445.0000	55.0000	739399.442109
21.9765	-2.8878	3.9448	445.0000	55.0000	739399.442109
22.0767	-2.8748	4.0457	445.0000	55.0000	739399.442109
22.1935	-2.8748	4.1503	445.0000	55.0000	739399.442109
22.2937	-2.8748	4.2399	445.0000	55.0000	739399.442109
22.4104	-2.8748	4.3445	445.0000	55.0000	739399.442109
22.5271	-2.8748	4.4491	445.0000	55.0000	739399.442109
22.6274	-2.8748	4.5388	445.0000	55.0000	739399.442109
22.7440	-2.8748	4.6434	445.0000	55.0000	739399.442109
22.8440	-2.8748	4.7331	445.0000	55.0000	739399.442109
22.9618	-2.8748	4.8377	445.0000	55.0000	739399.442109
23.0774	-2.8748	4.9423	445.0000	55.0000	739399.442109
23.1778	-2.8808	5.0736	445.0000	55.0000	739399.442109
23.2788	-2.8964	5.2529	445.0000	55.0000	739399.442109
23.3946	-2.9017	5.3127	441.2500	55.0000	739399.442109
23.5120	-2.9017	5.3127	432.5000	55.0000	739399.442109
23.6121	-2.9017	5.3127	425.0000	55.0000	739399.442109
23.7288	-2.9017	5.3127	416.2500	55.0000	739399.442109
23.8453	-2.9017	5.3127	407.5000	55.0000	739399.442109
23.9616	-2.9017	5.3127	398.7500	55.0000	739399.442109
24.0784	-2.9017	5.3127	391.2500	55.0000	739399.442109
24.1786	-2.9786	5.3594	391.2500	55.0000	739399.442109
24.2952	-3.1581	5.4683	391.2500	55.0000	739399.442109
24.3953	-3.3120	5.5617	391.2500	55.0000	739399.442109
24.4955	-3.4166	5.6205	385.0000	55.0000	739399.442109
24.5962	-3.4166	5.6205	377.5000	55.0000	739399.442109
24.7124	-3.4166	5.6205	368.7500	55.0000	739399.442109
24.8130	-3.4166	5.6205	365.0000	55.0000	739399.442109
24.9298	-3.4166	5.6205	365.0000	55.0000	739399.442109
25.0461	-3.5062	5.6284	365.0000	55.0000	739399.442109
25.1464	-3.6855	5.6441	365.0000	55.0000	739399.442109
25.2629	-3.8350	5.6565	361.2500	55.0000	739399.442109
25.3630	-3.8350	5.6565	353.7500	55.0000	739399.442109
25.4631	-3.8935	5.6429	346.2500	55.0000	739399.442109
25.5798	-4.0921	5.5754	337.5000	55.0000	739399.442109
25.6798	-4.2526	5.4941	330.0000	55.0000	739399.442109
25.7966	-4.4244	5.3738	321.2500	55.0000	739399.442109
25.8967	-4.5557	5.2508	313.7500	55.0000	739399.442109
26.0135	-4.6870	5.0872	305.0000	55.0000	739399.442109
26.1137	-4.7903	4.9398	305.0000	55.0000	739399.442109
26.2304	-4.9107	4.7677	305.0000	55.0000	739399.442109
26.3310	-5.0140	4.6203	305.0000	55.0000	739399.442109
26.4472	-5.1344	4.4483	305.0000	55.0000	739399.442109
26.5494	-5.2261	4.2935	297.5000	55.0000	739399.442109
26.6643	-5.3063	4.0996	288.7500	55.0000	739399.442109
26.7809	-5.3581	3.8962	282.5000	55.0000	739399.442109
26.8811	-5.3971	3.7205	282.5000	55.0000	739399.442109
26.9817	-5.4360	3.5448	282.5000	55.0000	739399.442109
27.0977	-5.4815	3.3398	282.5000	55.0000	739399.442109
27.1978	-5.5205	3.1640	282.5000	55.0000	739399.442109
27.2979	-5.5575	2.9879	280.0000	55.0000	739399.442109
27.3980	-5.5692	2.8987	272.5000	55.0000	739399.442109
27.4981	-5.5692	2.8987	266.2500	55.0000	739399.442109
27.6149	-5.5692	2.8987	266.2500	55.0000	739399.442109
27.7150	-5.5692	2.8987	266.2500	55.0000	739399.442109
27.8317	-5.5692	2.8987	273.7500	55.0000	739399.442109
27.9318	-5.5692	2.8987	281.2500	55.0000	739399.442109
28.0320	-5.5692	2.8987	283.7500	55.0000	739399.442109
28.1321	-5.5906	2.8113	283.7500	55.0000	739399.442109
28.2488	-5.6120	2.7238	281.2500	55.0000	739399.442109
28.3489	-5.6120	2.7238	273.7500	55.0000	739399.442109
28.4658	-5.6120	2.7238	272.5000	55.0000	739399.442109
28.5825	-5.6120	2.7238	272.5000	55.0000	739399.442109
28.6991	-5.6120	2.7238	272.5000	55.0000	739399.442109
28.7994	-5.6120	2.7238	272.5000	55.0000	739399.442109
28.9160	-5.6120	2.7238	272.5000	55.0000	739399.442109
29.0162	-5.6120	2.7238	272.5000	55.0000	739399.442109
29.1331	-5.6133	2.6939	272.5000	55.0000	739399.442109
29.2496	-5.6225	2.4841	272.5000	55.0000	739399.442109
29.3499	-5.6303	2.3042	272.5000	55.0000	739399.442109
29.4665	-5.6395	2.0944	272.5000	55.0000	739399.442109
29.5667	-5.6474	1.9146	272.5000	55.0000	739399.442109
29.6835	-5.6565	1.7048	272.5000	55.0000	739399.442109
29.8002	-5.6657	1.4950	272.5000	55.0000	739399.442109
29.9002	-5.6735	1.3152	272.5000	55.0000	739399.442109
30.0005	-5.6814	1.1354	272.5000	55.0000	739399.442109
30.1172	-5.6905	0.9256	272.5000	55.0000	739399.442109
30.2173	-5.6984	0.7457	272.5000	55.0000	739399.442109
30.3341	-5.7082	0.5360	273.7500	55.0000	739399.442109
30.4342	-5.7141	0.4763	281.2500	55.0000	739399.442109
30.5508	-5.7141	0.4763	290.0000	55.0000	739399.442109
30.6510	-5.7141	0.4763	297.5000	55.0000	739399.442109
30.7677	-5.7318	0.4521	306.2500	55.0000	739399.442109
30.8678	-5.8489	0.3155	313.7500	55.0000	739399.442109
30.9679	-5.9829	0.1955	321.2500	55.0000	739399.442109
31.0679	-6.1313	0.0939	328.7500	55.0000	739399.442109
31.1680	-6.2918	0.0126	336.2500	55.0000	739399.442109
0.1161	0.0000	0.0000	45.0000	55.0000	739399.576191
0.2329	0.0000	0.0000	45.0000	55.0000	739399.576191
0.3493	0.0000	0.0000	43.7500	55.0000	739399.576191
0.4498	0.0000	0.0000	36.2500	55.0000	739399.576191
0.5662	-0.1045	0.0588	27.5000	55.0000	739399.576191
0.6830	-0.2946	0.1482	25.0000	55.0000	739399.576191
0.7831	-0.4031	0.1995	28.7500	55.0000	739399.576191
0.8998	-0.4031	0.1995	37.5000	55.0000	739399.576191
1.0000	-0.4031	0.1995	45.0000	55.0000	739399.576191
1.1168	-0.4031	0.1995	53.7500	55.0000	739399.576191
1.2169	-0.4031	0.1995	61.2500	55.0000	739399.576191
1.3335	-0.4031	0.1995	70.0000	55.0000	739399.576191
1.4503	-0.4031	0.1995	78.7500	55.0000	739399.576191
1.5505	-0.4031	0.1995	86.2500	55.0000	739399.576191
1.6673	-0.4031	0.1995	95.0000	55.0000	739399.576191
1.7842	-0.4031	0.1995	93.7500	55.0000	739399.576191
1.9007	-0.4031	0.1995	85.0000	55.0000	739399.576191
2.0009	-0.4031	0.1995	77.5000	55.0000	739399.576191
2.1179	-0.4031	0.1995	68.7500	55.0000	739399.576191
2.2344	-0.4031	0.1995	60.0000	55.0000	739399.576191
2.3512	-0.4031	0.1995	51.2500	55.0000	739399.576191
2.4513	-0.4031	0.1995	43.7500	55.0000	739399.576191
2.5516	-0.4510	0.2355	36.2500	55.0000	739399.576191
2.6686	-0.6304	0.3443	27.5000	55.0000	739399.576191
2.7849	-0.8242	0.4246	18.7500	55.0000	739399.576191
2.9024	-1.0280	0.4745	10.0000	55.0000	739399.576191
3.0192	-1.2370	0.4928	1.2500	55.0000	739399.576191
3.1351	-1.4464	0.4790	-7.5000	55.0000	739399.576191
3.2352	-1.6224	0.4420	-15.0000	55.0000	739399.576191
3.3354	-1.7921	0.3824	-22.5000	55.0000	739399.576191
3.4524	-1.9892	0.3106	-16.2500	55.0000	739399.576191
3.5689	-2.1950	0.2697	-7.5000	55.0000	739399.576191
3.6696	-2.3746	0.2599	0.0000	55.0000	739399.576191
3.7863	-2.5836	0.2782	8.7500	55.0000	739399.576191
3.9025	-2.7874	0.3280	17.5000	55.0000	739399.576191
4.0194	-2.9812	0.4083	26.2500	55.0000	739399.576191
4.1361	-3.1606	0.5171	35.0000	55.0000	739399.576191
4.2364	-3.2996	0.6313	42.5000	55.0000	739399.576191
4.3529	-3.4414	0.7859	51.2500	55.0000	739399.576191
4.4695	-3.5579	0.9604	60.0000	55.0000	739399.576191
4.5698	-3.6357	1.1226	67.5000	55.0000	739399.576191
4.6867	-3.6988	1.3227	76.2500	55.0000	739399.576191
4.8032	-3.7307	1.5300	85.0000	55.0000	739399.576191
4.9034	-3.7327	1.7099	92.5000	55.0000	739399.576191
5.0035	-3.7112	1.8885	100.0000	55.0000	739399.576191
5.1203	-3.6569	2.0911	108.7500	55.0000	739399.576191
5.2370	-3.5759	2.2848	113.7500	55.0000	739399.576191
5.3371	-3.5034	2.4496	113.7500	55.0000	739399.576191
5.4372	-3.4309	2.6143	113.7500	55.0000	739399.576191
5.5540	-3.3464	2.8065	113.7500	55.0000	739399.576191
5.6706	-3.2454	2.9905	122.5000	55.0000	739399.576191
5.7710	-3.1375	3.1344	130.0000	55.0000	739399.576191
5.8893	-3.0555	3.2219	138.7500	55.0000	739399.576191
6.0043	-3.0555	3.2219	147.5000	55.0000	739399.576191
6.1044	-3.0555	3.2219	155.0000	55.0000	739399.576191
6.2045	-3.0555	3.2219	162.5000	55.0000	739399.576191
6.3213	-3.0555	3.2219	171.2500	55.0000	739399.576191
6.4381	-3.0555	3.2219	180.0000	55.0000	739399.576191
6.5549	-3.0555	3.2219	178.7500	55.0000	739399.576191
6.6550	-3.0555	3.2219	171.2500	55.0000	739399.576191
6.7717	-3.0555	3.2219	162.5000	55.0000	739399.576191
6.8886	-3.0555	3.2219	153.7500	55.0000	739399.576191
7.0053	-3.0555	3.2219	145.0000	55.0000	739399.576191
7.1055	-3.0555	3.2219	137.5000	55.0000	739399.576191
7.2221	-3.0555	3.2219	128.7500	55.0000	739399.576191
7.3222	-3.0555	3.2219	121.2500	55.0000	739399.576191
7.4224	-3.0555	3.2219	120.0000	55.0000	739399.576191
7.5392	-2.9655	3.3778	120.0000	55.0000	739399.576191
7.6559	-2.8605	3.5597	120.0000	55.0000	739399.576191
7.7560	-2.7705	3.7156	120.0000	55.0000	739399.576191
7.8727	-2.7105	3.8195	120.0000	55.0000	739399.576191
7.9728	-2.7105	3.8195	117.5000	55.0000	739399.576191
8.0897	-2.7105	3.8195	108.7500	55.0000	739399.576191
8.2063	-2.6929	3.9077	100.0000	55.0000	739399.576191
8.3065	-2.6734	4.0866	95.0000	55.0000	739399.576191
8.4233	-2.6551	4.2958	95.0000	55.0000	739399.576191
8.5234	-2.6394	4.4751	95.0000	55.0000	739399.576191
8.6401	-2.6276	4.6847	90.0000	55.0000	739399.576191
8.7568	-2.6459	4.8937	81.2500	55.0000	739399.576191
8.8736	-2.6957	5.0975	72.5000	55.0000	739399.576191
8.9738	-2.7157	5.1541	65.0000	55.0000	739399.576191
9.0906	-2.7157	5.1541	56.2500	55.0000	739399.576191
9.2072	-2.7157	5.1541	47.5000	55.0000	739399.576191
9.3073	-2.7157	5.1541	40.0000	55.0000	739399.576191
9.4075	-2.7157	5.1541	32.5000	55.0000	739399.576191
9.5242	-2.7431	5.1662	23.7500	55.0000	739399.576191
9.6243	-2.9116	5.2296	20.0000	55.0000	739399.576191
9.7411	-3.1089	5.3014	20.0000	55.0000	739399.576191
9.8577	-3.3064	5.3726	18.7500	55.0000	739399.576191
9.9579	-3.4807	5.4172	11.2500	55.0000	739399.576191
10.0746	-3.6892	5.4401	2.5000	55.0000	739399.576191
10.1747	-3.8690	5.4342	-5.0000	55.0000	739399.576191
10.2748	-4.0465	5.4049	-12.5000	55.0000	739399.576191
10.3749	-4.2186	5.3527	-20.0000	55.0000	739399.576191
10.4918	-4.4088	5.2640	-28.7500	55.0000	739399.576191
10.6085	-4.5832	5.1475	-37.5000	55.0000	739399.576191
10.7086	-4.7171	5.0274	-45.0000	55.0000	739399.576191
10.8087	-4.8343	4.8909	-52.5000	55.0000	739399.576191
10.9088	-4.9326	4.7402	-60.0000	55.0000	739399.576191
11.0089	-5.0103	4.5780	-67.5000	55.0000	739399.576191
11.1262	-5.0828	4.3809	-70.0000	55.0000	739399.576191
11.2423	-5.1546	4.1836	-70.0000	55.0000	739399.576191
11.3426	-5.2162	4.0145	-70.0000	55.0000	739399.576191
11.4593	-5.2749	3.8130	-77.5000	55.0000	739399.576191
11.5599	-5.3068	3.6359	-80.0000	55.0000	739399.576191
11.6761	-5.3432	3.4291	-80.0000	55.0000	739399.576191
11.7928	-5.3797	3.2223	-80.0000	55.0000	739399.576191
11.8931	-5.4110	3.0450	-80.0000	55.0000	739399.576191
12.0100	-5.4474	2.8382	-80.0000	55.0000	739399.576191
12.1265	-5.4839	2.6314	-80.0000	55.0000	739399.576191
12.2266	-5.5152	2.4541	-80.0000	55.0000	739399.576191
12.3266	-5.5367	2.2755	-86.2500	55.0000	739399.576191
12.4433	-5.5360	2.0656	-91.2500	55.0000	739399.576191
12.5435	-5.5321	1.8857	-91.2500	55.0000	739399.576191
12.6603	-5.5275	1.6757	-91.2500	55.0000	739399.576191
12.7771	-5.5229	1.4658	-91.2500	55.0000	739399.576191
12.8771	-5.5190	1.2858	-91.2500	55.0000	739399.576191
12.9939	-5.5282	1.0762	-83.7500	55.0000	739399.576191
13.1105	-5.5691	0.8704	-75.0000	55.0000	739399.576191
13.2107	-5.6288	0.7007	-67.5000	55.0000	739399.576191
13.3109	-5.7101	0.5403	-60.0000	55.0000	739399.576191
13.4277	-5.8299	0.3680	-52.5000	55.0000	739399.576191
13.5444	-5.9577	0.2014	-52.5000	55.0000	739399.576191
13.6445	-6.0673	0.0586	-52.5000	55.0000	739399.576191
13.7611	-6.1952	-0.1080	-52.5000	55.0000	739399.576191
0.1191	0.0000	0.0000	45.0000	55.0000	739399.596191
0.2383	0.0000	0.0000	45.0000	55.0000	739399.596191
0.3410	0.0000	0.0000	45.0000	55.0000	739399.596191
0.4579	0.0000	0.0000	43.7500	55.0000	739399.596191
0.5765	0.0000	0.0000	35.0000	55.0000	739399.596191
0.6771	-0.1298	0.0750	27.5000	55.0000	739399.596191
0.7937	-0.3237	0.1553	18.7500	55.0000	739399.596191
0.8938	-0.4979	0.1999	11.2500	55.0000	739399.596191
1.0104	-0.7063	0.2247	5.0000	55.0000	739399.596191
1.1106	-0.8856	0.2404	5.0000	55.0000	739399.596191
1.2274	-1.0948	0.2587	5.0000	55.0000	739399.596191
1.3275	-1.2742	0.2744	5.0000	55.0000	739399.596191
1.4442	-1.4834	0.2927	5.0000	55.0000	739399.596191
1.5610	-1.6926	0.3110	5.0000	55.0000	739399.596191
1.6611	-1.8719	0.3267	5.0000	55.0000	739399.596191
1.7778	-2.0811	0.3450	5.0000	55.0000	739399.596191
1.8779	-2.2604	0.3607	5.0000	55.0000	739399.596191
1.9948	-2.4688	0.3855	10.0000	55.0000	739399.596191
2.1114	-2.6715	0.4398	18.7500	55.0000	739399.596191
2.2283	-2.8635	0.5243	27.5000	55.0000	739399.596191
2.3449	-3.0404	0.6370	36.2500	55.0000	739399.596191
2.4451	-3.1770	0.7541	43.7500	55.0000	739399.596191
2.5452	-3.2970	0.8880	51.2500	55.0000	739399.596191
2.6453	-3.3986	1.0365	58.7500	55.0000	739399.596191
2.7455	-3.4799	1.1970	66.2500	55.0000	739399.596191
2.8621	-3.5473	1.3956	75.0000	55.0000	739399.596191
2.9624	-3.5805	1.5724	82.5000	55.0000	739399.596191
3.0789	-3.5897	1.7820	91.2500	55.0000	739399.596191
3.1795	-3.5720	1.9610	98.7500	55.0000	739399.596191
3.2959	-3.5240	2.1654	105.0000	55.0000	739399.596191
3.4129	-3.4697	2.3682	105.0000	55.0000	739399.596191
3.5293	-3.4153	2.5710	105.0000	55.0000	739399.596191
3.6295	-3.3669	2.7444	107.5000	55.0000	739399.596191
3.7462	-3.2866	2.9382	116.2500	55.0000	739399.596191
3.8465	-3.1950	3.0930	123.7500	55.0000	739399.596191
3.9630	-3.0636	3.2566	132.5000	55.0000	739399.596191
4.0634	-2.9779	3.3405	140.0000	55.0000	739399.596191
4.1799	-2.9779	3.3405	148.7500	55.0000	739399.596191
4.2967	-2.9779	3.3405	157.5000	55.0000	739399.596191
4.4134	-2.9779	3.3405	166.2500	55.0000	739399.596191
4.5136	-2.9779	3.3405	173.7500	55.0000	739399.596191
4.6138	-2.9779	3.3405	181.2500	55.0000	739399.596191
4.7304	-2.9779	3.3405	190.0000	55.0000	739399.596191
4.8305	-2.9779	3.3405	197.5000	55.0000	739399.596191
4.9307	-2.9779	3.3405	205.0000	55.0000	739399.596191
5.0473	-2.9779	3.3405	213.7500	55.0000	739399.596191
5.1642	-2.9779	3.3405	216.2500	55.0000	739399.596191
5.2643	-2.9779	3.3405	216.2500	55.0000	739399.596191
5.3810	-2.9779	3.3405	216.2500	55.0000	739399.596191
5.4811	-2.9779	3.3405	216.2500	55.0000	739399.596191
5.5980	-2.9779	3.3405	216.2500	55.0000	739399.596191
5.6981	-2.9779	3.3405	216.2500	55.0000	739399.596191
5.8148	-2.9779	3.3405	216.2500	55.0000	739399.596191
5.9315	-2.9779	3.3405	216.2500	55.0000	739399.596191
6.0316	-2.9779	3.3405	216.2500	55.0000	739399.596191
6.1489	-2.9779	3.3405	212.5000	55.0000	739399.596191
6.2651	-2.9779	3.3405	203.7500	55.0000	739399.596191
6.3652	-2.9779	3.3405	196.2500	55.0000	739399.596191
6.4820	-2.9779	3.3405	187.5000	55.0000	739399.596191
6.5987	-2.9779	3.3405	178.7500	55.0000	739399.596191
6.6994	-2.9779	3.3405	171.2500	55.0000	739399.596191
6.8157	-2.9779	3.3405	162.5000	55.0000	739399.596191
6.9324	-2.9779	3.3405	153.7500	55.0000	739399.596191
7.0324	-2.9779	3.3405	146.2500	55.0000	739399.596191
7.1327	-2.8610	3.4343	138.7500	55.0000	739399.596191
7.2495	-2.7159	3.5859	130.0000	55.0000	739399.596191
7.3663	-2.5955	3.7578	121.2500	55.0000	739399.596191
7.4828	-2.5027	3.9459	112.5000	55.0000	739399.596191
7.5829	-2.4468	4.1169	105.0000	55.0000	739399.596191
7.6830	-2.4136	4.2937	97.5000	55.0000	739399.596191
7.7999	-2.4045	4.5033	88.7500	55.0000	739399.596191
7.9166	-2.4273	4.7118	80.0000	55.0000	739399.596191
8.0169	-2.4720	4.8861	72.5000	55.0000	739399.596191
8.1337	-2.5523	5.0799	63.7500	55.0000	739399.596191
8.2502	-2.5805	5.1328	55.0000	55.0000	739399.596191
8.3504	-2.5805	5.1328	47.5000	55.0000	739399.596191
8.4671	-2.5805	5.1328	38.7500	55.0000	739399.596191
8.5839	-2.5805	5.1328	30.0000	55.0000	739399.596191
8.7005	-2.5805	5.1328	21.2500	55.0000	739399.596191
8.8007	-2.5805	5.1328	21.2500	55.0000	739399.596191
8.9009	-2.5805	5.1328	21.2500	55.0000	739399.596191
9.0012	-2.5805	5.1328	21.2500	55.0000	739399.596191
9.1176	-2.7240	5.1766	16.2500	55.0000	739399.596191
9.2345	-2.9256	5.2354	16.2500	55.0000	739399.596191
9.3516	-3.1272	5.2942	16.2500	55.0000	739399.596191
9.4679	-3.3288	5.3529	16.2500	55.0000	739399.596191
9.5683	-3.5048	5.3900	8.7500	55.0000	739399.596191
9.6848	-3.7142	5.4037	0.0000	55.0000	739399.596191
9.7850	-3.8935	5.3900	-7.5000	55.0000	739399.596191
9.9015	-4.0984	5.3445	-16.2500	55.0000	739399.596191
10.0018	-4.2667	5.2812	-23.7500	55.0000	739399.596191
10.1019	-4.4253	5.1964	-31.2500	55.0000	739399.596191
10.2187	-4.5945	5.0723	-40.0000	55.0000	739399.596191
10.3353	-4.7429	4.9240	-48.7500	55.0000	739399.596191
10.4355	-4.8508	4.7801	-56.2500	55.0000	739399.596191
10.5522	-4.9517	4.5962	-65.0000	55.0000	739399.596191
10.6524	-5.0151	4.4278	-72.5000	55.0000	739399.596191
10.7691	-5.0669	4.2243	-76.2500	55.0000	739399.596191
10.8692	-5.1070	4.0668	-76.2500	55.0000	739399.596191
10.9860	-5.1533	3.8965	-76.2500	55.0000	739399.596191
11.1027	-5.2032	3.6925	-76.2500	55.0000	739399.596191
11.2028	-5.2396	3.5164	-81.2500	55.0000	739399.596191
11.3196	-5.2599	3.3074	-85.0000	55.0000	739399.596191
11.4197	-5.2756	3.1281	-85.0000	55.0000	739399.596191
11.5367	-5.2939	2.9188	-85.0000	55.0000	739399.596191
11.6532	-5.3122	2.7096	-85.0000	55.0000	739399.596191
11.7533	-5.3279	2.5303	-85.0000	55.0000	739399.596191
11.8534	-5.3436	2.3510	-85.0000	55.0000	739399.596191
11.9705	-5.3619	2.1418	-85.0000	55.0000	739399.596191
12.0870	-5.3802	1.9326	-85.0000	55.0000	739399.596191
12.1871	-5.3958	1.7533	-85.0000	55.0000	739399.596191
12.3038	-5.4142	1.5441	-85.0000	55.0000	739399.596191
12.4207	-5.4325	1.3349	-85.0000	55.0000	739399.596191
12.5373	-5.4605	1.1269	-78.7500	55.0000	739399.596191
12.6545	-5.5192	0.9255	-70.0000	55.0000	739399.596191
12.7725	-5.6079	0.7354	-61.2500	55.0000	739399.596191
12.8875	-5.7129	0.5535	-60.0000	55.0000	739399.596191
12.9877	-5.8029	0.3976	-60.0000	55.0000	739399.596191
13.0878	-5.8929	0.2417	-60.0000	55.0000	739399.596191
13.2046	-6.0132	0.0699	-51.2500	55.0000	739399.596191
13.3213	-6.1583	-0.0817	-42.5000	55.0000	739399.596191
0.1047	0.0000	0.0000	45.0000	55.0000	739402.554262
0.2145	0.0000	0.0000	45.0000	55.0000	739402.554262
0.3311	0.0000	0.0000	45.0000	55.0000	739402.554262
0.4477	0.0000	0.0000	45.0000	55.0000	739402.554262
0.5478	0.0000	0.0000	45.0000	55.0000	739402.554262
0.6642	0.0000	0.0000	42.5000	55.0000	739402.554262
0.7645	0.0000	0.0000	35.0000	55.0000	739402.554262
0.8811	-0.0795	0.0421	27.5000	55.0000	739402.554262
0.9975	-0.2658	0.1391	27.5000	55.0000	739402.554262
1.0978	-0.4255	0.2222	27.5000	55.0000	739402.554262
1.2144	-0.6120	0.3186	26.2500	55.0000	739402.554262
1.3146	-0.7789	0.3856	18.7500	55.0000	739402.554262
1.4160	-0.9532	0.4303	11.2500	55.0000	739402.554262
1.5314	-1.1617	0.4531	2.5000	55.0000	739402.554262
1.6478	-1.3717	0.4538	0.0000	55.0000	739402.554262
1.7646	-1.5817	0.4538	0.0000	55.0000	739402.554262
1.8818	-1.7917	0.4538	0.0000	55.0000	739402.554262
1.9976	-2.0017	0.4538	0.0000	55.0000	739402.554262
2.0978	-2.1817	0.4538	0.0000	55.0000	739402.554262
2.2144	-2.3917	0.4538	0.0000	55.0000	739402.554262
2.3311	-2.6017	0.4538	0.0000	55.0000	739402.554262
2.4327	-2.7817	0.4544	1.2500	55.0000	739402.554262
2.5329	-2.9607	0.4721	8.7500	55.0000	739402.554262
2.6480	-3.0490	0.4896	17.5000	55.0000	739402.554262
2.7643	-3.0490	0.4896	26.2500	55.0000	739402.554262
2.8811	-3.0736	0.5068	35.0000	55.0000	739402.554262
2.9976	-3.2343	0.6417	43.7500	55.0000	739402.554262
3.0978	-3.3544	0.7756	51.2500	55.0000	739402.554262
3.2142	-3.4709	0.9501	60.0000	55.0000	739402.554262
3.3146	-3.5487	1.1122	67.5000	55.0000	739402.554262
3.4149	-3.6047	1.2832	75.0000	55.0000	739402.554262
3.5330	-3.6411	1.4898	83.7500	55.0000	739402.554262
3.6486	-3.6411	1.4898	92.5000	55.0000	739402.554262
3.7644	-3.6411	1.4898	101.2500	55.0000	739402.554262
3.8647	-3.6411	1.4898	103.7500	55.0000	739402.554262
3.9809	-3.6411	1.4898	101.2500	55.0000	739402.554262
4.0810	-3.6248	1.6388	93.7500	55.0000	739402.554262
4.1811	-3.6267	1.8187	86.2500	55.0000	739402.554262
4.2977	-3.6450	2.0279	85.0000	55.0000	739402.554262
4.4142	-3.6535	2.2376	91.2500	55.0000	739402.554262
4.5149	-3.6359	2.4166	98.7500	55.0000	739402.554262
4.6310	-3.5860	2.6204	107.5000	55.0000	739402.554262
4.7475	-3.5058	2.8142	116.2500	55.0000	739402.554262
4.8483	-3.5058	2.8142	123.7500	55.0000	739402.554262
4.9641	-3.5058	2.8142	132.5000	55.0000	739402.554262
5.0809	-3.5058	2.8142	141.2500	55.0000	739402.554262
5.1976	-3.5058	2.8142	143.7500	55.0000	739402.554262
5.3146	-3.5058	2.8142	143.7500	55.0000	739402.554262
5.4330	-3.3618	2.9222	141.2500	55.0000	739402.554262
5.5476	-3.3618	2.9222	132.5000	55.0000	739402.554262
5.6478	-3.3618	2.9222	126.2500	55.0000	739402.554262
5.7646	-3.3618	2.9222	130.0000	55.0000	739402.554262
5.8810	-3.3618	2.9222	138.7500	55.0000	739402.554262
5.9811	-3.3618	2.9222	141.2500	55.0000	739402.554262
6.0816	-3.3618	2.9222	141.2500	55.0000	739402.554262
6.1976	-3.3618	2.9222	138.7500	55.0000	739402.554262
6.3145	-3.3025	2.9898	130.0000	55.0000	739402.554262
6.4313	-3.1675	3.1507	130.0000	55.0000	739402.554262
6.5477	-3.0325	3.3116	130.0000	55.0000	739402.554262
6.6643	-2.8846	3.4604	137.5000	55.0000	739402.554262
6.7646	-2.7519	3.5820	137.5000	55.0000	739402.554262
6.8810	-2.5970	3.7239	137.5000	55.0000	739402.554262
6.9977	-2.5528	3.7644	132.5000	55.0000	739402.554262
7.1144	-2.5528	3.7644	123.7500	55.0000	739402.554262
7.2148	-2.5528	3.7644	116.2500	55.0000	739402.554262
7.3312	-2.5528	3.7644	107.5000	55.0000	739402.554262
7.4314	-2.5528	3.7644	100.0000	55.0000	739402.554262
7.5327	-2.5495	3.8243	92.5000	55.0000	739402.554262
7.6477	-2.5548	4.0342	87.5000	55.0000	739402.554262
7.7479	-2.5626	4.2140	87.5000	55.0000	739402.554262
7.8644	-2.5718	4.4238	87.5000	55.0000	739402.554262
7.9810	-2.5809	4.6336	87.5000	55.0000	739402.554262
8.0977	-2.5901	4.8434	87.5000	55.0000	739402.554262
8.1979	-2.5973	5.0233	88.7500	55.0000	739402.554262
8.3143	-2.5966	5.0833	97.5000	55.0000	739402.554262
8.4312	-2.5966	5.0833	106.2500	55.0000	739402.554262
8.5477	-2.5966	5.0833	115.0000	55.0000	739402.554262
8.6641	-2.5966	5.0833	123.7500	55.0000	739402.554262
8.7642	-2.5966	5.0833	131.2500	55.0000	739402.554262
8.8646	-2.4726	5.2138	133.7500	55.0000	739402.554262
8.9811	-2.3274	5.3655	133.7500	55.0000	739402.554262
9.0977	-2.1817	5.5167	135.0000	55.0000	739402.554262
9.1978	-2.0690	5.6156	142.5000	55.0000	739402.554262
9.3143	-2.0690	5.6156	151.2500	55.0000	739402.554262
9.4326	-2.0690	5.6156	160.0000	55.0000	739402.554262
9.5476	-2.0690	5.6156	168.7500	55.0000	739402.554262
9.6642	-1.9792	5.6214	177.5000	55.0000	739402.554262
9.7810	-1.7696	5.6123	186.2500	55.0000	739402.554262
9.8979	-1.5638	5.5714	195.0000	55.0000	739402.554262
9.9990	-1.3942	5.5117	202.5000	55.0000	739402.554262
10.1146	-1.2081	5.4148	211.2500	55.0000	739402.554262
10.2314	-1.2081	5.4148	220.0000	55.0000	739402.554262
10.3476	-1.2081	5.4148	228.7500	55.0000	739402.554262
10.4498	-1.2081	5.4148	236.2500	55.0000	739402.554262
10.5501	-1.2081	5.4148	243.7500	55.0000	739402.554262
10.6644	-1.2081	5.4148	252.5000	55.0000	739402.554262
10.7648	-1.2081	5.4148	260.0000	55.0000	739402.554262
10.8812	-1.2081	5.4148	268.7500	55.0000	739402.554262
10.9977	-1.2081	5.4148	277.5000	55.0000	739402.554262
11.0988	-1.2081	5.4148	283.7500	55.0000	739402.554262
11.2144	-1.2081	5.4148	283.7500	55.0000	739402.554262
11.3145	-1.2081	5.4148	283.7500	55.0000	739402.554262
11.4147	-1.2081	5.4148	283.7500	55.0000	739402.554262
11.5313	-1.2081	5.4148	283.7500	55.0000	739402.554262
11.6328	-1.2437	5.2691	283.7500	55.0000	739402.554262
11.7477	-1.2936	5.0651	283.7500	55.0000	739402.554262
11.8499	-1.3364	4.8903	283.7500	55.0000	739402.554262
11.9645	-1.3863	4.6863	283.7500	55.0000	739402.554262
12.0820	-1.4362	4.4823	283.7500	55.0000	739402.554262
12.1976	-1.4862	4.2783	283.7500	55.0000	739402.554262
12.2977	-1.5251	4.1027	280.0000	55.0000	739402.554262
12.4143	-1.5434	3.8937	271.2500	55.0000	739402.554262
12.5309	-1.5395	3.6837	268.7500	55.0000	739402.554262
12.6315	-1.5355	3.5037	268.7500	55.0000	739402.554262
12.7476	-1.5493	3.2944	277.5000	55.0000	739402.554262
12.8478	-1.5799	3.1170	280.0000	55.0000	739402.554262
12.9650	-1.6163	2.9102	280.0000	55.0000	739402.554262
13.0809	-1.6528	2.7034	280.0000	55.0000	739402.554262
13.1811	-1.6841	2.5261	280.0000	55.0000	739402.554262
13.2817	-1.6841	2.5261	280.0000	55.0000	739402.554262
13.3977	-1.6841	2.5261	280.0000	55.0000	739402.554262
13.5144	-1.7101	2.3784	280.0000	55.0000	739402.554262
13.6148	-1.7309	2.2602	280.0000	55.0000	739402.554262
13.7310	-1.7309	2.2602	280.0000	55.0000	739402.554262
13.8496	-1.7309	2.2602	280.0000	55.0000	739402.554262
13.9498	-1.7570	2.1125	280.0000	55.0000	739402.554262
14.0647	-1.7778	1.9943	280.0000	55.0000	739402.554262
14.1808	-1.7778	1.9943	280.0000	55.0000	739402.554262
14.2810	-1.7778	1.9943	280.0000	55.0000	739402.554262
14.3813	-1.7778	1.9943	280.0000	55.0000	739402.554262
14.4975	-1.7778	1.9943	281.2500	55.0000	739402.554262
14.5978	-1.7778	1.9943	288.7500	55.0000	739402.554262
14.7143	-1.7778	1.9943	297.5000	55.0000	739402.554262
14.8309	-1.7778	1.9943	306.2500	55.0000	739402.554262
14.9311	-1.7778	1.9943	313.7500	55.0000	739402.554262
15.0477	-1.7778	1.9943	322.5000	55.0000	739402.554262
15.1495	-1.7778	1.9943	330.0000	55.0000	739402.554262
15.2648	-1.7778	1.9943	338.7500	55.0000	739402.554262
15.3809	-1.7778	1.9943	347.5000	55.0000	739402.554262
15.4812	-1.7778	1.9943	355.0000	55.0000	739402.554262
15.5826	-1.7778	1.9943	362.5000	55.0000	739402.554262
15.6976	-1.7778	1.9943	371.2500	55.0000	739402.554262
15.8144	-1.7778	1.9943	380.0000	55.0000	739402.554262
15.9308	-1.7778	1.9943	388.7500	55.0000	739402.554262
16.0309	-1.7778	1.9943	396.2500	55.0000	739402.554262
16.1310	-1.7778	1.9943	403.7500	55.0000	739402.554262
16.2479	-1.7778	1.9943	412.5000	55.0000	739402.554262
16.3497	-1.7778	1.9943	418.7500	55.0000	739402.554262
16.4644	-1.8868	2.1739	418.7500	55.0000	739402.554262
16.5650	-1.9801	2.3278	418.7500	55.0000	739402.554262
16.6811	-1.9957	2.3534	422.5000	55.0000	739402.554262
16.7975	-1.9957	2.3534	431.2500	55.0000	739402.554262
16.8977	-1.9957	2.3534	438.7500	55.0000	739402.554262
17.0142	-1.9957	2.3534	447.5000	55.0000	739402.554262
17.1143	-1.9957	2.3534	455.0000	55.0000	739402.554262
17.2321	-1.9957	2.3534	463.7500	55.0000	739402.554262
17.3322	-1.9957	2.3534	471.2500	55.0000	739402.554262
17.4498	-1.9957	2.3534	480.0000	55.0000	739402.554262
17.5644	-1.9312	2.4546	482.5000	55.0000	739402.554262
17.6646	-1.8345	2.6064	482.5000	55.0000	739402.554262
17.7811	-1.7273	2.7869	477.5000	55.0000	739402.554262
17.8978	-1.6470	2.9807	468.7500	55.0000	739402.554262
18.0145	-1.5972	3.1845	460.0000	55.0000	739402.554262
18.1148	-1.5795	3.3635	452.5000	55.0000	739402.554262
18.2308	-1.5887	3.5731	443.7500	55.0000	739402.554262
18.3475	-1.6277	3.7793	437.5000	55.0000	739402.554262
18.4644	-1.6667	3.9856	442.5000	55.0000	739402.554262
18.5810	-1.6759	4.1952	451.2500	55.0000	739402.554262
18.6814	-1.6622	4.3746	455.0000	55.0000	739402.554262
18.7977	-1.6438	4.5838	455.0000	55.0000	739402.554262
18.9142	-1.6249	4.7929	456.2500	55.0000	739402.554262
19.0143	-1.5917	4.9697	463.7500	55.0000	739402.554262
19.1310	-1.5243	5.1684	472.5000	55.0000	739402.554262
19.2313	-1.4430	5.3288	480.0000	55.0000	739402.554262
19.3477	-1.3597	5.4535	488.7500	55.0000	739402.554262
19.4494	-1.3597	5.4535	496.2500	55.0000	739402.554262
19.5644	-1.3597	5.4535	505.0000	55.0000	739402.554262
19.6811	-1.3597	5.4535	513.7500	55.0000	739402.554262
19.7978	-1.3597	5.4535	522.5000	55.0000	739402.554262
19.9146	-1.3597	5.4535	531.2500	55.0000	739402.554262
20.0309	-1.3597	5.4535	540.0000	55.0000	739402.554262
20.1475	-1.3597	5.4535	548.7500	55.0000	739402.554262
20.2493	-1.3597	5.4535	556.2500	55.0000	739402.554262
20.3494	-1.3597	5.4535	563.7500	55.0000	739402.554262
20.4643	-1.3597	5.4535	572.5000	55.0000	739402.554262
20.5809	-1.3597	5.4535	581.2500	55.0000	739402.554262
20.6813	-1.3597	5.4535	588.7500	55.0000	739402.554262
20.7976	-1.3597	5.4535	597.5000	55.0000	739402.554262
20.9146	-1.3597	5.4535	606.2500	55.0000	739402.554262
21.0311	-1.3597	5.4535	615.0000	55.0000	739402.554262
21.1494	-1.3597	5.4535	623.7500	55.0000	739402.554262
21.2643	-1.3597	5.4535	630.0000	55.0000	739402.554262
21.3647	-1.3597	5.4835	630.0000	55.0000	739402.554262
21.4662	-1.3597	5.6635	630.0000	55.0000	739402.554262
21.5811	-1.3597	5.8135	630.0000	55.0000	739402.554262
21.6979	-1.3597	5.8135	638.7500	55.0000	739402.554262
21.8143	-1.3597	5.8135	647.5000	55.0000	739402.554262
21.9309	-1.3597	5.8135	656.2500	55.0000	739402.554262
22.0311	-1.3597	5.8135	663.7500	55.0000	739402.554262
22.1475	-1.3597	5.8135	672.5000	55.0000	739402.554262
22.2477	-1.3597	5.8135	680.0000	55.0000	739402.554262
22.3664	-1.3597	5.8135	686.2500	55.0000	739402.554262
22.4811	-1.3597	5.8135	677.5000	55.0000	739402.554262
22.5975	-1.3597	5.8135	668.7500	55.0000	739402.554262
22.7143	-1.3597	5.8135	660.0000	55.0000	739402.554262
22.8145	-1.3597	5.8135	652.5000	55.0000	739402.554262
22.9311	-1.3597	5.8135	643.7500	55.0000	739402.554262
23.0316	-1.3597	5.8135	636.2500	55.0000	739402.554262
23.1480	-1.3597	5.8135	627.5000	55.0000	739402.554262
23.2649	-1.3597	5.8135	618.7500	55.0000	739402.554262
23.3812	-1.3597	5.8135	610.0000	55.0000	739402.554262
23.4975	-1.3597	5.8135	601.2500	55.0000	739402.554262
23.5979	-1.3597	5.8135	593.7500	55.0000	739402.554262
23.7141	-1.2401	5.6791	586.2500	55.0000	739402.554262
23.8145	-1.1156	5.5491	586.2500	55.0000	739402.554262
23.9146	-0.9960	5.4147	591.2500	55.0000	739402.554262
24.0311	-0.8795	5.2403	600.0000	55.0000	739402.554262
24.1477	-0.7908	5.0501	608.7500	55.0000	739402.554262
24.2663	-0.7321	4.8487	617.5000	55.0000	739402.554262
24.3808	-0.6982	4.6415	621.2500	55.0000	739402.554262
24.4819	-0.6708	4.4636	621.2500	55.0000	739402.554262
24.5976	-0.6434	4.2857	621.2500	55.0000	739402.554262
24.7143	-0.6434	4.2857	621.2500	55.0000	739402.554262
24.8310	-0.6754	4.4932	621.2500	55.0000	739402.554262
24.9312	-0.7028	4.6711	621.2500	55.0000	739402.554262
25.0476	-0.7165	4.8805	630.0000	55.0000	739402.554262
25.1479	-0.7028	5.0598	637.5000	55.0000	739402.554262
25.2642	-0.6574	5.2646	646.2500	55.0000	739402.554262
25.3663	-0.5940	5.4330	653.7500	55.0000	739402.554262
25.4810	-0.5092	5.5916	662.5000	55.0000	739402.554262
25.5815	-0.5092	5.5916	670.0000	55.0000	739402.554262
25.6816	-0.5530	5.5506	677.5000	55.0000	739402.554262
25.7976	-0.7194	5.4229	686.2500	55.0000	739402.554262
25.8994	-0.8762	5.3347	693.7500	55.0000	739402.554262
26.0143	-1.0717	5.2586	702.5000	55.0000	739402.554262
26.1147	-1.2469	5.2178	710.0000	55.0000	739402.554262
26.2309	-1.4559	5.1995	718.7500	55.0000	739402.554262
26.3311	-1.6355	5.2093	726.2500	55.0000	739402.554262
26.4479	-1.8432	5.2406	728.7500	55.0000	739402.554262
26.5644	-2.0507	5.2725	728.7500	55.0000	739402.554262
26.6812	-2.2583	5.3045	728.7500	55.0000	739402.554262
26.7980	-2.4658	5.3364	728.7500	55.0000	739402.554262
26.9141	-2.6734	5.3684	728.7500	55.0000	739402.554262
27.0150	-2.8513	5.3958	728.7500	55.0000	739402.554262
27.1309	-3.0596	5.4212	723.7500	55.0000	739402.554262
27.2310	-3.2395	5.4193	716.2500	55.0000	739402.554262
27.3476	-3.4470	5.3880	708.7500	55.0000	739402.554262
27.4641	-3.6529	5.3470	708.7500	55.0000	739402.554262
27.5654	-3.8295	5.3119	708.7500	55.0000	739402.554262
27.6660	-4.0060	5.2768	708.7500	55.0000	739402.554262
27.7811	-4.2087	5.2225	701.2500	55.0000	739402.554262
27.8977	-4.4007	5.1380	692.5000	55.0000	739402.554262
28.0144	-4.5777	5.0253	683.7500	55.0000	739402.554262
28.1148	-4.7168	4.9111	680.0000	55.0000	739402.554262
28.2309	-4.8776	4.7761	680.0000	55.0000	739402.554262
28.3479	-5.0319	4.6338	673.7500	55.0000	739402.554262
28.4641	-5.1632	4.4702	665.0000	55.0000	739402.554262
28.5660	-5.2549	4.3154	657.5000	55.0000	739402.554262
28.6810	-5.3351	4.1216	648.7500	55.0000	739402.554262
28.7975	-5.3850	3.9178	640.0000	55.0000	739402.554262
28.8978	-5.4066	3.7391	636.2500	55.0000	739402.554262
29.0142	-5.4294	3.5304	636.2500	55.0000	739402.554262
29.1144	-5.4490	3.3515	636.2500	55.0000	739402.554262
29.2313	-5.4719	3.1427	636.2500	55.0000	739402.554262
29.3476	-5.4947	2.9340	636.2500	55.0000	739402.554262
29.4479	-5.5078	2.8147	636.2500	55.0000	739402.554262
29.5641	-5.5078	2.8147	636.2500	55.0000	739402.554262
29.6642	-5.5078	2.8147	636.2500	55.0000	739402.554262
29.7828	-5.5078	2.8147	636.2500	55.0000	739402.554262
29.8830	-5.5143	2.7550	636.2500	55.0000	739402.554262
29.9975	-5.5372	2.5463	636.2500	55.0000	739402.554262
30.0978	-5.5568	2.3673	636.2500	55.0000	739402.554262
30.2144	-5.5797	2.1586	636.2500	55.0000	739402.554262
30.3308	-5.6025	1.9498	636.2500	55.0000	739402.554262
30.4312	-5.6156	1.7704	631.2500	55.0000	739402.554262
30.5479	-5.6019	1.5611	622.5000	55.0000	739402.554262
30.6643	-5.5660	1.3541	620.0000	55.0000	739402.554262
30.7662	-5.5413	1.1760	625.0000	55.0000	739402.554262
30.8809	-5.5413	0.9662	633.7500	55.0000	739402.554262
30.9977	-5.5732	0.7588	642.5000	55.0000	739402.554262
31.0978	-5.6254	0.5867	650.0000	55.0000	739402.554262
31.2142	-5.7141	0.3965	658.7500	55.0000	739402.554262
31.3143	-5.8124	0.2459	666.2500	55.0000	739402.554262
31.4309	-5.9433	0.0817	668.7500	55.0000	739402.554262
31.5313	-6.0560	-0.0587	668.7500	55.0000	739402.554262
0.1189	0.0000	0.0000	45.0000	55.0000	739402.579868
0.2191	0.0000	0.0000	45.0000	55.0000	739402.579868
0.3220	0.0000	0.0000	45.0000	55.0000	739402.579868
0.4386	0.0000	0.0000	45.0000	55.0000	739402.579868
0.5387	0.0000	0.0000	45.0000	55.0000	739402.579868
0.6559	-0.1088	0.1032	41.2500	55.0000	739402.579868
0.7722	-0.2078	0.1710	32.5000	55.0000	739402.579868
0.8723	-0.3664	0.2557	25.0000	55.0000	739402.579868
0.9890	-0.5636	0.3275	16.2500	55.0000	739402.579868
1.1058	-0.7693	0.3684	7.5000	55.0000	739402.579868
1.2061	-0.9489	0.3782	0.0000	55.0000	739402.579868
1.3227	-1.1584	0.3639	-5.0000	55.0000	739402.579868
1.4229	-1.3377	0.3482	-5.0000	55.0000	739402.579868
1.5395	-1.5469	0.3299	-5.0000	55.0000	739402.579868
1.6396	-1.7262	0.3142	-5.0000	55.0000	739402.579868
1.7563	-1.9354	0.2959	-5.0000	55.0000	739402.579868
1.8564	-2.1147	0.2802	-5.0000	55.0000	739402.579868
1.9732	-2.3244	0.2717	1.2500	55.0000	739402.579868
2.0900	-2.5330	0.2945	10.0000	55.0000	739402.579868
2.2067	-2.7356	0.3488	18.7500	55.0000	739402.579868
2.3069	-2.9010	0.4195	26.2500	55.0000	739402.579868
2.4236	-3.0804	0.5283	35.0000	55.0000	739402.579868
2.5239	-3.1046	0.5460	42.5000	55.0000	739402.579868
2.6410	-3.1046	0.5460	51.2500	55.0000	739402.579868
2.7425	-3.1046	0.5460	58.7500	55.0000	739402.579868
2.8573	-3.1974	0.7342	67.5000	55.0000	739402.579868
2.9575	-3.2533	0.9052	75.0000	55.0000	739402.579868
3.0741	-3.2904	1.1117	82.5000	55.0000	739402.579868
3.1743	-3.3139	1.2902	82.5000	55.0000	739402.579868
3.2744	-3.3374	1.4686	82.5000	55.0000	739402.579868
3.3744	-3.3609	1.6471	82.5000	55.0000	739402.579868
3.4745	-3.3844	1.8255	82.5000	55.0000	739402.579868
3.5912	-3.4118	2.0337	82.5000	55.0000	739402.579868
3.6915	-3.4353	2.2122	82.5000	55.0000	739402.579868
3.8082	-3.4444	2.4218	91.2500	55.0000	739402.579868
3.9083	-3.4268	2.6008	98.7500	55.0000	739402.579868
4.0249	-3.3769	2.8046	107.5000	55.0000	739402.579868
4.1253	-3.3099	2.9715	115.0000	55.0000	739402.579868
4.2419	-3.2050	3.1532	123.7500	55.0000	739402.579868
4.3423	-3.0940	3.2947	131.2500	55.0000	739402.579868
4.4589	-2.9437	3.4413	137.5000	55.0000	739402.579868
4.5755	-2.8020	3.5959	128.7500	55.0000	739402.579868
4.6755	-2.7004	3.7444	121.2500	55.0000	739402.579868
4.7757	-2.6191	3.9049	113.7500	55.0000	739402.579868
4.8924	-2.5517	4.1035	105.0000	55.0000	739402.579868
4.9925	-2.5185	4.2803	97.5000	55.0000	739402.579868
5.0927	-2.5048	4.4598	93.7500	55.0000	739402.579868
5.1927	-2.4891	4.6390	97.5000	55.0000	739402.579868
5.2929	-2.4521	4.8150	105.0000	55.0000	739402.579868
5.4096	-2.3803	5.0122	113.7500	55.0000	739402.579868
5.5097	-2.2955	5.1708	121.2500	55.0000	739402.579868
5.6098	-2.1908	5.3170	128.7500	55.0000	739402.579868
5.7100	-2.0678	5.4483	136.2500	55.0000	739402.579868
5.8266	-1.9042	5.5796	145.0000	55.0000	739402.579868
5.9267	-1.7494	5.6713	152.5000	55.0000	739402.579868
6.0270	-1.5840	5.7419	160.0000	55.0000	739402.579868
6.1437	-1.5840	5.7419	168.7500	55.0000	739402.579868
6.2438	-1.5840	5.7419	176.2500	55.0000	739402.579868
6.3606	-1.5840	5.7419	185.0000	55.0000	739402.579868
6.4607	-1.5840	5.7419	192.5000	55.0000	739402.579868
6.5774	-1.5560	5.7310	201.2500	55.0000	739402.579868
6.6941	-1.3679	5.6383	210.0000	55.0000	739402.579868
6.7943	-1.2194	5.5367	217.5000	55.0000	739402.579868
6.8944	-1.1067	5.4378	225.0000	55.0000	739402.579868
7.0111	-1.1067	5.4378	233.7500	55.0000	739402.579868
7.1278	-1.1067	5.4378	242.5000	55.0000	739402.579868
7.2281	-1.1067	5.4378	250.0000	55.0000	739402.579868
7.3449	-1.1067	5.4378	258.7500	55.0000	739402.579868
7.4614	-1.1067	5.4378	267.5000	55.0000	739402.579868
7.5616	-1.1067	5.4378	275.0000	55.0000	739402.579868
7.6784	-1.1067	5.4378	283.7500	55.0000	739402.579868
7.7785	-1.1067	5.4378	291.2500	55.0000	739402.579868
7.8952	-1.1067	5.4378	300.0000	55.0000	739402.579868
8.0119	-1.1067	5.4378	308.7500	55.0000	739402.579868
8.1121	-1.1067	5.4378	316.2500	55.0000	739402.579868
8.2287	-1.1067	5.4378	325.0000	55.0000	739402.579868
8.3291	-0.9768	5.5128	332.5000	55.0000	739402.579868
8.4458	-0.7906	5.6098	332.5000	55.0000	739402.579868
8.5624	-0.6043	5.7067	332.5000	55.0000	739402.579868
8.6791	-0.4731	5.7794	326.2500	55.0000	739402.579868
8.7792	-0.4731	5.7794	318.7500	55.0000	739402.579868
8.8794	-0.4731	5.7794	311.2500	55.0000	739402.579868
8.9802	-0.4731	5.7794	303.7500	55.0000	739402.579868
9.0968	-0.4731	5.7794	295.0000	55.0000	739402.579868
9.2137	-0.4731	5.7794	286.2500	55.0000	739402.579868
9.3298	-0.4731	5.7794	280.0000	55.0000	739402.579868
9.4465	-0.4731	5.7794	280.0000	55.0000	739402.579868
9.5466	-0.4731	5.7794	282.5000	55.0000	739402.579868
9.6469	-0.4731	5.7794	290.0000	55.0000	739402.579868
9.7634	-0.4731	5.7794	298.7500	55.0000	739402.579868
9.8637	-0.4731	5.7794	306.2500	55.0000	739402.579868
9.9804	-0.4731	5.7794	315.0000	55.0000	739402.579868
10.0972	-0.4731	5.7794	323.7500	55.0000	739402.579868
10.2137	-0.4731	5.7794	332.5000	55.0000	739402.579868
10.3139	-0.6116	5.7221	340.0000	55.0000	739402.579868
10.4141	-0.7849	5.6736	347.5000	55.0000	739402.579868
10.5309	-0.9927	5.6443	353.7500	55.0000	739402.579868
10.6310	-1.1716	5.6247	353.7500	55.0000	739402.579868
10.7478	-1.3804	5.6018	353.7500	55.0000	739402.579868
10.8644	-1.5891	5.5790	353.7500	55.0000	739402.579868
10.9645	-1.7681	5.5594	353.7500	55.0000	739402.579868
11.0813	-1.9768	5.5365	353.7500	55.0000	739402.579868
11.1980	-2.1856	5.5136	353.7500	55.0000	739402.579868
11.2981	-2.3645	5.4940	353.7500	55.0000	739402.579868
11.3982	-2.5434	5.4744	353.7500	55.0000	739402.579868
11.4983	-2.7224	5.4548	353.7500	55.0000	739402.579868
11.5984	-2.9013	5.4352	353.7500	55.0000	739402.579868
11.7152	-3.1105	5.4189	358.7500	55.0000	739402.579868
11.8321	-3.3199	5.4326	367.5000	55.0000	739402.579868
11.9488	-3.5257	5.4742	372.5000	55.0000	739402.579868
12.0654	-3.7307	5.5197	372.5000	55.0000	739402.579868
12.1656	-3.9088	5.5451	365.0000	55.0000	739402.579868
12.2657	-4.0886	5.5471	357.5000	55.0000	739402.579868
12.3824	-4.2966	5.5197	348.7500	55.0000	739402.579868
12.4825	-4.4699	5.4712	341.2500	55.0000	739402.579868
12.5826	-4.6353	5.4006	333.7500	55.0000	739402.579868
12.6994	-4.8146	5.2918	325.0000	55.0000	739402.579868
12.8162	-4.9754	5.1569	316.2500	55.0000	739402.579868
12.9329	-5.1137	4.9992	307.5000	55.0000	739402.579868
13.0330	-5.1314	4.9750	300.0000	55.0000	739402.579868
13.1331	-5.1314	4.9750	292.5000	55.0000	739402.579868
13.2332	-5.1314	4.9750	285.0000	55.0000	739402.579868
13.3499	-5.1314	4.9750	283.7500	55.0000	739402.579868
13.4500	-5.1742	4.8001	283.7500	55.0000	739402.579868
13.5667	-5.2241	4.5961	283.7500	55.0000	739402.579868
13.6668	-5.2669	4.4213	283.7500	55.0000	739402.579868
13.7836	-5.3168	4.2173	283.7500	55.0000	739402.579868
13.8838	-5.3532	4.0411	278.7500	55.0000	739402.579868
14.0004	-5.3676	3.8318	271.2500	55.0000	739402.579868
14.1005	-5.3715	3.6518	271.2500	55.0000	739402.579868
14.2007	-5.3754	3.4719	271.2500	55.0000	739402.579868
14.3176	-5.3800	3.2619	271.2500	55.0000	739402.579868
14.4342	-5.3846	3.0520	271.2500	55.0000	739402.579868
14.5509	-5.3892	2.8420	271.2500	55.0000	739402.579868
14.6511	-5.3931	2.6621	271.2500	55.0000	739402.579868
14.7678	-5.3977	2.4521	271.2500	55.0000	739402.579868
14.8679	-5.4016	2.2722	271.2500	55.0000	739402.579868
14.9681	-5.4055	2.0922	271.2500	55.0000	739402.579868
15.0848	-5.4101	1.8823	271.2500	55.0000	739402.579868
15.1850	-5.4140	1.7023	271.2500	55.0000	739402.579868
15.3016	-5.4186	1.4923	271.2500	55.0000	739402.579868
15.4017	-5.4291	1.3127	276.2500	55.0000	739402.579868
15.5186	-5.4700	1.1070	285.0000	55.0000	739402.579868
15.6352	-5.5418	0.9098	293.7500	55.0000	739402.579868
15.7353	-5.6260	0.7509	300.0000	55.0000	739402.579868
15.8354	-5.7160	0.5950	300.0000	55.0000	739402.579868
15.9356	-5.8060	0.4391	300.0000	55.0000	739402.579868
16.0357	-5.8960	0.2832	300.0000	55.0000	739402.579868
16.1369	-5.9893	0.1294	303.7500	55.0000	739402.579868
16.2526	-6.1207	-0.0342	312.5000	55.0000	739402.579868
0.1086	0.0000	0.0000	45.0000	55.0000	739406.428082
0.2160	0.0000	0.0000	45.0000	55.0000	739406.428082
0.3162	0.0000	0.0000	45.0000	55.0000	739406.428082
0.4164	0.0000	0.0000	45.0000	55.0000	739406.428082
0.5332	-0.0447	0.0400	41.2500	55.0000	739406.428082
0.6496	-0.2139	0.1641	32.5000	55.0000	739406.428082
0.7502	-0.3725	0.2489	25.0000	55.0000	739406.428082
0.8659	-0.5696	0.3207	16.2500	55.0000	739406.428082
0.9661	-0.7457	0.3577	8.7500	55.0000	739406.428082
1.0828	-0.9550	0.3714	0.0000	55.0000	739406.428082
1.1830	-1.1347	0.3616	-3.7500	55.0000	739406.428082
1.3002	-1.3443	0.3478	-3.7500	55.0000	739406.428082
1.4164	-1.5538	0.3341	-3.7500	55.0000	739406.428082
1.5326	-1.7634	0.3204	-3.7500	55.0000	739406.428082
1.6328	-1.9430	0.3093	-2.5000	55.0000	739406.428082
1.7493	-2.1526	0.3184	6.2500	55.0000	739406.428082
1.8661	-2.3584	0.3593	15.0000	55.0000	739406.428082
1.9826	-2.5556	0.4311	23.7500	55.0000	739406.428082
2.0994	-2.7395	0.5320	32.5000	55.0000	739406.428082
2.2165	-2.9059	0.6597	41.2500	55.0000	739406.428082
2.3326	-3.0510	0.8113	50.0000	55.0000	739406.428082
2.4495	-3.1714	0.9831	58.7500	55.0000	739406.428082
2.5662	-3.2641	1.1713	67.5000	55.0000	739406.428082
2.6828	-3.3272	1.3714	76.2500	55.0000	739406.428082
2.7993	-3.3591	1.5787	85.0000	55.0000	739406.428082
2.8994	-3.3618	1.7586	91.2500	55.0000	739406.428082
2.9997	-3.3578	1.9386	91.2500	55.0000	739406.428082
3.1160	-3.3533	2.1485	91.2500	55.0000	739406.428082
3.2161	-3.3493	2.3285	91.2500	55.0000	739406.428082
3.3328	-3.3310	2.5375	98.7500	55.0000	739406.428082
3.4495	-3.2812	2.7413	107.5000	55.0000	739406.428082
3.5660	-3.2009	2.9351	116.2500	55.0000	739406.428082
3.6826	-3.0926	3.1148	123.7500	55.0000	739406.428082
3.7828	-2.9926	3.2645	123.7500	55.0000	739406.428082
3.8829	-2.8926	3.4142	123.7500	55.0000	739406.428082
3.9995	-2.7759	3.5888	123.7500	55.0000	739406.428082
4.1160	-2.6648	3.7668	118.7500	55.0000	739406.428082
4.2162	-2.5906	3.9307	111.2500	55.0000	739406.428082
4.3327	-2.5319	4.1321	102.5000	55.0000	739406.428082
4.4329	-2.5064	4.3102	95.0000	55.0000	739406.428082
4.5496	-2.5064	4.5200	86.2500	55.0000	739406.428082
4.6661	-2.5384	4.7273	77.5000	55.0000	739406.428082
4.7662	-2.5906	4.8995	70.0000	55.0000	739406.428082
4.8826	-2.6792	5.0896	61.2500	55.0000	739406.428082
4.9828	-2.7775	5.2402	53.7500	55.0000	739406.428082
5.0994	-2.9159	5.3980	45.0000	55.0000	739406.428082
5.2161	-3.0766	5.5328	36.2500	55.0000	739406.428082
5.3334	-3.2559	5.6417	27.5000	55.0000	739406.428082
5.4494	-3.4498	5.7220	18.7500	55.0000	739406.428082
5.5497	-3.6240	5.7666	11.2500	55.0000	739406.428082
5.6662	-3.8326	5.7895	2.5000	55.0000	739406.428082
5.7825	-4.0422	5.7803	-6.2500	55.0000	739406.428082
5.8839	-4.2190	5.7471	-13.7500	55.0000	739406.428082
5.9997	-4.4176	5.6797	-22.5000	55.0000	739406.428082
6.1162	-4.6037	5.5828	-31.2500	55.0000	739406.428082
6.2180	-4.7499	5.4781	-38.7500	55.0000	739406.428082
6.3328	-4.9015	5.3330	-47.5000	55.0000	739406.428082
6.4493	-5.0292	5.1665	-56.2500	55.0000	739406.428082
6.5666	-5.1301	4.9826	-65.0000	55.0000	739406.428082
6.6827	-5.2019	4.7855	-73.7500	55.0000	739406.428082
6.7828	-5.2453	4.6108	-76.2500	55.0000	739406.428082
6.8994	-5.2772	4.4034	-85.0000	55.0000	739406.428082
6.9995	-5.2831	4.2235	-88.7500	55.0000	739406.428082
7.1161	-5.2877	4.0136	-88.7500	55.0000	739406.428082
7.2328	-5.2922	3.8036	-88.7500	55.0000	739406.428082
7.3493	-5.2968	3.5937	-88.7500	55.0000	739406.428082
7.4660	-5.3014	3.3837	-88.7500	55.0000	739406.428082
7.5670	-5.3053	3.2038	-88.7500	55.0000	739406.428082
7.6827	-5.3099	2.9938	-88.7500	55.0000	739406.428082
7.7827	-5.3138	2.8139	-88.7500	55.0000	739406.428082
7.8994	-5.3184	2.6039	-88.7500	55.0000	739406.428082
7.9996	-5.3224	2.4240	-88.7500	55.0000	739406.428082
8.1165	-5.3269	2.2140	-88.7500	55.0000	739406.428082
8.2326	-5.3315	2.0041	-88.7500	55.0000	739406.428082
8.3331	-5.3354	1.8241	-88.7500	55.0000	739406.428082
8.4494	-5.3400	1.6142	-88.7500	55.0000	739406.428082
8.5496	-5.3505	1.4346	-83.7500	55.0000	739406.428082
8.6659	-5.3914	1.2288	-75.0000	55.0000	739406.428082
8.7826	-5.4632	1.0316	-66.2500	55.0000	739406.428082
8.8827	-5.5480	0.8730	-58.7500	55.0000	739406.428082
8.9829	-5.6447	0.7212	-57.5000	55.0000	739406.428082
9.0996	-5.7575	0.5441	-57.5000	55.0000	739406.428082
9.2159	-5.8703	0.3670	-57.5000	55.0000	739406.428082
9.3177	-5.9671	0.2152	-57.5000	55.0000	739406.428082
9.4326	-6.0799	0.0380	-57.5000	55.0000	739406.428082
9.5327	-6.1766	-0.1138	-57.5000	55.0000	739406.428082
0.1004	0.0000	0.0000	45.0000	55.0000	739406.440268
0.2005	0.0000	0.0000	45.0000	55.0000	739406.440268
0.3042	0.0000	0.0000	45.0000	55.0000	739406.440268
0.4174	0.0000	0.0000	45.0000	55.0000	739406.440268
0.5336	-0.1607	0.1349	36.2500	55.0000	739406.440268
0.6504	-0.3401	0.2437	27.5000	55.0000	739406.440268
0.7511	-0.5055	0.3143	20.0000	55.0000	739406.440268
0.8671	-0.7082	0.3686	11.2500	55.0000	739406.440268
0.9839	-0.9167	0.3921	3.7500	55.0000	739406.440268
1.0841	-1.0963	0.4039	3.7500	55.0000	739406.440268
1.2002	-1.3058	0.4176	3.7500	55.0000	739406.440268
1.3006	-1.4854	0.4294	3.7500	55.0000	739406.440268
1.4169	-1.6950	0.4431	3.7500	55.0000	739406.440268
1.5336	-1.9045	0.4569	3.7500	55.0000	739406.440268
1.6338	-2.0842	0.4687	3.7500	55.0000	739406.440268
1.7502	-2.2937	0.4824	3.7500	55.0000	739406.440268
1.8503	-2.4733	0.4942	3.7500	55.0000	739406.440268
1.9669	-2.6807	0.5261	12.5000	55.0000	739406.440268
2.0672	-2.8528	0.5783	20.0000	55.0000	739406.440268
2.1836	-3.0430	0.6670	28.7500	55.0000	739406.440268
2.3006	-3.2174	0.7835	37.5000	55.0000	739406.440268
2.4171	-3.3085	0.8616	46.2500	55.0000	739406.440268
2.5337	-3.3085	0.8616	55.0000	55.0000	739406.440268
2.6501	-3.3085	0.8616	63.7500	55.0000	739406.440268
2.7503	-3.3085	0.8616	71.2500	55.0000	739406.440268
2.8505	-3.3085	0.8616	78.7500	55.0000	739406.440268
2.9668	-3.3494	1.0676	78.7500	55.0000	739406.440268
3.0669	-3.3845	1.2441	78.7500	55.0000	739406.440268
3.1840	-3.4255	1.4501	78.7500	55.0000	739406.440268
3.3002	-3.4665	1.6561	78.7500	55.0000	739406.440268
3.4169	-3.5010	1.8631	83.7500	55.0000	739406.440268
3.5336	-3.5075	2.0729	90.0000	55.0000	739406.440268
3.6339	-3.5075	2.2529	90.0000	55.0000	739406.440268
3.7503	-3.4977	2.4625	96.2500	55.0000	739406.440268
3.8505	-3.4646	2.6393	103.7500	55.0000	739406.440268
3.9668	-3.3971	2.8379	112.5000	55.0000	739406.440268
4.0838	-3.3002	3.0240	121.2500	55.0000	739406.440268
4.2004	-3.1777	3.1945	127.5000	55.0000	739406.440268
4.3168	-3.0499	3.3611	127.5000	55.0000	739406.440268
4.4170	-2.9403	3.5039	127.5000	55.0000	739406.440268
4.5171	-2.8339	3.6490	123.7500	55.0000	739406.440268
4.6173	-2.7457	3.8057	116.2500	55.0000	739406.440268
4.7335	-2.6696	4.0013	107.5000	55.0000	739406.440268
4.8504	-2.6242	4.2061	98.7500	55.0000	739406.440268
4.9669	-2.6105	4.4154	90.0000	55.0000	739406.440268
5.0672	-2.6242	4.5948	82.5000	55.0000	739406.440268
5.1674	-2.6612	4.7708	75.0000	55.0000	739406.440268
5.2836	-2.7330	4.9680	66.2500	55.0000	739406.440268
5.4011	-2.8339	5.1519	57.5000	55.0000	739406.440268
5.5169	-2.9616	5.3183	48.7500	55.0000	739406.440268
5.6170	-3.0902	5.4441	41.2500	55.0000	739406.440268
5.7339	-3.2594	5.5682	32.5000	55.0000	739406.440268
5.8503	-3.4455	5.6651	23.7500	55.0000	739406.440268
5.9671	-3.6441	5.7325	15.0000	55.0000	739406.440268
6.0672	-3.8209	5.7657	7.5000	55.0000	739406.440268
6.1835	-4.0305	5.7748	-1.2500	55.0000	739406.440268
6.2837	-4.2095	5.7572	-8.7500	55.0000	739406.440268
6.3840	-4.3847	5.7164	-16.2500	55.0000	739406.440268
6.5004	-4.5803	5.6403	-25.0000	55.0000	739406.440268
6.6171	-4.7620	5.5354	-33.7500	55.0000	739406.440268
6.7174	-4.9035	5.4244	-41.2500	55.0000	739406.440268
6.8336	-5.0485	5.2728	-50.0000	55.0000	739406.440268
6.9339	-5.1533	5.1266	-57.5000	55.0000	739406.440268
7.0505	-5.2502	4.9405	-66.2500	55.0000	739406.440268
7.1685	-5.3176	4.7418	-75.0000	55.0000	739406.440268
7.2839	-5.3541	4.5352	-83.7500	55.0000	739406.440268
7.3842	-5.3599	4.3554	-91.2500	55.0000	739406.440268
7.5001	-5.3469	4.1459	-93.7500	55.0000	739406.440268
7.6167	-5.3331	3.9363	-93.7500	55.0000	739406.440268
7.7172	-5.3220	3.7567	-92.5000	55.0000	739406.440268
7.8335	-5.3305	3.5470	-85.0000	55.0000	739406.440268
7.9336	-5.3462	3.3677	-85.0000	55.0000	739406.440268
8.0502	-5.3645	3.1585	-85.0000	55.0000	739406.440268
8.1503	-5.3802	2.9792	-85.0000	55.0000	739406.440268
8.2669	-5.3985	2.7700	-85.0000	55.0000	739406.440268
8.3671	-5.4142	2.5906	-85.0000	55.0000	739406.440268
8.4835	-5.4325	2.3814	-85.0000	55.0000	739406.440268
8.5837	-5.4482	2.2021	-85.0000	55.0000	739406.440268
8.6846	-5.4638	2.0228	-85.0000	55.0000	739406.440268
8.7865	-5.4795	1.8435	-85.0000	55.0000	739406.440268
8.9004	-5.4978	1.6343	-85.0000	55.0000	739406.440268
9.0173	-5.5161	1.4251	-85.0000	55.0000	739406.440268
9.1337	-5.5344	1.2159	-85.0000	55.0000	739406.440268
9.2504	-5.5534	1.0068	-83.7500	55.0000	739406.440268
9.3509	-5.5866	0.8300	-76.2500	55.0000	739406.440268
9.4669	-5.6540	0.6313	-67.5000	55.0000	739406.440268
9.5670	-5.7353	0.4709	-60.0000	55.0000	739406.440268
9.6839	-5.8551	0.2986	-52.5000	55.0000	739406.440268
9.7864	-5.9647	0.1558	-52.5000	55.0000	739406.440268
9.9003	-6.0926	-0.0108	-52.5000	55.0000	739406.440268
