T	X	Y	HEADING	PERPSECTIVE_ANGLE	NOW_NUM
0.1233	0.0000	0.0000	45.0000	55.0000	739316.564142
0.2234	0.0000	0.0000	45.0000	55.0000	739316.564142
0.3234	0.0000	0.0000	45.0000	55.0000	739316.564142
0.4236	0.0000	0.0000	45.0000	55.0000	739316.564142
0.5236	0.0000	0.0000	45.0000	55.0000	739316.564142
0.6237	-0.0607	0.0441	36.0000	55.0000	739316.564142
0.7238	-0.4652	0.2370	18.0000	55.0000	739316.564142
0.8241	-0.9095	0.2995	3.0000	55.0000	739316.564142
0.9405	-1.4338	0.3269	3.0000	55.0000	739316.564142
1.0408	-1.8831	0.3505	3.0000	55.0000	739316.564142
1.1408	-2.3325	0.3740	3.0000	55.0000	739316.564142
1.2410	-2.7819	0.3976	3.0000	55.0000	739316.564142
1.3410	-3.2313	0.4211	3.0000	55.0000	739316.564142
1.4411	-3.6807	0.4447	3.0000	55.0000	739316.564142
1.5412	-4.1165	0.5493	21.0000	55.0000	739316.564142
1.6413	-4.4987	0.7835	39.0000	55.0000	739316.564142
1.7414	-4.7897	1.1243	57.0000	55.0000	739316.564142
1.8415	-4.8272	1.1893	75.0000	55.0000	739316.564142
1.9416	-4.8272	1.1893	93.0000	55.0000	739316.564142
2.0416	-4.8272	1.1893	111.0000	55.0000	739316.564142
2.1417	-4.8272	1.1893	129.0000	55.0000	739316.564142
2.2418	-4.8272	1.1893	147.0000	55.0000	739316.564142
2.3419	-4.7623	1.2268	150.0000	55.0000	739316.564142
2.4420	-4.3726	1.4518	150.0000	55.0000	739316.564142
2.5588	-4.0478	1.6393	150.0000	55.0000	739316.564142
2.6589	-4.0478	1.6393	162.0000	55.0000	739316.564142
2.7590	-4.0478	1.6393	171.0000	55.0000	739316.564142
2.8590	-4.0478	1.6393	171.0000	55.0000	739316.564142
2.9594	-4.0478	1.6393	159.0000	55.0000	739316.564142
3.0758	-4.0478	1.6393	138.0000	55.0000	739316.564142
3.1759	-4.0478	1.6393	120.0000	55.0000	739316.564142
3.2761	-4.0478	1.6393	114.0000	55.0000	739316.564142
3.3927	-4.0478	1.6393	114.0000	55.0000	739316.564142
3.4929	-4.0478	1.6393	117.0000	55.0000	739316.564142
3.6098	-4.0478	1.6393	129.0000	55.0000	739316.564142
3.7265	-3.9062	1.8141	129.0000	55.0000	739316.564142
3.8267	-3.6924	2.2080	111.0000	55.0000	739316.564142
3.9268	-3.6107	2.6487	93.0000	55.0000	739316.564142
4.0434	-3.5832	3.1730	93.0000	55.0000	739316.564142
4.1435	-3.5596	3.6224	93.0000	55.0000	739316.564142
4.2603	-3.5322	4.1467	93.0000	55.0000	739316.564142
4.3608	-3.5047	4.5957	96.0000	55.0000	739316.564142
4.4771	-3.3434	5.0923	117.0000	55.0000	739316.564142
4.5938	-3.1737	5.3391	138.0000	55.0000	739316.564142
4.6940	-3.1737	5.3391	156.0000	55.0000	739316.564142
4.8107	-3.1737	5.3391	177.0000	55.0000	739316.564142
4.9108	-3.1737	5.3391	195.0000	55.0000	739316.564142
5.0109	-3.1737	5.3391	198.0000	55.0000	739316.564142
5.1110	-3.1737	5.3391	198.0000	55.0000	739316.564142
5.2110	-3.1737	5.3391	180.0000	55.0000	739316.564142
5.3112	-3.1737	5.3391	162.0000	55.0000	739316.564142
5.4112	-3.1737	5.3391	144.0000	55.0000	739316.564142
5.5113	-3.1737	5.3391	126.0000	55.0000	739316.564142
5.6114	-3.1737	5.3391	108.0000	55.0000	739316.564142
5.7116	-3.1737	5.3391	90.0000	55.0000	739316.564142
5.8283	-3.1737	5.3391	69.0000	55.0000	739316.564142
5.9284	-3.1737	5.3391	51.0000	55.0000	739316.564142
6.0452	-3.1737	5.3391	30.0000	55.0000	739316.564142
6.1619	-3.1737	5.3391	12.0000	55.0000	739316.564142
6.2620	-3.1737	5.3391	12.0000	55.0000	739316.564142
6.3621	-3.5405	5.4171	12.0000	55.0000	739316.564142
6.4622	-3.9807	5.5107	12.0000	55.0000	739316.564142
6.5623	-4.4209	5.6042	12.0000	55.0000	739316.564142
6.6624	-4.8662	5.6589	0.0000	55.0000	739316.564142
6.7624	-5.3119	5.6002	-9.0000	55.0000	739316.564142
6.8626	-5.7600	5.6119	9.0000	55.0000	739316.564142
6.9793	-5.9771	5.6701	30.0000	55.0000	739316.564142
7.0794	-6.1386	5.8261	48.0000	55.0000	739316.564142
7.1795	-6.1386	5.8261	51.0000	55.0000	739316.564142
7.2796	-6.1386	5.8261	51.0000	55.0000	739316.564142
7.3796	-6.1386	5.8261	51.0000	55.0000	739316.564142
7.4798	-6.2330	5.9427	51.0000	55.0000	739316.564142
0.1160	0.0000	0.0000	45.0000	55.0000	739380.432678
0.2495	0.0000	0.0000	45.0000	55.0000	739380.432678
0.3496	0.0000	0.0000	45.0000	55.0000	739380.432678
0.4497	0.0000	0.0000	45.0000	55.0000	739380.432678
0.5663	0.0000	0.0000	45.0000	55.0000	739380.432678
0.6665	0.0000	0.0000	45.0000	55.0000	739380.432678
0.7667	0.0000	0.0000	45.0000	55.0000	739380.432678
0.8834	0.0000	0.0000	45.0000	55.0000	739380.432678
0.1203	0.0000	0.0000	45.0000	55.0000	739380.442032
0.2395	0.0000	0.0000	45.0000	55.0000	739380.442032
0.3563	0.0000	0.0000	45.0000	55.0000	739380.442032
0.4576	0.0000	0.0000	45.0000	55.0000	739380.442032
0.1237	0.0000	0.0000	45.0000	55.0000	739380.453023
0.2573	0.0000	0.0000	45.0000	55.0000	739380.453023
0.3741	0.0000	0.0000	45.0000	55.0000	739380.453023
0.1189	0.0000	0.0000	45.0000	55.0000	739380.790276
0.2191	0.0000	0.0000	45.0000	55.0000	739380.790276
0.3357	0.0000	0.0000	45.0000	55.0000	739380.790276
0.1103	0.0000	0.0000	45.0000	55.0000	739399.442109
0.2270	0.0000	0.0000	45.0000	55.0000	739399.442109
0.3467	0.0000	0.0000	45.0000	55.0000	739399.442109
0.4634	0.0000	0.0000	45.0000	55.0000	739399.442109
0.5635	0.0000	0.0000	45.0000	55.0000	739399.442109
0.6657	0.0000	0.0000	45.0000	55.0000	739399.442109
0.7658	0.0000	0.0000	45.0000	55.0000	739399.442109
0.8659	0.0000	0.0000	45.0000	55.0000	739399.442109
0.9660	0.0000	0.0000	45.0000	55.0000	739399.442109
1.0661	0.0000	0.0000	45.0000	55.0000	739399.442109
1.1663	0.0000	0.0000	45.0000	55.0000	739399.442109
1.2664	0.0000	0.0000	45.0000	55.0000	739399.442109
1.3834	0.0000	0.0000	45.0000	55.0000	739399.442109
1.5012	0.0000	0.0000	45.0000	55.0000	739399.442109
1.6178	0.0000	0.0000	45.0000	55.0000	739399.442109
1.7334	0.0000	0.0000	45.0000	55.0000	739399.442109
1.8503	0.0000	0.0000	45.0000	55.0000	739399.442109
1.9668	0.0000	0.0000	45.0000	55.0000	739399.442109
2.0670	0.0000	0.0000	45.0000	55.0000	739399.442109
2.1671	0.0000	0.0000	45.0000	55.0000	739399.442109
2.2672	0.0000	0.0000	45.0000	55.0000	739399.442109
2.3673	0.0000	0.0000	45.0000	55.0000	739399.442109
2.4841	0.0000	0.0000	45.0000	55.0000	739399.442109
2.6028	0.0000	0.0000	45.0000	55.0000	739399.442109
2.7175	0.0000	0.0000	45.0000	55.0000	739399.442109
2.8179	0.0000	0.0000	45.0000	55.0000	739399.442109
2.9344	0.0000	0.0000	45.0000	55.0000	739399.442109
3.0346	0.0000	0.0000	45.0000	55.0000	739399.442109
3.1516	0.0000	0.0000	45.0000	55.0000	739399.442109
3.2530	0.0000	0.0000	45.0000	55.0000	739399.442109
3.3532	0.0000	0.0000	45.0000	55.0000	739399.442109
3.4698	0.0000	0.0000	45.0000	55.0000	739399.442109
3.5867	0.0000	0.0000	45.0000	55.0000	739399.442109
3.7034	0.0000	0.0000	45.0000	55.0000	739399.442109
3.8202	0.0000	0.0000	45.0000	55.0000	739399.442109
3.9203	0.0000	0.0000	45.0000	55.0000	739399.442109
4.0372	0.0000	0.0000	45.0000	55.0000	739399.442109
4.1536	0.0000	0.0000	45.0000	55.0000	739399.442109
4.2539	0.0000	0.0000	45.0000	55.0000	739399.442109
4.3707	0.0000	0.0000	45.0000	55.0000	739399.442109
4.4874	0.0000	0.0000	45.0000	55.0000	739399.442109
4.5875	0.0000	0.0000	45.0000	55.0000	739399.442109
4.7043	0.0000	0.0000	45.0000	55.0000	739399.442109
4.8045	0.0000	0.0000	45.0000	55.0000	739399.442109
4.9212	0.0000	0.0000	45.0000	55.0000	739399.442109
5.0214	0.0000	0.0000	45.0000	55.0000	739399.442109
5.1399	0.0000	0.0000	45.0000	55.0000	739399.442109
5.2548	0.0000	0.0000	45.0000	55.0000	739399.442109
5.3552	0.0000	0.0000	45.0000	55.0000	739399.442109
5.4571	-0.0424	0.0424	45.0000	55.0000	739399.442109
5.5718	-0.1909	0.1909	45.0000	55.0000	739399.442109
5.6885	-0.3394	0.3394	45.0000	55.0000	739399.442109
5.7887	-0.3818	0.3818	45.0000	55.0000	739399.442109
5.9067	-0.3818	0.3818	45.0000	55.0000	739399.442109
6.0221	-0.3818	0.3818	45.0000	55.0000	739399.442109
6.1223	-0.3818	0.3818	52.5000	55.0000	739399.442109
6.2390	-0.3818	0.3818	60.0000	55.0000	739399.442109
6.3393	-0.3818	0.3818	60.0000	55.0000	739399.442109
6.4560	-0.3818	0.3818	60.0000	55.0000	739399.442109
6.5566	-0.3818	0.3818	55.0000	55.0000	739399.442109
6.6727	-0.3818	0.3818	46.2500	55.0000	739399.442109
6.7729	-0.3818	0.3818	38.7500	55.0000	739399.442109
6.8729	-0.3818	0.3818	31.2500	55.0000	739399.442109
6.9897	-0.3818	0.3818	22.5000	55.0000	739399.442109
7.1065	-0.3818	0.3818	18.7500	55.0000	739399.442109
7.2067	-0.3818	0.3818	18.7500	55.0000	739399.442109
7.3232	-0.3818	0.3818	12.5000	55.0000	739399.442109
7.4401	-0.3818	0.3818	8.7500	55.0000	739399.442109
7.5569	-0.3818	0.3818	8.7500	55.0000	739399.442109
7.6572	-0.3818	0.3818	8.7500	55.0000	739399.442109
7.7737	-0.5004	0.4001	8.7500	55.0000	739399.442109
7.8738	-0.6783	0.4275	8.7500	55.0000	739399.442109
7.9905	-0.8859	0.4594	8.7500	55.0000	739399.442109
8.0911	-1.0638	0.4868	8.7500	55.0000	739399.442109
8.2073	-1.1824	0.5051	8.7500	55.0000	739399.442109
8.3075	-1.1824	0.5051	8.7500	55.0000	739399.442109
8.4076	-1.1824	0.5051	8.7500	55.0000	739399.442109
8.5244	-1.3010	0.5233	8.7500	55.0000	739399.442109
8.6412	-1.4493	0.5461	8.7500	55.0000	739399.442109
8.7413	-1.4493	0.5461	7.5000	55.0000	739399.442109
8.8581	-1.4493	0.5461	-1.2500	55.0000	739399.442109
8.9747	-1.4493	0.5461	-3.7500	55.0000	739399.442109
9.0750	-1.5690	0.5383	-3.7500	55.0000	739399.442109
9.1916	-1.7786	0.5245	-3.7500	55.0000	739399.442109
9.2918	-1.9582	0.5128	-3.7500	55.0000	739399.442109
9.4084	-2.1677	0.4990	-3.7500	55.0000	739399.442109
9.5253	-2.3773	0.4853	-3.7500	55.0000	739399.442109
9.6255	-2.5569	0.4735	-3.7500	55.0000	739399.442109
9.7422	-2.7664	0.4598	-3.7500	55.0000	739399.442109
9.8588	-2.9760	0.4461	-3.7500	55.0000	739399.442109
9.9590	-3.1556	0.4343	-3.7500	55.0000	739399.442109
10.0758	-3.3652	0.4206	-3.7500	55.0000	739399.442109
10.1925	-3.5747	0.4068	-3.7500	55.0000	739399.442109
10.2926	-3.7543	0.3950	-3.7500	55.0000	739399.442109
10.4092	-3.9639	0.3813	-3.7500	55.0000	739399.442109
10.5094	-4.1435	0.3695	-3.7500	55.0000	739399.442109
10.6263	-4.3530	0.3558	-3.7500	55.0000	739399.442109
10.7430	-4.3530	0.3558	-3.7500	55.0000	739399.442109
10.8432	-4.3530	0.3558	-3.7500	55.0000	739399.442109
10.9599	-4.5027	0.3460	-3.7500	55.0000	739399.442109
11.0766	-4.6225	0.3381	-3.7500	55.0000	739399.442109
11.1770	-4.6225	0.3381	-3.7500	55.0000	739399.442109
11.2934	-4.6524	0.3362	-3.7500	55.0000	739399.442109
11.3935	-4.8021	0.3264	-3.7500	55.0000	739399.442109
11.5103	-4.8021	0.3264	-3.7500	55.0000	739399.442109
11.6271	-4.9518	0.3166	-3.7500	55.0000	739399.442109
11.7272	-5.0416	0.3107	-3.7500	55.0000	739399.442109
11.8440	-5.0416	0.3107	-3.7500	55.0000	739399.442109
11.9607	-5.0416	0.3107	2.5000	55.0000	739399.442109
12.0773	-5.0416	0.3107	11.2500	55.0000	739399.442109
12.1774	-5.0416	0.3107	18.7500	55.0000	739399.442109
12.2776	-5.0416	0.3107	26.2500	55.0000	739399.442109
12.3779	-5.0416	0.3107	33.7500	55.0000	739399.442109
12.4780	-5.0416	0.3107	36.2500	55.0000	739399.442109
12.5946	-5.0416	0.3107	36.2500	55.0000	739399.442109
12.7114	-5.0416	0.3107	36.2500	55.0000	739399.442109
12.8115	-5.1625	0.3994	36.2500	55.0000	739399.442109
12.9283	-5.3319	0.5236	36.2500	55.0000	739399.442109
13.0450	-5.5008	0.6482	37.5000	55.0000	739399.442109
13.1451	-5.5008	0.6482	45.0000	55.0000	739399.442109
13.2619	-5.5008	0.6482	53.7500	55.0000	739399.442109
13.3786	-5.5008	0.6482	62.5000	55.0000	739399.442109
13.4787	-5.5008	0.6482	70.0000	55.0000	739399.442109
13.5955	-5.5008	0.6482	78.7500	55.0000	739399.442109
13.6959	-5.5008	0.6482	83.7500	55.0000	739399.442109
13.8123	-5.5008	0.6482	83.7500	55.0000	739399.442109
13.9124	-5.5008	0.6482	83.7500	55.0000	739399.442109
14.0292	-5.5008	0.6482	90.0000	55.0000	739399.442109
14.1459	-5.5008	0.6482	97.5000	55.0000	739399.442109
14.2460	-5.5008	0.6482	97.5000	55.0000	739399.442109
14.3461	-5.4930	0.7077	97.5000	55.0000	739399.442109
14.4464	-5.4695	0.8862	97.5000	55.0000	739399.442109
14.5464	-5.4460	1.0647	97.5000	55.0000	739399.442109
14.6631	-5.4186	1.2729	97.5000	55.0000	739399.442109
14.7799	-5.4147	1.3026	103.7500	55.0000	739399.442109
14.8801	-5.4147	1.3026	111.2500	55.0000	739399.442109
14.9969	-5.4147	1.3026	120.0000	55.0000	739399.442109
15.1137	-5.4147	1.3026	128.7500	55.0000	739399.442109
15.2303	-5.2889	1.4312	137.5000	55.0000	739399.442109
15.3304	-5.1474	1.5422	145.0000	55.0000	739399.442109
15.4477	-4.9657	1.6471	153.7500	55.0000	739399.442109
15.5639	-4.7738	1.7323	156.2500	55.0000	739399.442109
15.6640	-4.6931	1.7721	148.7500	55.0000	739399.442109
15.7642	-4.6931	1.7721	141.2500	55.0000	739399.442109
15.8812	-4.6931	1.7721	132.5000	55.0000	739399.442109
15.9976	-4.6931	1.7721	123.7500	55.0000	739399.442109
16.0977	-4.6931	1.7721	116.2500	55.0000	739399.442109
16.2145	-4.6931	1.7721	110.0000	55.0000	739399.442109
16.3146	-4.6931	1.7721	110.0000	55.0000	739399.442109
16.4314	-4.6931	1.7721	110.0000	55.0000	739399.442109
16.5315	-4.6931	1.7721	110.0000	55.0000	739399.442109
16.6483	-4.6623	1.8567	110.0000	55.0000	739399.442109
16.7650	-4.5904	2.0540	110.0000	55.0000	739399.442109
16.8652	-4.5289	2.2232	110.0000	55.0000	739399.442109
16.9819	-4.4577	2.4207	108.7500	55.0000	739399.442109
17.0986	-4.4078	2.6245	100.0000	55.0000	739399.442109
17.1988	-4.4078	2.6245	92.5000	55.0000	739399.442109
17.3156	-4.4078	2.6245	90.0000	55.0000	739399.442109
17.4157	-4.4078	2.6545	90.0000	55.0000	739399.442109
17.5332	-4.4078	2.8645	90.0000	55.0000	739399.442109
17.6491	-4.4078	3.0745	90.0000	55.0000	739399.442109
17.7493	-4.4078	3.2545	90.0000	55.0000	739399.442109
17.8660	-4.4085	3.4645	88.7500	55.0000	739399.442109
17.9663	-4.4261	3.6435	81.2500	55.0000	739399.442109
18.0829	-4.4580	3.8510	81.2500	55.0000	739399.442109
18.1996	-4.4900	4.0586	81.2500	55.0000	739399.442109
18.2997	-4.5238	4.2353	76.2500	55.0000	739399.442109
18.4165	-4.5586	4.3501	67.5000	55.0000	739399.442109
18.5333	-4.5586	4.3501	58.7500	55.0000	739399.442109
18.6334	-4.5586	4.3501	51.2500	55.0000	739399.442109
18.7501	-4.5586	4.3501	42.5000	55.0000	739399.442109
18.8668	-4.5586	4.3501	33.7500	55.0000	739399.442109
18.9670	-4.5586	4.3501	26.2500	55.0000	739399.442109
19.0671	-4.5586	4.3501	18.7500	55.0000	739399.442109
19.1837	-4.5586	4.3501	10.0000	55.0000	739399.442109
19.2837	-4.7078	4.3651	5.0000	55.0000	739399.442109
19.3839	-4.8872	4.3808	5.0000	55.0000	739399.442109
19.4841	-5.0665	4.3965	5.0000	55.0000	739399.442109
19.6010	-5.2759	4.4109	1.2500	55.0000	739399.442109
19.7178	-5.3059	4.4109	-7.5000	55.0000	739399.442109
19.8344	-5.3059	4.4109	-16.2500	55.0000	739399.442109
19.9348	-5.3059	4.4109	-23.7500	55.0000	739399.442109
20.0355	-5.3059	4.4109	-31.2500	55.0000	739399.442109
20.1513	-5.3059	4.4109	-40.0000	55.0000	739399.442109
20.2681	-5.3059	4.4109	-48.7500	55.0000	739399.442109
20.3695	-5.3059	4.4109	-56.2500	55.0000	739399.442109
20.4862	-5.3059	4.4109	-65.0000	55.0000	739399.442109
20.6017	-5.3330	4.3251	-73.7500	55.0000	739399.442109
20.7028	-5.3833	4.1523	-73.7500	55.0000	739399.442109
20.8195	-5.4421	3.9506	-73.7500	55.0000	739399.442109
20.9354	-5.5009	3.7490	-73.7500	55.0000	739399.442109
21.0355	-5.5512	3.5762	-73.7500	55.0000	739399.442109
21.1362	-5.6016	3.4034	-73.7500	55.0000	739399.442109
21.2528	-5.6604	3.2018	-73.7500	55.0000	739399.442109
21.3691	-5.7191	3.0002	-73.7500	55.0000	739399.442109
21.4695	-5.7632	2.8258	-78.7500	55.0000	739399.442109
21.5867	-5.7860	2.6172	-87.5000	55.0000	739399.442109
21.7026	-5.7769	2.4076	-96.2500	55.0000	739399.442109
21.8034	-5.7501	2.2296	-98.7500	55.0000	739399.442109
21.9199	-5.7182	2.0221	-98.7500	55.0000	739399.442109
22.0200	-5.6908	1.8442	-98.7500	55.0000	739399.442109
22.1203	-5.6615	1.6666	-101.2500	55.0000	739399.442109
22.2367	-5.6028	1.4652	-110.0000	55.0000	739399.442109
22.3534	-5.5141	1.2750	-118.7500	55.0000	739399.442109
22.4543	-5.4158	1.1244	-126.2500	55.0000	739399.442109
22.5702	-5.2775	0.9666	-135.0000	55.0000	739399.442109
22.6870	-5.1168	0.8318	-143.7500	55.0000	739399.442109
22.8036	-4.9374	0.7229	-152.5000	55.0000	739399.442109
22.9038	-4.7720	0.6523	-160.0000	55.0000	739399.442109
23.0204	-4.5695	0.5974	-167.5000	55.0000	739399.442109
23.1372	-4.3644	0.5519	-167.5000	55.0000	739399.442109
23.2373	-4.1887	0.5129	-167.5000	55.0000	739399.442109
23.3375	-4.0130	0.4740	-167.5000	55.0000	739399.442109
23.4376	-3.8372	0.4350	-167.5000	55.0000	739399.442109
23.5542	-3.6299	0.4031	-175.0000	55.0000	739399.442109
23.6545	-3.4500	0.4012	-182.5000	55.0000	739399.442109
23.7729	-3.2420	0.4285	-191.2500	55.0000	739399.442109
23.8732	-3.0670	0.4707	-193.7500	55.0000	739399.442109
23.9885	-2.8630	0.5206	-193.7500	55.0000	739399.442109
24.0886	-2.6882	0.5634	-193.7500	55.0000	739399.442109
24.2048	-2.4842	0.6133	-193.7500	55.0000	739399.442109
24.3049	-2.3094	0.6561	-193.7500	55.0000	739399.442109
24.4218	-2.1054	0.7060	-193.7500	55.0000	739399.442109
24.5219	-1.9307	0.7494	-195.0000	55.0000	739399.442109
24.6387	-1.8449	0.7765	-203.7500	55.0000	739399.442109
24.7387	-1.7933	0.8070	-211.2500	55.0000	739399.442109
24.8554	-1.6237	0.9306	-218.7500	55.0000	739399.442109
24.9556	-1.6003	0.9494	-218.7500	55.0000	739399.442109
25.0556	-1.6003	0.9494	-218.7500	55.0000	739399.442109
25.1557	-1.6003	0.9494	-226.2500	55.0000	739399.442109
25.2725	-1.6003	0.9494	-233.7500	55.0000	739399.442109
25.3727	-1.6003	0.9494	-233.7500	55.0000	739399.442109
25.4895	-1.6003	0.9494	-233.7500	55.0000	739399.442109
25.6062	-1.6003	0.9494	-233.7500	55.0000	739399.442109
25.7063	-1.6003	0.9494	-233.7500	55.0000	739399.442109
25.8064	-1.6003	0.9494	-233.7500	55.0000	739399.442109
25.9230	-1.6003	0.9494	-233.7500	55.0000	739399.442109
26.0232	-1.6003	0.9494	-227.5000	55.0000	739399.442109
26.1233	-1.6003	0.9494	-220.0000	55.0000	739399.442109
26.2400	-1.6003	0.9494	-215.0000	55.0000	739399.442109
26.3401	-1.4774	1.0354	-215.0000	55.0000	739399.442109
26.4568	-1.3054	1.1558	-215.0000	55.0000	739399.442109
26.5571	-1.1619	1.2643	-220.0000	55.0000	739399.442109
26.6738	-1.0135	1.4127	-228.7500	55.0000	739399.442109
26.7904	-0.8894	1.5819	-237.5000	55.0000	739399.442109
26.8905	-0.8047	1.7405	-245.0000	55.0000	739399.442109
27.0074	-0.7292	1.9364	-250.0000	55.0000	739399.442109
27.1079	-0.6682	2.1058	-251.2500	55.0000	739399.442109
27.2242	-0.6184	2.3096	-260.0000	55.0000	739399.442109
27.3410	-0.6001	2.5186	-268.7500	55.0000	739399.442109
27.4412	-0.6020	2.6085	-276.2500	55.0000	739399.442109
27.5579	-0.6020	2.6085	-282.5000	55.0000	739399.442109
27.6746	-0.6020	2.6085	-282.5000	55.0000	739399.442109
27.7747	-0.6020	2.6085	-282.5000	55.0000	739399.442109
27.8914	-0.6020	2.6085	-282.5000	55.0000	739399.442109
27.9915	-0.6020	2.6085	-276.2500	55.0000	739399.442109
28.0916	-0.6020	2.6085	-268.7500	55.0000	739399.442109
28.2082	-0.6020	2.6085	-268.7500	55.0000	739399.442109
28.3085	-0.5994	2.7285	-268.7500	55.0000	739399.442109
28.4252	-0.5948	2.9384	-268.7500	55.0000	739399.442109
28.5420	-0.5903	3.1484	-268.7500	55.0000	739399.442109
28.6587	-0.5857	3.3583	-268.7500	55.0000	739399.442109
28.7757	-0.5811	3.5683	-268.7500	55.0000	739399.442109
28.8924	-0.5765	3.7782	-268.7500	55.0000	739399.442109
29.0090	-0.5719	3.9882	-268.7500	55.0000	739399.442109
29.1091	-0.5680	4.1681	-268.7500	55.0000	739399.442109
29.2093	-0.5641	4.3481	-268.7500	55.0000	739399.442109
29.3260	-0.5595	4.5581	-268.7500	55.0000	739399.442109
29.4262	-0.5621	4.7379	-273.7500	55.0000	739399.442109
29.5429	-0.5940	4.9453	-282.5000	55.0000	739399.442109
29.6430	-0.6462	5.1174	-290.0000	55.0000	739399.442109
29.7597	-0.7349	5.3076	-298.7500	55.0000	739399.442109
29.8599	-0.8332	5.4582	-306.2500	55.0000	739399.442109
29.9766	-0.9715	5.6160	-315.0000	55.0000	739399.442109
30.0767	-1.1081	5.7331	-322.5000	55.0000	739399.442109
30.1767	-1.2587	5.8314	-330.0000	55.0000	739399.442109
30.2935	-1.3937	5.8729	-338.7500	55.0000	739399.442109
30.3936	-1.4652	5.8729	-346.2500	55.0000	739399.442109
30.4936	-1.4652	5.8729	-353.7500	55.0000	739399.442109
30.5938	-1.4652	5.8729	-361.2500	55.0000	739399.442109
30.6939	-1.4652	5.8729	-368.7500	55.0000	739399.442109
30.7940	-1.4652	5.8729	-376.2500	55.0000	739399.442109
30.8942	-1.4652	5.8729	-383.7500	55.0000	739399.442109
30.9944	-1.4652	5.8729	-391.2500	55.0000	739399.442109
31.1111	-1.4652	5.8729	-400.0000	55.0000	739399.442109
31.2113	-1.4652	5.8729	-407.5000	55.0000	739399.442109
31.3279	-1.4652	5.8729	-416.2500	55.0000	739399.442109
31.4281	-1.4652	5.8729	-423.7500	55.0000	739399.442109
31.5447	-1.4652	5.8729	-432.5000	55.0000	739399.442109
31.6616	-1.4652	5.8729	-441.2500	55.0000	739399.442109
31.7617	-1.4652	5.8729	-448.7500	55.0000	739399.442109
31.8786	-1.4652	5.8729	-457.5000	55.0000	739399.442109
31.9950	-1.4652	5.8729	-466.2500	55.0000	739399.442109
32.0952	-1.4652	5.8729	-472.5000	55.0000	739399.442109
32.1953	-1.4652	5.8729	-472.5000	55.0000	739399.442109
32.3122	-1.4652	5.8729	-472.5000	55.0000	739399.442109
32.4289	-1.4652	5.8729	-477.5000	55.0000	739399.442109
32.5291	-1.4652	5.8729	-485.0000	55.0000	739399.442109
32.6458	-1.4652	5.8729	-487.5000	55.0000	739399.442109
32.7626	-1.4287	5.8253	-487.5000	55.0000	739399.442109
32.8628	-1.3191	5.6825	-487.5000	55.0000	739399.442109
32.9794	-1.1912	5.5159	-487.5000	55.0000	739399.442109
33.0963	-1.0634	5.3493	-487.5000	55.0000	739399.442109
33.1965	-0.9538	5.2065	-487.5000	55.0000	739399.442109
33.3130	-0.8260	5.0399	-487.5000	55.0000	739399.442109
33.4132	-0.7164	4.8971	-487.5000	55.0000	739399.442109
33.5300	-0.6100	4.7520	-482.5000	55.0000	739399.442109
33.6467	-0.6100	4.7520	-473.7500	55.0000	739399.442109
33.7471	-0.6100	4.7520	-472.5000	55.0000	739399.442109
33.8637	-0.6100	4.7520	-472.5000	55.0000	739399.442109
33.9803	-0.6100	4.7520	-472.5000	55.0000	739399.442109
34.0805	-0.6100	4.7520	-468.7500	55.0000	739399.442109
34.1972	-0.6100	4.7520	-460.0000	55.0000	739399.442109
34.2973	-0.6100	4.7520	-458.7500	55.0000	739399.442109
34.4140	-0.6100	4.7520	-458.7500	55.0000	739399.442109
34.5309	-0.5781	4.5444	-458.7500	55.0000	739399.442109
34.6474	-0.5461	4.3369	-458.7500	55.0000	739399.442109
34.7476	-0.5187	4.1590	-458.7500	55.0000	739399.442109
34.8486	-0.4913	3.9811	-458.7500	55.0000	739399.442109
34.9645	-0.4594	3.7735	-458.7500	55.0000	739399.442109
35.0812	-0.4275	3.5659	-458.7500	55.0000	739399.442109
35.1813	-0.4001	3.3880	-458.7500	55.0000	739399.442109
35.2814	-0.3727	3.2101	-458.7500	55.0000	739399.442109
35.3981	-0.3727	3.2101	-458.7500	55.0000	739399.442109
35.5150	-0.3636	3.1508	-458.7500	55.0000	739399.442109
35.6317	-0.3316	2.9433	-458.7500	55.0000	739399.442109
35.7486	-0.3179	2.8543	-455.0000	55.0000	739399.442109
35.8651	-0.3179	2.8543	-446.2500	55.0000	739399.442109
35.9654	-0.3179	2.8543	-438.7500	55.0000	739399.442109
36.0822	-0.3179	2.8543	-430.0000	55.0000	739399.442109
36.1989	-0.3179	2.8543	-428.7500	55.0000	739399.442109
36.2990	-0.3179	2.8543	-428.7500	55.0000	739399.442109
36.4159	-0.3179	2.8543	-423.7500	55.0000	739399.442109
36.5325	-0.3179	2.8543	-415.0000	55.0000	739399.442109
36.6328	-0.3179	2.8543	-407.5000	55.0000	739399.442109
36.7493	-0.3179	2.8543	-401.2500	55.0000	739399.442109
36.8496	-0.3179	2.8543	-401.2500	55.0000	739399.442109
36.9662	-0.3179	2.8543	-401.2500	55.0000	739399.442109
37.0663	-0.4307	2.7554	-401.2500	55.0000	739399.442109
37.1852	-0.5886	2.6170	-401.2500	55.0000	739399.442109
37.2997	-0.7465	2.4785	-401.2500	55.0000	739399.442109
37.4000	-0.8818	2.3598	-401.2500	55.0000	739399.442109
37.5001	-1.0176	2.2416	-400.0000	55.0000	739399.442109
37.6168	-1.0176	2.2416	-391.2500	55.0000	739399.442109
37.7335	-1.0176	2.2416	-382.5000	55.0000	739399.442109
37.8337	-1.0176	2.2416	-375.0000	55.0000	739399.442109
37.9505	-1.0176	2.2416	-366.2500	55.0000	739399.442109
38.0672	-1.0176	2.2416	-357.5000	55.0000	739399.442109
38.1673	-1.0176	2.2416	-350.0000	55.0000	739399.442109
38.2840	-1.0176	2.2416	-341.2500	55.0000	739399.442109
38.4009	-1.0176	2.2416	-337.5000	55.0000	739399.442109
38.5011	-1.0176	2.2416	-337.5000	55.0000	739399.442109
38.6177	-1.0176	2.2416	-333.7500	55.0000	739399.442109
38.7178	-1.0176	2.2416	-328.7500	55.0000	739399.442109
38.8346	-1.0176	2.2416	-328.7500	55.0000	739399.442109
38.9513	-1.0176	2.2416	-322.5000	55.0000	739399.442109
39.0515	-1.0176	2.2416	-317.5000	55.0000	739399.442109
39.1682	-1.0176	2.2416	-317.5000	55.0000	739399.442109
39.2850	-1.0176	2.2416	-317.5000	55.0000	739399.442109
39.4018	-1.0176	2.2416	-317.5000	55.0000	739399.442109
39.5020	-1.0176	2.2416	-318.7500	55.0000	739399.442109
39.6185	-1.0176	2.2416	-327.5000	55.0000	739399.442109
39.7186	-1.0176	2.2416	-335.0000	55.0000	739399.442109
39.8354	-1.0176	2.2416	-343.7500	55.0000	739399.442109
39.9356	-1.0176	2.2416	-351.2500	55.0000	739399.442109
40.0522	-1.0176	2.2416	-360.0000	55.0000	739399.442109
40.1523	-1.0176	2.2416	-367.5000	55.0000	739399.442109
40.2692	-1.0176	2.2416	-376.2500	55.0000	739399.442109
40.3862	-1.0176	2.2416	-385.0000	55.0000	739399.442109
40.5025	-1.0176	2.2416	-392.5000	55.0000	739399.442109
40.6029	-1.0176	2.2416	-392.5000	55.0000	739399.442109
40.7196	-1.1188	2.1772	-392.5000	55.0000	739399.442109
40.8197	-1.2706	2.0804	-392.5000	55.0000	739399.442109
40.9364	-1.3465	2.0321	-392.5000	55.0000	739399.442109
41.0533	-1.3465	2.0321	-395.0000	55.0000	739399.442109
41.1533	-1.3465	2.0321	-402.5000	55.0000	739399.442109
41.2702	-1.3465	2.0321	-411.2500	55.0000	739399.442109
41.3869	-1.3465	2.0321	-412.5000	55.0000	739399.442109
41.5037	-1.3647	2.0083	-412.5000	55.0000	739399.442109
41.6204	-1.4561	1.8893	-412.5000	55.0000	739399.442109
41.7204	-1.4561	1.8893	-412.5000	55.0000	739399.442109
41.8205	-1.4561	1.8893	-420.0000	55.0000	739399.442109
41.9374	-1.4561	1.8893	-425.0000	55.0000	739399.442109
42.0542	-1.4687	1.8621	-425.0000	55.0000	739399.442109
42.1709	-1.5575	1.6718	-425.0000	55.0000	739399.442109
42.2709	-1.6336	1.5086	-425.0000	55.0000	739399.442109
42.3712	-1.7096	1.3455	-425.0000	55.0000	739399.442109
42.4879	-1.7984	1.1552	-425.0000	55.0000	739399.442109
42.6046	-1.8648	0.9917	-425.0000	55.0000	739399.442109
42.7049	-1.9408	0.8286	-425.0000	55.0000	739399.442109
42.8214	-2.0042	0.6927	-425.0000	55.0000	739399.442109
42.9216	-2.0042	0.6927	-421.2500	55.0000	739399.442109
43.0387	-2.0042	0.6927	-412.5000	55.0000	739399.442109
43.1550	-2.0042	0.6927	-403.7500	55.0000	739399.442109
43.2552	-2.0042	0.6927	-396.2500	55.0000	739399.442109
43.3719	-2.0042	0.6927	-387.5000	55.0000	739399.442109
43.4721	-2.0042	0.6927	-381.2500	55.0000	739399.442109
43.5888	-2.0042	0.6927	-381.2500	55.0000	739399.442109
43.6889	-2.0042	0.6927	-381.2500	55.0000	739399.442109
43.8057	-2.0042	0.6927	-381.2500	55.0000	739399.442109
43.9061	-2.0322	0.6818	-381.2500	55.0000	739399.442109
44.0066	-2.1999	0.6165	-381.2500	55.0000	739399.442109
44.1224	-2.3957	0.5404	-381.2500	55.0000	739399.442109
44.2226	-2.5634	0.4752	-381.2500	55.0000	739399.442109
44.3393	-2.7591	0.3991	-381.2500	55.0000	739399.442109
44.4394	-2.9269	0.3338	-381.2500	55.0000	739399.442109
44.5396	-3.0115	0.3031	-375.0000	55.0000	739399.442109
44.6563	-3.0115	0.3031	-366.2500	55.0000	739399.442109
44.7565	-3.0115	0.3031	-366.2500	55.0000	739399.442109
44.8731	-3.0115	0.3031	-365.0000	55.0000	739399.442109
44.9733	-3.0115	0.3031	-357.5000	55.0000	739399.442109
45.0733	-3.0115	0.3031	-351.2500	55.0000	739399.442109
45.1902	-3.1301	0.3213	-351.2500	55.0000	739399.442109
45.3069	-3.3376	0.3533	-351.2500	55.0000	739399.442109
45.4238	-3.5452	0.3852	-351.2500	55.0000	739399.442109
45.5238	-3.7231	0.4126	-351.2500	55.0000	739399.442109
45.6406	-3.9306	0.4445	-351.2500	55.0000	739399.442109
45.7573	-4.1382	0.4765	-351.2500	55.0000	739399.442109
45.8574	-4.3161	0.5039	-351.2500	55.0000	739399.442109
45.9741	-4.5237	0.5358	-351.2500	55.0000	739399.442109
46.0909	-4.7309	0.5697	-348.7500	55.0000	739399.442109
46.1912	-4.8471	0.5995	-341.2500	55.0000	739399.442109
46.3078	-4.8471	0.5995	-332.5000	55.0000	739399.442109
46.4246	-4.8471	0.5995	-323.7500	55.0000	739399.442109
46.5248	-4.8471	0.5995	-316.2500	55.0000	739399.442109
46.6415	-4.8471	0.5995	-307.5000	55.0000	739399.442109
46.7416	-4.8471	0.5995	-300.0000	55.0000	739399.442109
46.8584	-4.8471	0.5995	-291.2500	55.0000	739399.442109
46.9751	-4.8471	0.5995	-291.2500	55.0000	739399.442109
47.0752	-4.8471	0.5995	-291.2500	55.0000	739399.442109
47.1920	-4.8471	0.5995	-291.2500	55.0000	739399.442109
47.2925	-4.8471	0.5995	-291.2500	55.0000	739399.442109
47.4089	-4.9015	0.7393	-291.2500	55.0000	739399.442109
47.5089	-4.9667	0.9070	-291.2500	55.0000	739399.442109
47.6090	-5.0319	1.0748	-291.2500	55.0000	739399.442109
47.7091	-5.0972	1.2426	-291.2500	55.0000	739399.442109
47.8258	-5.1733	1.4383	-291.2500	55.0000	739399.442109
47.9259	-5.2276	1.5781	-291.2500	55.0000	739399.442109
48.0260	-5.2276	1.5781	-290.0000	55.0000	739399.442109
48.1262	-5.2276	1.5781	-282.5000	55.0000	739399.442109
48.2263	-5.2276	1.5781	-275.0000	55.0000	739399.442109
48.3264	-5.2329	1.6980	-272.5000	55.0000	739399.442109
48.4433	-5.2420	1.9078	-272.5000	55.0000	739399.442109
48.5598	-5.2512	2.1176	-272.5000	55.0000	739399.442109
48.6600	-5.2591	2.2974	-272.5000	55.0000	739399.442109
48.7767	-5.2682	2.5072	-272.5000	55.0000	739399.442109
48.8769	-5.2761	2.6870	-272.5000	55.0000	739399.442109
48.9937	-5.2852	2.8968	-272.5000	55.0000	739399.442109
49.0938	-5.2931	3.0767	-272.5000	55.0000	739399.442109
49.2104	-5.3022	3.2865	-272.5000	55.0000	739399.442109
49.3274	-5.3114	3.4963	-272.5000	55.0000	739399.442109
49.4274	-5.3192	3.6761	-272.5000	55.0000	739399.442109
49.5442	-5.3245	3.8860	-268.7500	55.0000	739399.442109
49.6609	-5.3186	3.9758	-260.0000	55.0000	739399.442109
49.7775	-5.3186	3.9758	-251.2500	55.0000	739399.442109
49.8778	-5.3186	3.9758	-243.7500	55.0000	739399.442109
49.9782	-5.3186	3.9758	-236.2500	55.0000	739399.442109
50.0946	-5.3186	3.9758	-227.5000	55.0000	739399.442109
50.2114	-5.2522	4.0366	-222.5000	55.0000	739399.442109
50.3114	-5.1195	4.1582	-222.5000	55.0000	739399.442109
50.4282	-4.9647	4.3000	-222.5000	55.0000	739399.442109
50.5283	-4.8970	4.3594	-216.2500	55.0000	739399.442109
50.6451	-4.8970	4.3594	-207.5000	55.0000	739399.442109
50.7452	-4.8970	4.3594	-200.0000	55.0000	739399.442109
50.8621	-4.8970	4.3594	-191.2500	55.0000	739399.442109
50.9787	-4.8970	4.3594	-182.5000	55.0000	739399.442109
51.0957	-4.8970	4.3594	-173.7500	55.0000	739399.442109
51.2122	-4.8970	4.3594	-165.0000	55.0000	739399.442109
51.3123	-4.8970	4.3594	-157.5000	55.0000	739399.442109
51.4125	-4.8970	4.3594	-150.0000	55.0000	739399.442109
51.5292	-4.8970	4.3594	-141.2500	55.0000	739399.442109
51.6460	-4.8970	4.3594	-132.5000	55.0000	739399.442109
51.7462	-4.8970	4.3594	-132.5000	55.0000	739399.442109
51.8629	-4.8970	4.3594	-132.5000	55.0000	739399.442109
51.9795	-4.8970	4.3594	-132.5000	55.0000	739399.442109
52.0797	-4.8970	4.3594	-132.5000	55.0000	739399.442109
52.1964	-4.8970	4.3594	-132.5000	55.0000	739399.442109
52.2966	-4.8970	4.3594	-132.5000	55.0000	739399.442109
52.4134	-4.8970	4.3594	-132.5000	55.0000	739399.442109
52.5302	-4.8970	4.3594	-132.5000	55.0000	739399.442109
52.6468	-4.8970	4.3594	-132.5000	55.0000	739399.442109
52.7470	-4.8970	4.3594	-132.5000	55.0000	739399.442109
52.8639	-4.8970	4.3594	-132.5000	55.0000	739399.442109
0.1208	0.0000	0.0000	45.0000	55.0000	739399.576191
0.2410	0.0000	0.0000	45.0000	55.0000	739399.576191
0.3437	0.0000	0.0000	45.0000	55.0000	739399.576191
0.4782	0.0000	0.0000	45.0000	55.0000	739399.576191
0.5783	0.0000	0.0000	45.0000	55.0000	739399.576191
0.6948	-0.0636	0.0636	45.0000	55.0000	739399.576191
0.7949	-0.1909	0.1909	45.0000	55.0000	739399.576191
0.9115	-0.3487	0.3292	37.5000	55.0000	739399.576191
1.0283	-0.3487	0.3292	28.7500	55.0000	739399.576191
1.1285	-0.3487	0.3292	21.2500	55.0000	739399.576191
1.2454	-0.3487	0.3292	12.5000	55.0000	739399.576191
1.3619	-0.5272	0.3514	5.0000	55.0000	739399.576191
1.4620	-0.7066	0.3665	3.7500	55.0000	739399.576191
1.5790	-0.9163	0.3619	-5.0000	55.0000	739399.576191
1.6956	-1.1231	0.3261	-12.5000	55.0000	739399.576191
1.8122	-1.3281	0.2806	-12.5000	55.0000	739399.576191
1.9124	-1.5038	0.2417	-12.5000	55.0000	739399.576191
2.0126	-1.6813	0.2124	-6.2500	55.0000	739399.576191
2.1294	-1.8911	0.2058	0.0000	55.0000	739399.576191
2.2295	-2.0711	0.2058	0.0000	55.0000	739399.576191
2.3462	-2.2811	0.2058	0.0000	55.0000	739399.576191
2.4629	-2.4911	0.2058	0.0000	55.0000	739399.576191
2.5631	-2.6711	0.2058	0.0000	55.0000	739399.576191
2.6798	-2.8811	0.2058	0.0000	55.0000	739399.576191
2.7967	-3.0911	0.2058	0.0000	55.0000	739399.576191
2.8968	-3.2710	0.2078	2.5000	55.0000	739399.576191
3.0137	-3.4790	0.2352	11.2500	55.0000	739399.576191
3.1305	-3.6805	0.2939	20.0000	55.0000	739399.576191
3.2469	-3.8706	0.3826	28.7500	55.0000	739399.576191
3.3470	-4.0213	0.4809	36.2500	55.0000	739399.576191
3.4638	-4.1790	0.6192	45.0000	55.0000	739399.576191
3.5639	-4.2961	0.7557	52.5000	55.0000	739399.576191
3.6641	-4.3944	0.9064	60.0000	55.0000	739399.576191
3.7643	-4.4722	1.0685	67.5000	55.0000	739399.576191
3.8808	-4.5353	1.2686	76.2500	55.0000	739399.576191
3.9809	-4.5353	1.2686	83.7500	55.0000	739399.576191
4.0811	-4.5353	1.2686	91.2500	55.0000	739399.576191
4.1979	-4.5353	1.2686	100.0000	55.0000	739399.576191
4.3145	-4.5353	1.2686	108.7500	55.0000	739399.576191
4.4148	-4.5353	1.2686	116.2500	55.0000	739399.576191
4.5313	-4.5353	1.2686	125.0000	55.0000	739399.576191
4.6317	-4.5353	1.2686	132.5000	55.0000	739399.576191
4.7481	-4.5353	1.2686	141.2500	55.0000	739399.576191
4.8484	-4.4597	1.3175	147.5000	55.0000	739399.576191
4.9486	-4.3079	1.4143	147.5000	55.0000	739399.576191
5.0653	-4.1312	1.5276	146.2500	55.0000	739399.576191
5.1655	-3.9897	1.6387	138.7500	55.0000	739399.576191
5.2821	-3.8446	1.7902	130.0000	55.0000	739399.576191
5.3827	-3.7398	1.9364	122.5000	55.0000	739399.576191
5.4990	-3.6429	2.1225	113.7500	55.0000	739399.576191
5.5991	-3.5833	2.2922	106.2500	55.0000	739399.576191
5.7159	-3.5423	2.4980	97.5000	55.0000	739399.576191
5.8160	-3.5306	2.6776	92.5000	55.0000	739399.576191
5.9327	-3.5214	2.8874	92.5000	55.0000	739399.576191
6.0330	-3.5136	3.0672	92.5000	55.0000	739399.576191
6.1497	-3.5044	3.2770	92.5000	55.0000	739399.576191
6.2662	-3.4952	3.4868	92.5000	55.0000	739399.576191
6.3664	-3.4874	3.6666	92.5000	55.0000	739399.576191
6.4832	-3.4782	3.8764	92.5000	55.0000	739399.576191
6.5834	-3.4704	4.0562	92.5000	55.0000	739399.576191
6.7000	-3.4612	4.2660	92.5000	55.0000	739399.576191
6.8002	-3.4540	4.4459	91.2500	55.0000	739399.576191
6.9003	-3.4638	4.6255	83.7500	55.0000	739399.576191
7.0170	-3.5048	4.8313	75.0000	55.0000	739399.576191
7.1338	-3.5765	5.0284	66.2500	55.0000	739399.576191
7.2339	-3.6613	5.1871	58.7500	55.0000	739399.576191
7.3506	-3.7854	5.3562	50.0000	55.0000	739399.576191
7.4507	-3.9112	5.4848	42.5000	55.0000	739399.576191
7.5674	-4.0776	5.6125	33.7500	55.0000	739399.576191
7.6678	-4.2343	5.7008	26.2500	55.0000	739399.576191
7.7844	-4.4299	5.7768	17.5000	55.0000	739399.576191
7.9010	-4.6347	5.8222	8.7500	55.0000	739399.576191
8.0018	-4.8141	5.8359	1.2500	55.0000	739399.576191
8.1180	-5.0234	5.8222	-7.5000	55.0000	739399.576191
8.2181	-5.1997	5.7865	-12.5000	55.0000	739399.576191
8.3349	-5.4078	5.7591	-3.7500	55.0000	739399.576191
8.4517	-5.6175	5.7637	5.0000	55.0000	739399.576191
8.5517	-5.7950	5.7930	12.5000	55.0000	739399.576191
8.6685	-5.9951	5.8561	21.2500	55.0000	739399.576191
8.7852	-6.1832	5.9488	30.0000	55.0000	739399.576191
0.1008	0.0000	0.0000	45.0000	55.0000	739399.596191
0.2037	0.0000	0.0000	45.0000	55.0000	739399.596191
0.3039	0.0000	0.0000	45.0000	55.0000	739399.596191
0.4205	0.0000	0.0000	45.0000	55.0000	739399.596191
0.5223	0.0000	0.0000	41.2500	55.0000	739399.596191
0.6372	0.0000	0.0000	32.5000	55.0000	739399.596191
0.7374	0.0000	0.0000	25.0000	55.0000	739399.596191
0.8541	-0.1922	0.0846	23.7500	55.0000	739399.596191
0.9542	-0.3570	0.1571	23.7500	55.0000	739399.596191
1.0713	-0.5492	0.2416	23.7500	55.0000	739399.596191
1.1877	-0.7417	0.3256	22.5000	55.0000	739399.596191
1.2878	-0.9126	0.3816	15.0000	55.0000	739399.596191
1.3879	-1.0894	0.4147	7.5000	55.0000	739399.596191
1.5047	-1.2989	0.4278	2.5000	55.0000	739399.596191
1.6214	-1.5087	0.4370	2.5000	55.0000	739399.596191
1.7216	-1.6886	0.4448	2.5000	55.0000	739399.596191
1.8383	-1.8984	0.4540	2.5000	55.0000	739399.596191
1.9551	-2.1082	0.4632	2.5000	55.0000	739399.596191
2.0552	-2.2880	0.4710	2.5000	55.0000	739399.596191
2.1719	-2.4978	0.4802	2.5000	55.0000	739399.596191
2.2720	-2.6776	0.4880	2.5000	55.0000	739399.596191
2.3888	-2.8874	0.4972	2.5000	55.0000	739399.596191
2.4889	-3.0672	0.5050	2.5000	55.0000	739399.596191
2.5890	-3.2471	0.5129	2.5000	55.0000	739399.596191
2.6890	-3.4269	0.5207	2.5000	55.0000	739399.596191
2.7892	-3.6067	0.5286	2.5000	55.0000	739399.596191
2.8894	-3.7865	0.5371	3.7500	55.0000	739399.596191
2.9895	-3.9646	0.5625	11.2500	55.0000	739399.596191
3.1061	-4.1660	0.6212	20.0000	55.0000	739399.596191
3.2064	-4.3299	0.6955	27.5000	55.0000	739399.596191
3.3067	-4.4826	0.7904	35.0000	55.0000	739399.596191
3.4232	-4.5770	0.8645	43.7500	55.0000	739399.596191
3.5399	-4.5770	0.8645	52.5000	55.0000	739399.596191
3.6565	-4.5770	0.8645	61.2500	55.0000	739399.596191
3.7569	-4.5770	0.8645	68.7500	55.0000	739399.596191
3.8734	-4.5770	0.8645	77.5000	55.0000	739399.596191
3.9736	-4.5711	0.8048	85.0000	55.0000	739399.596191
4.0738	-4.5685	0.6249	91.2500	55.0000	739399.596191
4.1912	-4.5731	0.4150	91.2500	55.0000	739399.596191
4.3082	-4.5776	0.2050	91.2500	55.0000	739399.596191
4.4239	-4.5806	0.1450	91.2500	55.0000	739399.596191
4.5249	-4.5812	0.1450	91.2500	55.0000	739399.596191
4.6416	-4.5812	0.1450	87.5000	55.0000	739399.596191
4.7575	-4.5812	0.1450	78.7500	55.0000	739399.596191
4.8582	-4.5812	0.1450	71.2500	55.0000	739399.596191
4.9748	-4.5812	0.1450	62.5000	55.0000	739399.596191
5.0912	-4.5812	0.1450	53.7500	55.0000	739399.596191
5.1927	-4.5812	0.1450	46.2500	55.0000	739399.596191
5.3080	-4.5812	0.1450	37.5000	55.0000	739399.596191
5.4082	-4.5812	0.1450	30.0000	55.0000	739399.596191
5.5249	-4.5812	0.1450	21.2500	55.0000	739399.596191
5.6253	-4.5812	0.1450	21.2500	55.0000	739399.596191
5.7254	-4.5812	0.1450	21.2500	55.0000	739399.596191
5.8420	-4.5812	0.1450	21.2500	55.0000	739399.596191
5.9423	-4.5812	0.1450	21.2500	55.0000	739399.596191
6.0588	-4.5812	0.1450	21.2500	55.0000	739399.596191
6.1590	-4.5812	0.1450	21.2500	55.0000	739399.596191
6.2591	-4.5812	0.1450	21.2500	55.0000	739399.596191
6.3757	-4.5812	0.1450	21.2500	55.0000	739399.596191
6.4925	-4.5812	0.1450	21.2500	55.0000	739399.596191
6.5927	-4.5812	0.1450	21.2500	55.0000	739399.596191
6.7092	-4.5812	0.1450	21.2500	55.0000	739399.596191
6.8095	-4.5812	0.1450	21.2500	55.0000	739399.596191
6.9261	-4.5812	0.1450	21.2500	55.0000	739399.596191
7.0263	-4.5812	0.1450	26.2500	55.0000	739399.596191
7.1264	-4.5812	0.1450	33.7500	55.0000	739399.596191
7.2433	-4.5812	0.1450	42.5000	55.0000	739399.596191
7.3600	-4.7013	0.2790	51.2500	55.0000	739399.596191
7.4601	-4.8029	0.4274	58.7500	55.0000	739399.596191
7.5767	-4.8957	0.6156	67.5000	55.0000	739399.596191
7.6937	-4.9355	0.7288	76.2500	55.0000	739399.596191
7.8103	-4.9355	0.7288	85.0000	55.0000	739399.596191
7.9270	-4.9355	0.7288	93.7500	55.0000	739399.596191
8.0272	-4.9355	0.7288	101.2500	55.0000	739399.596191
8.1439	-4.9355	0.7288	110.0000	55.0000	739399.596191
8.2440	-4.9355	0.7288	117.5000	55.0000	739399.596191
8.3623	-4.9355	0.7288	126.2500	55.0000	739399.596191
8.4775	-4.7971	0.8865	135.0000	55.0000	739399.596191
8.5777	-4.6606	1.0036	142.5000	55.0000	739399.596191
8.6781	-4.5121	1.1052	146.2500	55.0000	739399.596191
8.7944	-4.3386	1.2235	143.7500	55.0000	739399.596191
8.8946	-4.2020	1.3406	136.2500	55.0000	739399.596191
9.0113	-4.0637	1.4984	127.5000	55.0000	739399.596191
9.1114	-3.9649	1.6487	121.2500	55.0000	739399.596191
9.2283	-3.8559	1.8282	121.2500	55.0000	739399.596191
9.3449	-3.7487	2.0087	118.7500	55.0000	739399.596191
9.4451	-3.6744	2.1726	111.2500	55.0000	739399.596191
9.5452	-3.6222	2.3447	103.7500	55.0000	739399.596191
9.6620	-3.5897	2.5520	96.2500	55.0000	739399.596191
9.7620	-3.5701	2.7309	96.2500	55.0000	739399.596191
9.8788	-3.5472	2.9397	96.2500	55.0000	739399.596191
9.9956	-3.5243	3.1484	96.2500	55.0000	739399.596191
10.0958	-3.5047	3.3274	96.2500	55.0000	739399.596191
10.2124	-3.4884	3.5366	91.2500	55.0000	739399.596191
10.3125	-3.4982	3.7162	83.7500	55.0000	739399.596191
10.4294	-3.5385	3.9221	76.2500	55.0000	739399.596191
10.5462	-3.5884	4.1261	76.2500	55.0000	739399.596191
10.6470	-3.6312	4.3010	76.2500	55.0000	739399.596191
10.7629	-3.6811	4.5049	76.2500	55.0000	739399.596191
10.8631	-3.7239	4.6798	76.2500	55.0000	739399.596191
10.9799	-3.7757	4.8833	73.7500	55.0000	739399.596191
11.0802	-3.8298	5.0549	72.5000	55.0000	739399.596191
11.1967	-3.8930	5.2552	72.5000	55.0000	739399.596191
11.3135	-3.9561	5.4555	72.5000	55.0000	739399.596191
11.4136	-4.0103	5.6272	72.5000	55.0000	739399.596191
11.5303	-4.0554	5.7702	71.2500	55.0000	739399.596191
11.6310	-4.0554	5.7702	63.7500	55.0000	739399.596191
11.7471	-4.0554	5.7702	55.0000	55.0000	739399.596191
11.8474	-4.0554	5.7702	47.5000	55.0000	739399.596191
11.9640	-4.0554	5.7702	38.7500	55.0000	739399.596191
12.0641	-4.0554	5.7702	31.2500	55.0000	739399.596191
12.1810	-4.0554	5.7702	22.5000	55.0000	739399.596191
12.2977	-4.0845	5.7774	13.7500	55.0000	739399.596191
12.3981	-4.2620	5.8067	6.2500	55.0000	739399.596191
12.5144	-4.4717	5.8112	-2.5000	55.0000	739399.596191
12.6164	-4.6513	5.7995	-3.7500	55.0000	739399.596191
12.7315	-4.8609	5.7857	-3.7500	55.0000	739399.596191
12.8480	-5.0704	5.7720	-3.7500	55.0000	739399.596191
12.9482	-5.2501	5.7602	-3.7500	55.0000	739399.596191
13.0650	-5.4598	5.7648	5.0000	55.0000	739399.596191
13.1818	-5.6664	5.8012	13.7500	55.0000	739399.596191
13.2819	-5.8374	5.8572	21.2500	55.0000	739399.596191
13.3986	-6.0255	5.9500	30.0000	55.0000	739399.596191
13.4987	-6.1740	6.0515	37.5000	55.0000	739399.596191
0.1042	0.0000	0.0000	45.0000	55.0000	739402.554262
0.2140	0.0000	0.0000	45.0000	55.0000	739402.554262
0.3141	0.0000	0.0000	45.0000	55.0000	739402.554262
0.4307	0.0000	0.0000	45.0000	55.0000	739402.554262
0.5478	0.0000	0.0000	45.0000	55.0000	739402.554262
0.6643	-0.0636	0.0636	45.0000	55.0000	739402.554262
0.7807	-0.2121	0.2121	45.0000	55.0000	739402.554262
0.8981	-0.3380	0.3408	48.7500	55.0000	739402.554262
1.0141	-0.3380	0.3408	57.5000	55.0000	739402.554262
1.1308	-0.3380	0.3408	66.2500	55.0000	739402.554262
1.2479	-0.3380	0.3408	75.0000	55.0000	739402.554262
1.3643	-0.3380	0.3408	81.2500	55.0000	739402.554262
1.4828	-0.3380	0.3408	81.2500	55.0000	739402.554262
1.5974	-0.3380	0.3408	81.2500	55.0000	739402.554262
1.7143	-0.3380	0.3408	81.2500	55.0000	739402.554262
1.8307	-0.3380	0.3408	81.2500	55.0000	739402.554262
1.9474	-0.3380	0.3408	81.2500	55.0000	739402.554262
2.0640	-0.3380	0.3408	81.2500	55.0000	739402.554262
2.1642	-0.3380	0.3408	81.2500	55.0000	739402.554262
2.2647	-0.3380	0.3408	81.2500	55.0000	739402.554262
2.3808	-0.3380	0.3408	81.2500	55.0000	739402.554262
2.4826	-0.3380	0.3408	81.2500	55.0000	739402.554262
2.5976	-0.3380	0.3408	81.2500	55.0000	739402.554262
2.7140	-0.3380	0.3408	81.2500	55.0000	739402.554262
2.8144	-0.3380	0.3408	81.2500	55.0000	739402.554262
2.9306	-0.3380	0.3408	81.2500	55.0000	739402.554262
3.0471	-0.3380	0.3408	81.2500	55.0000	739402.554262
3.1475	-0.3380	0.3408	81.2500	55.0000	739402.554262
3.2642	-0.3380	0.3408	81.2500	55.0000	739402.554262
3.3808	-0.3380	0.3408	81.2500	55.0000	739402.554262
3.4809	-0.3380	0.3408	81.2500	55.0000	739402.554262
3.5979	-0.3380	0.3408	81.2500	55.0000	739402.554262
3.7144	-0.3380	0.3408	81.2500	55.0000	739402.554262
3.8308	-0.3380	0.3408	81.2500	55.0000	739402.554262
3.9474	-0.3380	0.3408	81.2500	55.0000	739402.554262
4.0640	-0.3380	0.3408	81.2500	55.0000	739402.554262
4.1659	-0.3380	0.3408	81.2500	55.0000	739402.554262
4.2828	-0.3380	0.3408	81.2500	55.0000	739402.554262
4.3976	-0.3380	0.3408	81.2500	55.0000	739402.554262
4.5141	-0.3380	0.3408	81.2500	55.0000	739402.554262
4.6307	-0.3380	0.3408	81.2500	55.0000	739402.554262
4.7478	-0.3380	0.3408	81.2500	55.0000	739402.554262
4.8646	-0.3380	0.3408	81.2500	55.0000	739402.554262
4.9806	-0.3380	0.3408	81.2500	55.0000	739402.554262
5.0808	-0.3380	0.3408	81.2500	55.0000	739402.554262
5.1809	-0.3380	0.3408	81.2500	55.0000	739402.554262
5.2814	-0.3380	0.3408	81.2500	55.0000	739402.554262
5.3974	-0.3380	0.3408	75.0000	55.0000	739402.554262
5.5140	-0.3380	0.3408	71.2500	55.0000	739402.554262
5.6141	-0.3862	0.4828	71.2500	55.0000	739402.554262
5.7147	-0.4231	0.6281	78.7500	55.0000	739402.554262
5.8307	-0.4459	0.8366	87.5000	55.0000	739402.554262
5.9474	-0.4368	1.0462	96.2500	55.0000	739402.554262
6.0644	-0.3997	1.2529	101.2500	55.0000	739402.554262
6.1809	-0.3594	1.4590	100.0000	55.0000	739402.554262
6.2825	-0.3417	1.6380	92.5000	55.0000	739402.554262
6.3985	-0.3411	1.8480	90.0000	55.0000	739402.554262
6.5139	-0.3411	2.0580	90.0000	55.0000	739402.554262
6.6308	-0.3411	2.2680	90.0000	55.0000	739402.554262
6.7309	-0.3411	2.4480	90.0000	55.0000	739402.554262
6.8310	-0.3411	2.6280	90.0000	55.0000	739402.554262
6.9475	-0.3411	2.8380	90.0000	55.0000	739402.554262
7.0640	-0.3411	3.0480	90.0000	55.0000	739402.554262
7.1806	-0.3411	3.2580	90.0000	55.0000	739402.554262
7.2810	-0.3411	3.4380	90.0000	55.0000	739402.554262
7.3991	-0.3411	3.6480	90.0000	55.0000	739402.554262
7.4992	-0.3411	3.8280	90.0000	55.0000	739402.554262
7.6155	-0.3411	4.0380	90.0000	55.0000	739402.554262
7.7306	-0.3411	4.2480	90.0000	55.0000	739402.554262
7.8473	-0.3411	4.4580	90.0000	55.0000	739402.554262
7.9477	-0.3411	4.6380	90.0000	55.0000	739402.554262
8.0640	-0.3411	4.8480	90.0000	55.0000	739402.554262
8.1808	-0.3411	4.9380	90.0000	55.0000	739402.554262
8.2992	-0.3411	4.9380	90.0000	55.0000	739402.554262
8.4143	-0.3411	4.9380	90.0000	55.0000	739402.554262
8.5308	-0.3411	4.9380	90.0000	55.0000	739402.554262
8.6473	-0.3411	4.9380	90.0000	55.0000	739402.554262
8.7476	-0.3411	4.9380	90.0000	55.0000	739402.554262
8.8641	-0.3411	4.9080	90.0000	55.0000	739402.554262
8.9808	-0.3411	4.6980	90.0000	55.0000	739402.554262
9.0819	-0.3411	4.5180	90.0000	55.0000	739402.554262
9.1974	-0.3411	4.3080	90.0000	55.0000	739402.554262
9.3141	-0.3411	4.0980	90.0000	55.0000	739402.554262
9.4307	-0.3411	3.8880	90.0000	55.0000	739402.554262
9.5476	-0.3411	3.6780	90.0000	55.0000	739402.554262
9.6645	-0.3411	3.4680	90.0000	55.0000	739402.554262
9.7813	-0.3411	3.2580	90.0000	55.0000	739402.554262
9.8991	-0.3411	3.0480	90.0000	55.0000	739402.554262
10.0008	-0.3411	2.8680	90.0000	55.0000	739402.554262
10.1145	-0.3274	2.6586	82.5000	55.0000	739402.554262
10.2306	-0.2820	2.4538	73.7500	55.0000	739402.554262
10.3311	-0.2186	2.2854	66.2500	55.0000	739402.554262
10.4472	-0.1788	2.2047	57.5000	55.0000	739402.554262
10.5478	-0.1788	2.2047	50.0000	55.0000	739402.554262
10.6640	-0.1788	2.2047	41.2500	55.0000	739402.554262
10.7643	-0.1788	2.2047	33.7500	55.0000	739402.554262
10.8806	-0.1788	2.2047	25.0000	55.0000	739402.554262
10.9806	-0.1788	2.2047	17.5000	55.0000	739402.554262
11.0973	-0.1788	2.2047	8.7500	55.0000	739402.554262
11.1993	-0.1788	2.2047	1.2500	55.0000	739402.554262
11.3142	-0.1788	2.2047	-7.5000	55.0000	739402.554262
11.4306	-0.2076	2.1963	-16.2500	55.0000	739402.554262
11.5312	-0.3759	2.1330	-23.7500	55.0000	739402.554262
11.6472	-0.5599	2.0321	-32.5000	55.0000	739402.554262
11.7475	-0.7038	1.9241	-40.0000	55.0000	739402.554262
11.8643	-0.8568	1.7803	-43.7500	55.0000	739402.554262
11.9807	-1.0085	1.6351	-43.7500	55.0000	739402.554262
12.0973	-1.1602	1.4899	-43.7500	55.0000	739402.554262
12.1981	-1.2902	1.3654	-43.7500	55.0000	739402.554262
12.2992	-1.4202	1.2410	-43.7500	55.0000	739402.554262
12.4141	-1.5719	1.0957	-43.7500	55.0000	739402.554262
12.5306	-1.7236	0.9505	-43.7500	55.0000	739402.554262
12.6310	-1.8537	0.8261	-43.7500	55.0000	739402.554262
12.7477	-2.0119	0.6882	-37.5000	55.0000	739402.554262
12.8640	-2.1888	0.5755	-28.7500	55.0000	739402.554262
12.9643	-2.3526	0.5012	-21.2500	55.0000	739402.554262
13.0806	-2.5541	0.4425	-12.5000	55.0000	739402.554262
13.1808	-2.5835	0.4367	-5.0000	55.0000	739402.554262
13.2810	-2.5835	0.4367	2.5000	55.0000	739402.554262
13.3977	-2.5835	0.4367	11.2500	55.0000	739402.554262
13.5141	-2.5835	0.4367	20.0000	55.0000	739402.554262
13.6306	-2.5835	0.4367	28.7500	55.0000	739402.554262
13.7311	-2.5835	0.4367	36.2500	55.0000	739402.554262
13.8473	-2.5835	0.4367	45.0000	55.0000	739402.554262
13.9643	-2.5835	0.4367	53.7500	55.0000	739402.554262
14.0806	-2.5835	0.4367	62.5000	55.0000	739402.554262
14.1975	-2.5835	0.4367	71.2500	55.0000	739402.554262
14.2978	-2.5835	0.4367	66.2500	55.0000	739402.554262
14.4158	-2.5835	0.4367	57.5000	55.0000	739402.554262
14.5305	-2.5835	0.4367	48.7500	55.0000	739402.554262
14.6475	-2.5835	0.4367	40.0000	55.0000	739402.554262
14.7639	-2.5835	0.4367	31.2500	55.0000	739402.554262
14.8641	-2.5835	0.4367	23.7500	55.0000	739402.554262
14.9808	-2.6983	0.4715	15.0000	55.0000	739402.554262
15.0978	-2.9049	0.5079	6.2500	55.0000	739402.554262
15.1979	-3.0845	0.5203	3.7500	55.0000	739402.554262
15.2990	-3.2641	0.5321	3.7500	55.0000	739402.554262
15.4145	-3.4736	0.5459	3.7500	55.0000	739402.554262
15.5307	-3.6832	0.5596	3.7500	55.0000	739402.554262
15.6310	-3.8628	0.5714	3.7500	55.0000	739402.554262
15.7475	-4.0723	0.5851	3.7500	55.0000	739402.554262
15.8641	-4.1921	0.5929	6.2500	55.0000	739402.554262
15.9807	-4.1921	0.5929	15.0000	55.0000	739402.554262
16.0809	-4.1921	0.5929	22.5000	55.0000	739402.554262
16.1973	-4.1921	0.5929	31.2500	55.0000	739402.554262
16.2974	-4.1921	0.5929	38.7500	55.0000	739402.554262
16.4159	-4.3207	0.7187	47.5000	55.0000	739402.554262
16.5306	-4.3785	0.7877	55.0000	55.0000	739402.554262
16.6309	-4.3785	0.7877	50.0000	55.0000	739402.554262
16.7476	-4.3785	0.7877	41.2500	55.0000	739402.554262
16.8650	-4.3282	0.7549	32.5000	55.0000	739402.554262
16.9812	-4.1422	0.6580	23.7500	55.0000	739402.554262
17.0973	-4.0583	0.6254	15.0000	55.0000	739402.554262
17.1975	-4.0583	0.6254	7.5000	55.0000	739402.554262
17.2982	-4.0583	0.6254	0.0000	55.0000	739402.554262
17.3990	-4.0583	0.6254	-3.7500	55.0000	739402.554262
17.4992	-4.0583	0.6254	-3.7500	55.0000	739402.554262
17.6140	-4.0583	0.6254	-3.7500	55.0000	739402.554262
17.7309	-4.0583	0.6254	-3.7500	55.0000	739402.554262
17.8476	-4.0583	0.6254	-3.7500	55.0000	739402.554262
17.9641	-4.0583	0.6254	-3.7500	55.0000	739402.554262
18.0643	-4.0583	0.6254	-3.7500	55.0000	739402.554262
18.1644	-4.0583	0.6254	-3.7500	55.0000	739402.554262
18.2807	-4.0583	0.6254	-3.7500	55.0000	739402.554262
18.3810	-4.0583	0.6254	-3.7500	55.0000	739402.554262
18.4989	-4.0583	0.6254	-3.7500	55.0000	739402.554262
18.6141	-4.0583	0.6254	-3.7500	55.0000	739402.554262
18.7160	-4.0583	0.6254	-3.7500	55.0000	739402.554262
18.8309	-4.0583	0.6254	-3.7500	55.0000	739402.554262
18.9475	-4.0583	0.6254	-3.7500	55.0000	739402.554262
19.0641	-4.0583	0.6254	-3.7500	55.0000	739402.554262
19.1643	-4.0583	0.6254	-3.7500	55.0000	739402.554262
19.2807	-4.0583	0.6254	-3.7500	55.0000	739402.554262
19.3807	-4.0583	0.6254	-3.7500	55.0000	739402.554262
19.4810	-4.0583	0.6254	-3.7500	55.0000	739402.554262
19.5977	-4.0583	0.6254	-3.7500	55.0000	739402.554262
19.7171	-4.0583	0.6254	-3.7500	55.0000	739402.554262
19.8308	-4.0583	0.6254	-3.7500	55.0000	739402.554262
19.9472	-4.0583	0.6254	-3.7500	55.0000	739402.554262
20.0472	-4.0583	0.6254	-3.7500	55.0000	739402.554262
20.1474	-4.0583	0.6254	-3.7500	55.0000	739402.554262
20.2641	-4.0583	0.6254	-3.7500	55.0000	739402.554262
20.3643	-4.0583	0.6254	0.0000	55.0000	739402.554262
20.4806	-4.0583	0.6254	8.7500	55.0000	739402.554262
20.5810	-4.0583	0.6254	16.2500	55.0000	739402.554262
20.6981	-4.0583	0.6254	17.5000	55.0000	739402.554262
20.8140	-4.0583	0.6254	8.7500	55.0000	739402.554262
20.9142	-4.0583	0.6254	1.2500	55.0000	739402.554262
21.0159	-4.0583	0.6254	-6.2500	55.0000	739402.554262
21.1307	-4.0583	0.6254	-15.0000	55.0000	739402.554262
21.2475	-4.0583	0.6254	-13.7500	55.0000	739402.554262
21.3641	-4.0583	0.6254	-5.0000	55.0000	739402.554262
21.4644	-4.0583	0.6254	2.5000	55.0000	739402.554262
21.5807	-4.0583	0.6254	-6.2500	55.0000	739402.554262
21.6973	-4.0583	0.6254	-15.0000	55.0000	739402.554262
21.7977	-4.0583	0.6254	-20.0000	55.0000	739402.554262
21.9160	-4.0583	0.6254	-11.2500	55.0000	739402.554262
22.0306	-4.0583	0.6254	-2.5000	55.0000	739402.554262
22.1312	-4.0583	0.6254	5.0000	55.0000	739402.554262
22.2473	-4.0874	0.6325	13.7500	55.0000	739402.554262
22.3475	-4.2584	0.6885	21.2500	55.0000	739402.554262
22.4642	-4.4465	0.7813	30.0000	55.0000	739402.554262
22.5805	-4.5712	0.8646	38.7500	55.0000	739402.554262
22.6806	-4.5712	0.8646	46.2500	55.0000	739402.554262
22.7979	-4.5712	0.8646	55.0000	55.0000	739402.554262
22.9143	-4.5712	0.8646	63.7500	55.0000	739402.554262
23.0307	-4.5712	0.8646	72.5000	55.0000	739402.554262
23.1472	-4.5712	0.8646	81.2500	55.0000	739402.554262
23.2474	-4.5777	0.9844	88.7500	55.0000	739402.554262
23.3475	-4.5745	1.1643	91.2500	55.0000	739402.554262
23.4641	-4.5699	1.3743	91.2500	55.0000	739402.554262
23.5806	-4.5653	1.5842	91.2500	55.0000	739402.554262
23.6808	-4.5614	1.7642	91.2500	55.0000	739402.554262
23.7820	-4.5575	1.9441	91.2500	55.0000	739402.554262
23.8973	-4.5529	2.1541	91.2500	55.0000	739402.554262
24.0139	-4.5483	2.3640	91.2500	55.0000	739402.554262
24.1147	-4.5444	2.5440	91.2500	55.0000	739402.554262
24.2306	-4.5398	2.7539	91.2500	55.0000	739402.554262
24.3319	-4.5359	2.9339	91.2500	55.0000	739402.554262
24.4474	-4.5313	3.1439	91.2500	55.0000	739402.554262
24.5641	-4.5267	3.3538	91.2500	55.0000	739402.554262
24.6811	-4.5221	3.5638	91.2500	55.0000	739402.554262
24.7975	-4.5241	3.7736	86.2500	55.0000	739402.554262
24.9141	-4.5560	3.9810	77.5000	55.0000	739402.554262
25.0158	-4.5560	3.9810	70.0000	55.0000	739402.554262
25.1310	-4.5560	3.9810	61.2500	55.0000	739402.554262
25.2474	-4.5560	3.9810	52.5000	55.0000	739402.554262
25.3639	-4.6196	4.0446	43.7500	55.0000	739402.554262
25.4809	-4.7832	4.1759	35.0000	55.0000	739402.554262
25.5973	-4.8335	4.2087	26.2500	55.0000	739402.554262
25.7156	-4.8335	4.2087	17.5000	55.0000	739402.554262
25.8309	-4.8335	4.2087	8.7500	55.0000	739402.554262
25.9480	-4.8335	4.2087	0.0000	55.0000	739402.554262
26.0639	-4.8335	4.2087	-8.7500	55.0000	739402.554262
26.1641	-4.8335	4.2087	-16.2500	55.0000	739402.554262
26.2806	-4.8335	4.2087	-25.0000	55.0000	739402.554262
26.3972	-4.8335	4.2087	-33.7500	55.0000	739402.554262
26.4974	-4.8335	4.2087	-41.2500	55.0000	739402.554262
26.6140	-4.8335	4.2087	-50.0000	55.0000	739402.554262
26.7305	-4.8335	4.2087	-58.7500	55.0000	739402.554262
26.8324	-4.8335	4.2087	-66.2500	55.0000	739402.554262
26.9478	-4.8238	4.2371	-71.2500	55.0000	739402.554262
27.0641	-4.7563	4.4360	-71.2500	55.0000	739402.554262
27.1667	-4.6966	4.6058	-68.7500	55.0000	739402.554262
27.2805	-4.6188	4.7680	-60.0000	55.0000	739402.554262
27.3972	-4.6188	4.7680	-51.2500	55.0000	739402.554262
27.4973	-4.7390	4.6339	-47.5000	55.0000	739402.554262
27.6139	-4.8808	4.4791	-47.5000	55.0000	739402.554262
27.7156	-5.0025	4.3464	-47.5000	55.0000	739402.554262
27.8159	-5.1166	4.2074	-53.7500	55.0000	739402.554262
27.9325	-5.1338	4.1828	-62.5000	55.0000	739402.554262
28.0473	-5.1338	4.1828	-71.2500	55.0000	739402.554262
28.1474	-5.1338	4.1828	-78.7500	55.0000	739402.554262
28.2638	-5.1338	4.1828	-87.5000	55.0000	739402.554262
28.3639	-5.1338	4.1828	-91.2500	55.0000	739402.554262
28.4640	-5.1338	4.1828	-91.2500	55.0000	739402.554262
28.5806	-5.1338	4.1828	-98.7500	55.0000	739402.554262
28.6972	-5.1338	4.1828	-107.5000	55.0000	739402.554262
28.7973	-5.1338	4.1828	-115.0000	55.0000	739402.554262
28.9139	-5.1338	4.1828	-123.7500	55.0000	739402.554262
29.0142	-5.1338	4.1828	-131.2500	55.0000	739402.554262
29.1325	-5.1338	4.1828	-140.0000	55.0000	739402.554262
29.2329	-5.1338	4.1828	-147.5000	55.0000	739402.554262
29.3339	-5.1338	4.1828	-155.0000	55.0000	739402.554262
29.4473	-5.0200	4.1448	-162.5000	55.0000	739402.554262
29.5483	-4.8483	4.0907	-162.5000	55.0000	739402.554262
29.6639	-4.6502	4.0214	-157.5000	55.0000	739402.554262
29.7641	-4.4897	3.9401	-150.0000	55.0000	739402.554262
29.8805	-4.3179	3.8197	-141.2500	55.0000	739402.554262
29.9813	-4.2502	3.7604	-133.7500	55.0000	739402.554262
30.0976	-4.2502	3.7604	-125.0000	55.0000	739402.554262
30.2140	-4.2502	3.7604	-116.2500	55.0000	739402.554262
30.3145	-4.2502	3.7604	-108.7500	55.0000	739402.554262
30.4155	-4.2502	3.7604	-101.2500	55.0000	739402.554262
30.5306	-4.2411	3.6408	-92.5000	55.0000	739402.554262
30.6307	-4.2469	3.4610	-85.0000	55.0000	739402.554262
30.7474	-4.2834	3.2544	-76.2500	55.0000	739402.554262
30.8640	-4.3446	3.0536	-72.5000	55.0000	739402.554262
30.9643	-4.3988	2.8819	-72.5000	55.0000	739402.554262
31.0814	-4.4600	2.6811	-75.0000	55.0000	739402.554262
31.1972	-4.4965	2.4745	-83.7500	55.0000	739402.554262
31.2981	-4.5024	2.2947	-91.2500	55.0000	739402.554262
31.4143	-4.4795	2.0861	-100.0000	55.0000	739402.554262
31.5306	-4.4349	1.9119	-108.7500	55.0000	739402.554262
31.6310	-4.4349	1.9119	-116.2500	55.0000	739402.554262
31.7473	-4.4349	1.9119	-125.0000	55.0000	739402.554262
31.8644	-4.3000	1.7512	-133.7500	55.0000	739402.554262
31.9648	-4.1661	1.6311	-141.2500	55.0000	739402.554262
32.0807	-3.9916	1.5145	-150.0000	55.0000	739402.554262
32.1974	-3.8015	1.4259	-158.7500	55.0000	739402.554262
32.3139	-3.6001	1.3672	-167.5000	55.0000	739402.554262
32.4141	-3.4220	1.3417	-175.0000	55.0000	739402.554262
32.5321	-3.4220	1.3417	-183.7500	55.0000	739402.554262
32.6473	-3.4220	1.3417	-192.5000	55.0000	739402.554262
32.7640	-3.4220	1.3417	-201.2500	55.0000	739402.554262
32.8642	-3.4220	1.3417	-208.7500	55.0000	739402.554262
32.9805	-3.3245	1.4116	-217.5000	55.0000	739402.554262
33.0806	-3.1905	1.5317	-225.0000	55.0000	739402.554262
33.1976	-3.1293	1.5976	-227.5000	55.0000	739402.554262
33.3143	-2.9874	1.7524	-227.5000	55.0000	739402.554262
33.4309	-2.8455	1.9072	-227.5000	55.0000	739402.554262
33.5311	-2.7239	2.0400	-227.5000	55.0000	739402.554262
33.6474	-2.5962	2.2064	-236.2500	55.0000	739402.554262
33.7476	-2.5080	2.3632	-243.7500	55.0000	739402.554262
33.8639	-2.4319	2.5587	-252.5000	55.0000	739402.554262
33.9640	-2.3911	2.7339	-260.0000	55.0000	739402.554262
34.0805	-2.3728	2.9429	-268.7500	55.0000	739402.554262
34.1818	-2.3826	3.1225	-276.2500	55.0000	739402.554262
34.2975	-2.4197	3.3291	-281.2500	55.0000	739402.554262
34.3977	-2.4548	3.5056	-281.2500	55.0000	739402.554262
34.5138	-2.4958	3.7116	-281.2500	55.0000	739402.554262
34.6140	-2.5302	3.8883	-280.0000	55.0000	739402.554262
34.7307	-2.5485	4.0973	-271.2500	55.0000	739402.554262
34.8477	-2.5551	4.3071	-273.7500	55.0000	739402.554262
34.9642	-2.5870	4.5145	-282.5000	55.0000	739402.554262
35.0810	-2.6501	4.7146	-291.2500	55.0000	739402.554262
35.1972	-2.7429	4.9028	-300.0000	55.0000	739402.554262
35.2973	-2.8444	5.0512	-307.5000	55.0000	739402.554262
35.4141	-2.9862	5.2059	-316.2500	55.0000	739402.554262
35.5308	-3.1498	5.3372	-325.0000	55.0000	739402.554262
35.6474	-3.3315	5.4421	-333.7500	55.0000	739402.554262
35.7491	-3.4984	5.5091	-341.2500	55.0000	739402.554262
35.8638	-3.7022	5.5590	-350.0000	55.0000	739402.554262
35.9640	-3.8812	5.5766	-357.5000	55.0000	739402.554262
36.0805	-4.0908	5.5675	-366.2500	55.0000	739402.554262
36.1806	-4.2697	5.5479	-366.2500	55.0000	739402.554262
36.2809	-4.4487	5.5283	-366.2500	55.0000	739402.554262
36.3973	-4.6574	5.5054	-366.2500	55.0000	739402.554262
36.5139	-4.8665	5.4865	-362.5000	55.0000	739402.554262
36.6142	-5.0463	5.4924	-355.0000	55.0000	739402.554262
36.7322	-5.2529	5.5288	-346.2500	55.0000	739402.554262
36.8473	-5.4516	5.5962	-337.5000	55.0000	739402.554262
36.9638	-5.6376	5.6931	-328.7500	55.0000	739402.554262
37.0806	-5.8068	5.8172	-320.0000	55.0000	739402.554262
37.1809	-5.9354	5.9430	-312.5000	55.0000	739402.554262
37.2976	-6.0739	6.1009	-311.2500	55.0000	739402.554262
0.1048	0.0000	0.0000	45.0000	55.0000	739402.579868
0.2079	0.0000	0.0000	45.0000	55.0000	739402.579868
0.3117	0.0000	0.0000	45.0000	55.0000	739402.579868
0.4118	0.0000	0.0000	45.0000	55.0000	739402.579868
0.5284	0.0000	0.0000	45.0000	55.0000	739402.579868
0.6285	0.0000	0.0000	45.0000	55.0000	739402.579868
0.7286	0.0000	0.0000	45.0000	55.0000	739402.579868
0.8287	0.0000	0.0000	52.5000	55.0000	739402.579868
0.9289	0.0000	0.0000	60.0000	55.0000	739402.579868
1.0455	-0.0905	0.1894	66.2500	55.0000	739402.579868
1.1457	-0.1630	0.3541	66.2500	55.0000	739402.579868
1.2625	-0.2475	0.5464	66.2500	55.0000	739402.579868
1.3792	-0.3285	0.7401	70.0000	55.0000	739402.579868
1.4795	-0.3769	0.9133	77.5000	55.0000	739402.579868
1.5962	-0.4043	1.1213	86.2500	55.0000	739402.579868
1.6964	-0.4089	1.3012	88.7500	55.0000	739402.579868
1.8130	-0.4135	1.5112	88.7500	55.0000	739402.579868
1.9297	-0.4181	1.7211	88.7500	55.0000	739402.579868
2.0297	-0.4220	1.9011	88.7500	55.0000	739402.579868
2.1466	-0.4266	2.1110	88.7500	55.0000	739402.579868
2.2468	-0.4305	2.2910	88.7500	55.0000	739402.579868
2.3636	-0.4351	2.5009	88.7500	55.0000	739402.579868
2.4802	-0.4397	2.7109	88.7500	55.0000	739402.579868
2.5970	-0.4442	2.9208	88.7500	55.0000	739402.579868
2.7137	-0.4488	3.1308	88.7500	55.0000	739402.579868
2.8304	-0.4534	3.3407	88.7500	55.0000	739402.579868
2.9475	-0.4580	3.5507	88.7500	55.0000	739402.579868
3.0640	-0.4626	3.7606	88.7500	55.0000	739402.579868
3.1640	-0.4665	3.9406	88.7500	55.0000	739402.579868
3.2809	-0.4711	4.1506	88.7500	55.0000	739402.579868
3.3810	-0.4750	4.3305	88.7500	55.0000	739402.579868
3.4811	-0.4789	4.5105	88.7500	55.0000	739402.579868
3.5812	-0.4829	4.6904	88.7500	55.0000	739402.579868
3.6813	-0.5005	4.8694	81.2500	55.0000	739402.579868
3.7814	-0.5413	5.0446	73.7500	55.0000	739402.579868
3.8815	-0.5926	5.1855	66.2500	55.0000	739402.579868
3.9983	-0.5926	5.1855	57.5000	55.0000	739402.579868
4.1150	-0.5926	5.1855	48.7500	55.0000	739402.579868
4.2151	-0.5926	5.1855	41.2500	55.0000	739402.579868
4.3318	-0.5926	5.1855	32.5000	55.0000	739402.579868
4.4485	-0.5926	5.1855	23.7500	55.0000	739402.579868
4.5487	-0.5926	5.1855	16.2500	55.0000	739402.579868
4.6488	-0.5926	5.1855	8.7500	55.0000	739402.579868
4.7656	-0.5926	5.1855	0.0000	55.0000	739402.579868
4.8823	-0.5926	5.1855	-8.7500	55.0000	739402.579868
4.9992	-0.5926	5.1855	-17.5000	55.0000	739402.579868
5.1158	-0.5926	5.1855	-26.2500	55.0000	739402.579868
5.2159	-0.5926	5.1855	-33.7500	55.0000	739402.579868
5.3161	-0.5926	5.1855	-41.2500	55.0000	739402.579868
5.4327	-0.5926	5.1855	-50.0000	55.0000	739402.579868
5.5329	-0.5926	5.1855	-57.5000	55.0000	739402.579868
5.6496	-0.5926	5.1855	-66.2500	55.0000	739402.579868
5.7497	-0.5926	5.1855	-73.7500	55.0000	739402.579868
5.8666	-0.5965	5.1558	-82.5000	55.0000	739402.579868
5.9832	-0.6057	4.9462	-91.2500	55.0000	739402.579868
6.0835	-0.5880	4.7671	-98.7500	55.0000	739402.579868
6.2001	-0.5401	4.5628	-105.0000	55.0000	739402.579868
6.3003	-0.4935	4.3889	-105.0000	55.0000	739402.579868
6.4171	-0.4391	4.1861	-105.0000	55.0000	739402.579868
6.5338	-0.3848	3.9833	-105.0000	55.0000	739402.579868
6.6504	-0.3483	3.7766	-96.2500	55.0000	739402.579868
6.7507	-0.3425	3.5969	-88.7500	55.0000	739402.579868
6.8507	-0.3601	3.4179	-81.2500	55.0000	739402.579868
6.9675	-0.4004	3.2118	-78.7500	55.0000	739402.579868
7.0678	-0.4355	3.0352	-78.7500	55.0000	739402.579868
7.1845	-0.4765	2.8293	-78.7500	55.0000	739402.579868
7.3011	-0.5175	2.6233	-78.7500	55.0000	739402.579868
7.4013	-0.5526	2.4468	-78.7500	55.0000	739402.579868
7.5180	-0.5936	2.2408	-78.7500	55.0000	739402.579868
7.6181	-0.6325	2.0651	-75.0000	55.0000	739402.579868
7.7350	-0.7043	1.8680	-66.2500	55.0000	739402.579868
7.8524	-0.8052	1.6840	-57.5000	55.0000	739402.579868
7.9685	-0.9180	1.5069	-57.5000	55.0000	739402.579868
8.0856	-1.0308	1.3298	-57.5000	55.0000	739402.579868
8.2020	-1.1437	1.1527	-57.5000	55.0000	739402.579868
8.3188	-1.2565	0.9756	-57.5000	55.0000	739402.579868
8.4354	-1.3842	0.8091	-48.7500	55.0000	739402.579868
8.5551	-1.5358	0.6641	-40.0000	55.0000	739402.579868
8.6695	-1.7076	0.5437	-31.2500	55.0000	739402.579868
8.7858	-1.8958	0.4509	-22.5000	55.0000	739402.579868
8.8862	-2.0667	0.3950	-15.0000	55.0000	739402.579868
9.0026	-2.2138	0.3657	-6.2500	55.0000	739402.579868
9.1029	-2.2138	0.3657	1.2500	55.0000	739402.579868
9.2196	-2.2738	0.3670	1.2500	55.0000	739402.579868
9.3362	-2.4837	0.3716	1.2500	55.0000	739402.579868
9.4363	-2.6637	0.3755	1.2500	55.0000	739402.579868
9.5365	-2.8436	0.3795	1.2500	55.0000	739402.579868
9.6532	-3.0536	0.3840	1.2500	55.0000	739402.579868
9.7547	-3.2335	0.3880	1.2500	55.0000	739402.579868
9.8700	-3.4421	0.4108	10.0000	55.0000	739402.579868
9.9701	-3.6163	0.4555	17.5000	55.0000	739402.579868
10.0702	-3.7833	0.5225	25.0000	55.0000	739402.579868
10.1873	-3.9650	0.6274	33.7500	55.0000	739402.579868
10.3039	-4.1286	0.7587	42.5000	55.0000	739402.579868
10.4206	-4.2703	0.9134	51.2500	55.0000	739402.579868
10.5374	-4.3869	1.0878	60.0000	55.0000	739402.579868
10.6540	-4.4755	1.2780	68.7500	55.0000	739402.579868
10.7541	-4.5278	1.4501	76.2500	55.0000	739402.579868
10.8542	-4.5278	1.4501	83.7500	55.0000	739402.579868
10.9731	-4.5278	1.4501	92.5000	55.0000	739402.579868
11.0885	-4.5278	1.4501	101.2500	55.0000	739402.579868
11.2045	-4.5278	1.4501	110.0000	55.0000	739402.579868
11.3046	-4.5278	1.4501	117.5000	55.0000	739402.579868
11.4047	-4.5278	1.4501	125.0000	55.0000	739402.579868
11.5215	-4.5278	1.4501	133.7500	55.0000	739402.579868
11.6216	-4.5278	1.4501	141.2500	55.0000	739402.579868
11.7384	-4.5278	1.4501	150.0000	55.0000	739402.579868
11.8386	-4.5278	1.4501	157.5000	55.0000	739402.579868
11.9552	-4.4696	1.4650	166.2500	55.0000	739402.579868
12.0554	-4.2922	1.4943	173.7500	55.0000	739402.579868
12.1733	-4.0824	1.4989	182.5000	55.0000	739402.579868
12.2888	-3.8729	1.4851	183.7500	55.0000	739402.579868
12.4056	-3.6633	1.4714	183.7500	55.0000	739402.579868
12.5058	-3.4837	1.4596	183.7500	55.0000	739402.579868
12.6224	-3.2739	1.4596	176.2500	55.0000	739402.579868
12.7226	-3.0958	1.4851	168.7500	55.0000	739402.579868
12.8227	-2.9226	1.5335	161.2500	55.0000	739402.579868
12.9397	-2.7306	1.6180	152.5000	55.0000	739402.579868
13.0562	-2.6783	1.6474	143.7500	55.0000	739402.579868
13.1563	-2.6783	1.6474	136.2500	55.0000	739402.579868
13.2730	-2.6783	1.6474	127.5000	55.0000	739402.579868
13.3733	-2.6783	1.6474	120.0000	55.0000	739402.579868
13.4900	-2.6674	1.6754	111.2500	55.0000	739402.579868
13.5902	-2.6152	1.8475	103.7500	55.0000	739402.579868
13.7068	-2.5833	2.0549	95.0000	55.0000	739402.579868
13.8071	-2.5813	2.2347	87.5000	55.0000	739402.579868
13.9236	-2.5951	2.4443	86.2500	55.0000	739402.579868
14.0238	-2.6068	2.6239	86.2500	55.0000	739402.579868
14.1405	-2.6206	2.8335	86.2500	55.0000	739402.579868
14.2573	-2.6343	3.0430	86.2500	55.0000	739402.579868
14.3575	-2.6363	3.2229	92.5000	55.0000	739402.579868
14.4742	-2.6108	3.4312	98.7500	55.0000	739402.579868
14.5743	-2.5834	3.6091	98.7500	55.0000	739402.579868
14.6910	-2.5515	3.8167	98.7500	55.0000	739402.579868
14.7913	-2.5241	3.9946	98.7500	55.0000	739402.579868
14.9080	-2.4987	4.2029	93.7500	55.0000	739402.579868
15.0246	-2.5032	4.4127	85.0000	55.0000	739402.579868
15.1248	-2.5325	4.5901	77.5000	55.0000	739402.579868
15.2415	-2.5956	4.7902	68.7500	55.0000	739402.579868
15.3416	-2.6734	4.9524	61.2500	55.0000	739402.579868
15.4417	-2.7717	5.1031	53.7500	55.0000	739402.579868
15.5584	-2.9100	5.2608	45.0000	55.0000	739402.579868
15.6752	-3.0708	5.3956	36.2500	55.0000	739402.579868
15.7753	-3.2235	5.4906	28.7500	55.0000	739402.579868
15.8921	-3.3594	5.5540	20.0000	55.0000	739402.579868
15.9922	-3.3594	5.5540	12.5000	55.0000	739402.579868
16.0922	-3.3594	5.5540	5.0000	55.0000	739402.579868
16.1924	-3.5393	5.5560	-2.5000	55.0000	739402.579868
16.2925	-3.7178	5.5344	-10.0000	55.0000	739402.579868
16.4092	-3.9222	5.4864	-13.7500	55.0000	739402.579868
16.5092	-4.0971	5.4436	-13.7500	55.0000	739402.579868
16.6094	-4.2721	5.4015	-12.5000	55.0000	739402.579868
16.7095	-4.4501	5.3761	-5.0000	55.0000	739402.579868
16.8261	-4.6599	5.3761	3.7500	55.0000	739402.579868
16.9263	-4.8386	5.3976	7.5000	55.0000	739402.579868
17.0430	-5.0468	5.4250	7.5000	55.0000	739402.579868
17.1432	-5.2242	5.4550	12.5000	55.0000	739402.579868
17.2600	-5.4243	5.5181	21.2500	55.0000	739402.579868
17.3766	-5.6125	5.6109	30.0000	55.0000	739402.579868
17.4768	-5.7609	5.7124	37.5000	55.0000	739402.579868
17.5936	-5.9170	5.8528	43.7500	55.0000	739402.579868
17.7103	-6.0687	5.9980	43.7500	55.0000	739402.579868
