T	X	Y	HEADING	PERPSECTIVE_ANGLE	NOW_NUM
0.1202	0.0000	0.0000	45.0000	55.0000	739406.502632
0.2202	0.0000	0.0000	45.0000	55.0000	739406.502632
0.1190	0.0000	0.0000	45.0000	55.0000	739415.803285
0.2232	0.0000	0.0000	45.0000	55.0000	739415.803285
0.3400	0.0000	0.0000	45.0000	55.0000	739415.803285
0.4567	0.0000	0.0000	45.0000	55.0000	739415.803285
0.5730	0.0000	0.0000	45.0000	55.0000	739415.803285
0.6734	0.0000	0.0000	45.0000	55.0000	739415.803285
0.7736	0.0000	0.0000	45.0000	55.0000	739415.803285
0.8898	0.0000	0.0000	45.0000	55.0000	739415.803285
0.9900	0.0000	0.0000	45.0000	55.0000	739415.803285
1.1066	0.0000	0.0000	45.0000	55.0000	739415.803285
1.2068	0.0000	0.0000	45.0000	55.0000	739415.803285
1.3068	0.0000	0.0000	45.0000	55.0000	739415.803285
1.4233	-0.1485	0.1485	45.0000	55.0000	739415.803285
1.5400	-0.2898	0.3036	51.2500	55.0000	739415.803285
1.6401	-0.3913	0.4521	58.7500	55.0000	739415.803285
1.7567	-0.4847	0.6400	66.2500	55.0000	739415.803285
1.8735	-0.5693	0.8322	66.2500	55.0000	739415.803285
1.9898	-0.6627	1.0201	60.0000	55.0000	739415.803285
2.0901	-0.7627	1.1697	55.0000	55.0000	739415.803285
2.1904	-0.8659	1.3172	55.0000	55.0000	739415.803285
2.3068	-0.9864	1.4892	55.0000	55.0000	739415.803285
2.4070	-1.0780	1.6440	62.5000	55.0000	739415.803285
2.5235	-1.1644	1.8354	66.2500	55.0000	739415.803285
2.6398	-1.2483	2.0279	67.5000	55.0000	739415.803285
2.7400	-1.3043	2.1988	75.0000	55.0000	739415.803285
2.8403	-1.3509	2.3727	75.0000	55.0000	739415.803285
2.9571	-1.4059	2.5754	73.7500	55.0000	739415.803285
3.0734	-1.4819	2.7709	65.0000	55.0000	739415.803285
3.1736	-1.5701	2.9276	57.5000	55.0000	739415.803285
3.2903	-1.6978	3.0941	48.7500	55.0000	739415.803285
3.4083	-1.8494	3.2392	40.0000	55.0000	739415.803285
3.5237	-2.0213	3.3595	31.2500	55.0000	739415.803285
3.6401	-2.2094	3.4523	22.5000	55.0000	739415.803285
3.7567	-2.4095	3.5154	13.7500	55.0000	739415.803285
3.8733	-2.6169	3.5473	5.0000	55.0000	739415.803285
3.9734	-2.7962	3.5630	5.0000	55.0000	739415.803285
4.0902	-3.0054	3.5813	5.0000	55.0000	739415.803285
4.2082	-3.2146	3.5996	5.0000	55.0000	739415.803285
4.3083	-3.3939	3.6153	5.0000	55.0000	739415.803285
4.4235	-3.6031	3.6336	5.0000	55.0000	739415.803285
4.5238	-3.7829	3.6395	-1.2500	55.0000	739415.803285
4.6402	-3.9917	3.6186	-7.5000	55.0000	739415.803285
4.7569	-4.1999	3.5912	-7.5000	55.0000	739415.803285
4.8735	-4.4082	3.5644	-6.2500	55.0000	739415.803285
4.9902	-4.6180	3.5598	2.5000	55.0000	739415.803285
5.1083	-4.8260	3.5872	11.2500	55.0000	739415.803285
5.2234	-4.9422	3.6170	20.0000	55.0000	739415.803285
5.3402	-4.9422	3.6170	28.7500	55.0000	739415.803285
5.4569	-4.9422	3.6170	37.5000	55.0000	739415.803285
5.5735	-4.9422	3.6170	46.2500	55.0000	739415.803285
5.6902	-4.9422	3.6170	55.0000	55.0000	739415.803285
5.8084	-4.9422	3.6170	63.7500	55.0000	739415.803285
5.9235	-5.0182	3.8125	72.5000	55.0000	739415.803285
6.0402	-5.0266	3.8413	71.2500	55.0000	739415.803285
6.1404	-5.0266	3.8413	63.7500	55.0000	739415.803285
6.2568	-5.0266	3.8413	55.0000	55.0000	739415.803285
6.3739	-5.0266	3.8413	46.2500	55.0000	739415.803285
6.4901	-5.1193	3.9174	37.5000	55.0000	739415.803285
6.6073	-5.2533	4.0375	46.2500	55.0000	739415.803285
6.7235	-5.2533	4.0375	55.0000	55.0000	739415.803285
6.8241	-5.2533	4.0375	62.5000	55.0000	739415.803285
6.9403	-5.2533	4.0375	71.2500	55.0000	739415.803285
7.0405	-5.2591	4.0669	78.7500	55.0000	739415.803285
7.1568	-5.2807	4.2455	87.5000	55.0000	739415.803285
7.2734	-5.2807	4.2455	96.2500	55.0000	739415.803285
7.3739	-5.2807	4.2455	103.7500	55.0000	739415.803285
7.4903	-5.2807	4.2455	112.5000	55.0000	739415.803285
7.6086	-5.2807	4.2455	121.2500	55.0000	739415.803285
7.7087	-5.2807	4.2455	128.7500	55.0000	739415.803285
7.8253	-5.2807	4.2455	137.5000	55.0000	739415.803285
7.9400	-5.1598	4.3342	146.2500	55.0000	739415.803285
8.0401	-5.0030	4.4224	153.7500	55.0000	739415.803285
8.1566	-4.8075	4.4984	162.5000	55.0000	739415.803285
8.2570	-4.6323	4.5393	170.0000	55.0000	739415.803285
8.3573	-4.4533	4.5569	177.5000	55.0000	739415.803285
8.4734	-4.2435	4.5661	177.5000	55.0000	739415.803285
8.5901	-4.0337	4.5752	177.5000	55.0000	739415.803285
8.6902	-3.8539	4.5831	177.5000	55.0000	739415.803285
8.8083	-3.6441	4.5922	177.5000	55.0000	739415.803285
8.9236	-3.4343	4.6014	177.5000	55.0000	739415.803285
9.0254	-3.2544	4.6092	177.5000	55.0000	739415.803285
9.1401	-3.0446	4.6184	177.5000	55.0000	739415.803285
9.2402	-2.8648	4.6263	177.5000	55.0000	739415.803285
9.3567	-2.6550	4.6354	177.5000	55.0000	739415.803285
9.4569	-2.4752	4.6433	177.5000	55.0000	739415.803285
9.5734	-2.2654	4.6524	177.5000	55.0000	739415.803285
9.6902	-2.0556	4.6616	177.5000	55.0000	739415.803285
9.7903	-1.8757	4.6694	177.5000	55.0000	739415.803285
9.9068	-1.6659	4.6786	177.5000	55.0000	739415.803285
10.0072	-1.4861	4.6865	177.5000	55.0000	739415.803285
10.1234	-1.2776	4.7093	170.0000	55.0000	739415.803285
10.2400	-1.0749	4.7636	161.2500	55.0000	739415.803285
10.3407	-0.9095	4.8342	153.7500	55.0000	739415.803285
10.4567	-0.7301	4.9431	145.0000	55.0000	739415.803285
10.5735	-0.5694	5.0779	136.2500	55.0000	739415.803285
10.6899	-0.4311	5.2357	127.5000	55.0000	739415.803285
10.7903	-0.3328	5.3863	120.0000	55.0000	739415.803285
10.9066	-0.2376	5.5735	117.5000	55.0000	739415.803285
11.0068	-0.1426	5.7262	125.0000	55.0000	739415.803285
11.1234	-0.0107	5.8895	130.0000	55.0000	739415.803285
11.2251	0.1050	6.0274	130.0000	55.0000	739415.803285
