T	X	Y	HEADING	PERPSECTIVE_ANGLE	NOW_NUM
0.1108	0.0000	0.0000	45.0000	55.0000	739542.387234
0.2262	0.0000	0.0000	45.0000	55.0000	739542.387234
0.3318	0.0000	0.0000	45.0000	55.0000	739542.387234
0.4319	0.0000	0.0000	45.0000	55.0000	739542.387234
0.5486	0.0000	0.0000	45.0000	55.0000	739542.387234
0.6652	0.0000	0.0000	45.0000	55.0000	739542.387234
0.7656	0.0000	0.0000	45.0000	55.0000	739542.387234
0.8818	0.0000	0.0000	45.0000	55.0000	739542.387234
0.9984	0.0000	0.0000	45.0000	55.0000	739542.387234
1.0986	0.0000	0.0000	45.0000	55.0000	739542.387234
1.2154	0.0000	0.0000	48.6600	55.0000	739542.387234
1.3319	0.0000	0.0000	57.2000	55.0000	739542.387234
1.4486	0.0000	0.0000	65.7400	55.0000	739542.387234
1.5653	0.0000	0.0000	73.0600	55.0000	739542.387234
1.6654	0.0000	0.0000	73.0600	55.0000	739542.387234
1.7821	0.0000	0.0000	73.0600	55.0000	739542.387234
1.8985	0.0000	0.0000	73.0600	55.0000	739542.387234
1.9991	0.0000	0.0000	73.0600	55.0000	739542.387234
2.1156	0.0000	0.0000	73.0600	55.0000	739542.387234
2.2320	0.0000	0.0000	73.0600	55.0000	739542.387234
2.3484	0.0000	0.0000	73.0600	55.0000	739542.387234
2.4487	0.0000	0.0000	73.0600	55.0000	739542.387234
2.5488	0.0000	0.0000	73.0600	55.0000	739542.387234
2.6653	-0.0291	0.0957	73.0600	55.0000	739542.387234
2.7822	-0.0699	0.2296	73.0600	55.0000	739542.387234
2.8991	-0.1107	0.3635	73.0600	55.0000	739542.387234
3.0154	-0.1515	0.4974	73.0600	55.0000	739542.387234
3.1156	-0.1865	0.6122	73.0600	55.0000	739542.387234
3.2323	-0.2273	0.7462	73.0600	55.0000	739542.387234
3.3325	-0.2622	0.8609	73.0600	55.0000	739542.387234
3.4489	-0.3030	0.9949	73.0600	55.0000	739542.387234
3.5657	-0.3438	1.1288	73.0600	55.0000	739542.387234
3.6824	-0.3846	1.2627	73.0600	55.0000	739542.387234
3.7989	-0.4254	1.3967	73.0600	55.0000	739542.387234
3.9153	-0.4662	1.5306	73.0600	55.0000	739542.387234
4.0321	-0.5070	1.6645	73.0600	55.0000	739542.387234
4.1489	-0.5478	1.7984	73.0600	55.0000	739542.387234
4.2655	-0.5478	1.7984	73.0600	55.0000	739542.387234
4.3656	-0.5478	1.7984	73.0600	55.0000	739542.387234
4.4657	-0.5478	1.7984	73.0600	55.0000	739542.387234
4.5822	-0.5478	1.7984	73.0600	55.0000	739542.387234
4.6988	-0.5478	1.7984	73.0600	55.0000	739542.387234
4.7990	-0.5478	1.7984	69.4000	55.0000	739542.387234
4.8991	-0.5478	1.7984	62.0800	55.0000	739542.387234
5.0155	-0.5478	1.7984	53.5400	55.0000	739542.387234
5.1155	-0.5478	1.7984	46.2200	55.0000	739542.387234
5.2157	-0.5478	1.7984	45.0000	55.0000	739542.387234
5.3322	-0.5478	1.7984	45.0000	55.0000	739542.387234
5.4491	-0.6043	1.8550	45.0000	55.0000	739542.387234
5.5655	-0.7033	1.9540	45.0000	55.0000	739542.387234
5.6655	-0.7882	2.0388	45.0000	55.0000	739542.387234
5.7656	-0.8730	2.1237	45.0000	55.0000	739542.387234
5.8658	-0.9622	2.2039	38.9000	55.0000	739542.387234
5.9821	-1.0782	2.2821	30.3600	55.0000	739542.387234
6.0826	-1.1859	2.3349	23.0400	55.0000	739542.387234
6.1993	-1.3188	2.3785	14.5000	55.0000	739542.387234
6.3156	-1.4550	2.4106	13.2800	55.0000	739542.387234
6.4324	-1.5913	2.4428	13.2800	55.0000	739542.387234
6.5487	-1.7275	2.4749	13.2800	55.0000	739542.387234
6.6655	-1.8638	2.5071	13.2800	55.0000	739542.387234
6.7822	-2.0001	2.5392	13.2800	55.0000	739542.387234
6.8825	-2.1168	2.5668	13.2800	55.0000	739542.387234
6.9989	-2.2531	2.5990	13.2800	55.0000	739542.387234
7.1156	-2.3894	2.6311	13.2800	55.0000	739542.387234
7.2161	-2.5061	2.6587	13.2800	55.0000	739542.387234
7.3321	-2.6424	2.6909	13.2800	55.0000	739542.387234
7.4488	-2.7787	2.7230	13.2800	55.0000	739542.387234
7.5658	-2.8760	2.7460	13.2800	55.0000	739542.387234
7.6822	-2.8760	2.7460	13.2800	55.0000	739542.387234
7.7988	-2.8760	2.7460	13.2800	55.0000	739542.387234
7.9154	-2.8760	2.7460	15.7200	55.0000	739542.387234
8.0325	-2.8760	2.7460	24.2600	55.0000	739542.387234
8.1489	-2.8760	2.7460	32.8000	55.0000	739542.387234
8.2657	-2.8760	2.7460	41.3400	55.0000	739542.387234
8.3823	-2.8760	2.7460	47.4400	55.0000	739542.387234
8.4989	-2.8760	2.7460	47.4400	55.0000	739542.387234
8.6154	-2.8760	2.7460	47.4400	55.0000	739542.387234
8.7321	-2.8760	2.7460	38.9000	55.0000	739542.387234
8.8323	-2.8760	2.7460	31.5800	55.0000	739542.387234
8.9490	-2.8760	2.7460	27.9200	55.0000	739542.387234
9.0654	-2.8760	2.7460	27.9200	55.0000	739542.387234
9.1821	-2.8760	2.7460	27.9200	55.0000	739542.387234
9.2989	-2.9820	2.8022	27.9200	55.0000	739542.387234
9.4154	-3.1057	2.8677	27.9200	55.0000	739542.387234
9.5321	-3.1764	2.9052	27.9200	55.0000	739542.387234
9.6492	-3.1764	2.9052	27.9200	55.0000	739542.387234
9.7657	-3.1764	2.9052	34.0200	55.0000	739542.387234
9.8658	-3.1764	2.9052	41.3400	55.0000	739542.387234
9.9823	-3.1764	2.9052	49.8800	55.0000	739542.387234
10.0988	-3.1764	2.9052	58.4200	55.0000	739542.387234
10.2155	-3.1764	2.9052	66.9600	55.0000	739542.387234
10.3322	-3.1764	2.9052	75.5000	55.0000	739542.387234
10.4490	-3.1764	2.9052	84.0400	55.0000	739542.387234
10.5655	-3.1764	2.9052	84.0400	55.0000	739542.387234
10.6674	-3.1764	2.9052	84.0400	55.0000	739542.387234
10.7822	-3.1806	2.9450	84.0400	55.0000	739542.387234
10.8989	-3.1951	3.0842	84.0400	55.0000	739542.387234
11.0158	-3.2096	3.2235	84.0400	55.0000	739542.387234
11.1322	-3.2242	3.3627	84.0400	55.0000	739542.387234
11.2488	-3.2387	3.5019	84.0400	55.0000	739542.387234
11.3489	-3.2512	3.6213	84.0400	55.0000	739542.387234
11.4656	-3.2657	3.7605	84.0400	55.0000	739542.387234
11.5822	-3.2678	3.7804	84.0400	55.0000	739542.387234
11.6823	-3.2678	3.7804	84.0400	55.0000	739542.387234
11.7988	-3.2678	3.7804	86.4800	55.0000	739542.387234
11.9153	-3.2678	3.7804	95.0200	55.0000	739542.387234
12.0154	-3.2678	3.7804	102.3400	55.0000	739542.387234
12.1156	-3.2678	3.7804	109.6600	55.0000	739542.387234
12.2323	-3.2678	3.7804	113.3200	55.0000	739542.387234
12.3489	-3.2678	3.7804	113.3200	55.0000	739542.387234
12.4655	-3.2599	3.7988	113.3200	55.0000	739542.387234
12.5821	-3.2044	3.9274	113.3200	55.0000	739542.387234
12.6822	-3.1569	4.0376	113.3200	55.0000	739542.387234
12.7989	-3.1015	4.1661	113.3200	55.0000	739542.387234
12.9154	-3.0461	4.2947	113.3200	55.0000	739542.387234
13.0322	-2.9907	4.4232	113.3200	55.0000	739542.387234
13.1489	-2.9353	4.5518	113.3200	55.0000	739542.387234
13.2657	-2.8798	4.6804	113.3200	55.0000	739542.387234
13.3822	-2.8244	4.8089	113.3200	55.0000	739542.387234
13.4824	-2.7888	4.9023	107.2200	55.0000	739542.387234
13.5991	-2.7888	4.9023	98.6800	55.0000	739542.387234
13.7155	-2.7888	4.9023	90.1400	55.0000	739542.387234
13.8321	-2.7888	4.9023	81.6000	55.0000	739542.387234
13.9492	-2.7888	4.9023	73.0600	55.0000	739542.387234
14.0654	-2.7888	4.9023	64.5200	55.0000	739542.387234
14.1655	-2.7888	4.9023	57.2000	55.0000	739542.387234
14.2821	-2.7888	4.9023	51.1000	55.0000	739542.387234
14.3824	-2.8139	4.9335	51.1000	55.0000	739542.387234
14.4989	-2.8682	4.9952	51.1000	55.0000	739542.387234
14.6155	-2.8749	4.9935	51.1000	55.0000	739542.387234
14.7329	-2.8749	4.9920	43.7800	55.0000	739542.387234
14.8490	-2.8749	4.9920	35.2400	55.0000	739542.387234
14.9656	-2.8749	4.9920	26.7000	55.0000	739542.387234
15.0658	-2.8749	4.9920	26.7000	55.0000	739542.387234
15.1823	-2.8749	4.9920	26.7000	55.0000	739542.387234
15.2826	-2.8754	4.9884	26.7000	55.0000	739542.387234
15.3989	-2.8764	4.9807	26.7000	55.0000	739542.387234
15.5158	-2.8784	4.9700	26.7000	55.0000	739542.387234
15.6321	-2.8784	4.9700	26.7000	55.0000	739542.387234
15.7327	-2.8784	4.9700	26.7000	55.0000	739542.387234
15.8490	-2.8784	4.9700	35.2400	55.0000	739542.387234
15.9655	-2.8784	4.9700	43.7800	55.0000	739542.387234
16.0657	-2.8784	4.9700	49.8800	55.0000	739542.387234
16.1821	-2.8784	4.9700	49.8800	55.0000	739542.387234
16.2823	-2.8784	4.9700	49.8800	55.0000	739542.387234
16.3993	-2.8784	4.9700	49.8800	55.0000	739542.387234
16.4995	-2.8794	4.9669	49.8800	55.0000	739542.387234
16.6156	-2.8840	4.9530	49.8800	55.0000	739542.387234
16.7321	-2.8934	4.9347	49.8800	55.0000	739542.387234
16.8322	-2.8952	4.9316	49.8800	55.0000	739542.387234
16.9324	-2.8952	4.9316	49.8800	55.0000	739542.387234
17.0490	-2.8437	4.8705	49.8800	55.0000	739542.387234
17.1656	-2.7535	4.7634	49.8800	55.0000	739542.387234
17.2656	-2.6762	4.6716	49.8800	55.0000	739542.387234
17.3659	-2.6375	4.6258	49.8800	55.0000	739542.387234
17.4826	-2.6375	4.6258	49.8800	55.0000	739542.387234
17.5990	-2.6375	4.6258	58.4200	55.0000	739542.387234
17.6993	-2.6375	4.6258	65.7400	55.0000	739542.387234
17.8155	-2.6375	4.6258	70.6200	55.0000	739542.387234
17.9158	-2.6375	4.6258	70.6200	55.0000	739542.387234
18.0323	-2.6707	4.7201	70.6200	55.0000	739542.387234
18.1487	-2.7171	4.8522	70.6200	55.0000	739542.387234
18.2489	-2.7569	4.9654	70.6200	55.0000	739542.387234
18.3491	-2.7972	5.0784	69.4000	55.0000	739542.387234
18.4655	-2.8573	5.2047	60.8600	55.0000	739542.387234
18.5658	-2.9234	5.3048	53.5400	55.0000	739542.387234
18.6821	-3.0158	5.4098	45.0000	55.0000	739542.387234
18.8007	-3.1227	5.4999	36.4600	55.0000	739542.387234
18.9157	-3.2419	5.5732	27.9200	55.0000	739542.387234
19.0161	-3.3517	5.6213	20.6000	55.0000	739542.387234
19.1322	-3.4864	5.6592	12.0600	55.0000	739542.387234
19.2324	-3.6052	5.6754	4.7400	55.0000	739542.387234
19.3489	-3.7451	5.6751	-3.8000	55.0000	739542.387234
19.4491	-3.8638	5.6583	-11.1200	55.0000	739542.387234
19.5654	-3.9982	5.6197	-19.6600	55.0000	739542.387234
19.6655	-4.1079	5.5711	-26.9800	55.0000	739542.387234
19.7657	-4.2104	5.5089	-34.3000	55.0000	739542.387234
19.8658	-4.3095	5.4412	-34.3000	55.0000	739542.387234
19.9821	-4.3756	5.3962	-34.3000	55.0000	739542.387234
20.0822	-4.3756	5.3962	-34.3000	55.0000	739542.387234
20.1828	-4.3756	5.3962	-34.3000	55.0000	739542.387234
20.2988	-4.4582	5.3398	-34.3000	55.0000	739542.387234
20.3991	-4.5573	5.2722	-34.3000	55.0000	739542.387234
20.5154	-4.6730	5.1933	-34.3000	55.0000	739542.387234
20.6157	-4.7721	5.1257	-34.3000	55.0000	739542.387234
20.7325	-4.8878	5.0468	-34.3000	55.0000	739542.387234
20.8488	-5.0019	4.9658	-37.9600	55.0000	739542.387234
20.9497	-5.0907	4.8852	-45.2800	55.0000	739542.387234
21.0656	-5.1803	4.7778	-53.8200	55.0000	739542.387234
21.1658	-5.2437	4.6760	-61.1400	55.0000	739542.387234
21.2821	-5.2619	4.6404	-66.0200	55.0000	739542.387234
21.3992	-5.2619	4.6404	-66.0200	55.0000	739542.387234
21.5154	-5.2619	4.6404	-66.0200	55.0000	739542.387234
21.6323	-5.2619	4.6404	-66.0200	55.0000	739542.387234
21.7488	-5.2457	4.6769	-66.0200	55.0000	739542.387234
21.8492	-5.1969	4.7866	-66.0200	55.0000	739542.387234
21.9655	-5.1400	4.9145	-66.0200	55.0000	739542.387234
22.0822	-5.0831	5.0424	-66.0200	55.0000	739542.387234
22.1825	-5.0343	5.1520	-66.0200	55.0000	739542.387234
22.2992	-4.9855	5.2617	-66.0200	55.0000	739542.387234
22.4155	-4.9855	5.2617	-66.0200	55.0000	739542.387234
22.5320	-4.9855	5.2617	-74.5600	55.0000	739542.387234
22.6321	-4.9855	5.2617	-81.8800	55.0000	739542.387234
22.7322	-4.9855	5.2617	-89.2000	55.0000	739542.387234
22.8324	-4.9855	5.2617	-96.5200	55.0000	739542.387234
22.9490	-4.9855	5.2617	-105.0600	55.0000	739542.387234
23.0674	-4.9855	5.2617	-112.3800	55.0000	739542.387234
23.1822	-4.9855	5.2617	-112.3800	55.0000	739542.387234
23.2827	-4.9703	5.2247	-112.3800	55.0000	739542.387234
23.3990	-4.9170	5.0952	-112.3800	55.0000	739542.387234
23.5155	-4.8637	4.9658	-112.3800	55.0000	739542.387234
23.6321	-4.8104	4.8363	-112.3800	55.0000	739542.387234
23.7322	-4.7647	4.7254	-112.3800	55.0000	739542.387234
23.8325	-4.7190	4.6144	-112.3800	55.0000	739542.387234
23.9487	-4.6657	4.4849	-112.3800	55.0000	739542.387234
24.0489	-4.6200	4.3740	-112.3800	55.0000	739542.387234
24.1656	-4.5667	4.2445	-112.3800	55.0000	739542.387234
24.2657	-4.5210	4.1336	-112.3800	55.0000	739542.387234
24.3823	-4.4677	4.0041	-112.3800	55.0000	739542.387234
24.4824	-4.4297	3.9116	-112.3800	55.0000	739542.387234
24.5988	-4.4297	3.9116	-112.3800	55.0000	739542.387234
24.6994	-4.4297	3.9116	-112.3800	55.0000	739542.387234
24.8155	-4.4297	3.9116	-112.3800	55.0000	739542.387234
24.9324	-4.4297	3.9116	-105.0600	55.0000	739542.387234
25.0487	-4.4297	3.9116	-96.5200	55.0000	739542.387234
25.1488	-4.4297	3.9116	-89.2000	55.0000	739542.387234
25.2490	-4.4297	3.9116	-87.9800	55.0000	739542.387234
25.3654	-4.4297	3.9116	-87.9800	55.0000	739542.387234
25.4656	-4.4339	3.7917	-87.9800	55.0000	739542.387234
25.5829	-4.4388	3.6518	-87.9800	55.0000	739542.387234
25.6993	-4.4438	3.5119	-87.9800	55.0000	739542.387234
25.8157	-4.4487	3.3720	-87.9800	55.0000	739542.387234
25.9321	-4.4536	3.2321	-87.9800	55.0000	739542.387234
26.0488	-4.4586	3.0922	-87.9800	55.0000	739542.387234
26.1492	-4.4628	2.9722	-87.9800	55.0000	739542.387234
26.2654	-4.4677	2.8323	-87.9800	55.0000	739542.387234
26.3654	-4.4720	2.7124	-87.9800	55.0000	739542.387234
26.4821	-4.4769	2.5725	-87.9800	55.0000	739542.387234
26.5822	-4.4811	2.4526	-87.9800	55.0000	739542.387234
26.6988	-4.4861	2.3126	-87.9800	55.0000	739542.387234
26.7990	-4.4903	2.1927	-87.9800	55.0000	739542.387234
26.9156	-4.4952	2.0528	-87.9800	55.0000	739542.387234
27.0321	-4.5002	1.9129	-87.9800	55.0000	739542.387234
27.1490	-4.5051	1.7730	-87.9800	55.0000	739542.387234
27.2655	-4.5100	1.6331	-87.9800	55.0000	739542.387234
27.3658	-4.5143	1.5131	-87.9800	55.0000	739542.387234
27.4822	-4.5192	1.3732	-87.9800	55.0000	739542.387234
27.5987	-4.5241	1.2333	-87.9800	55.0000	739542.387234
27.6988	-4.5284	1.1134	-87.9800	55.0000	739542.387234
27.8154	-4.5312	1.0334	-87.9800	55.0000	739542.387234
27.9320	-4.5312	1.0334	-83.1000	55.0000	739542.387234
28.0321	-4.5312	1.0334	-75.7800	55.0000	739542.387234
28.1488	-4.5312	1.0334	-67.2400	55.0000	739542.387234
28.2655	-4.5312	1.0334	-58.7000	55.0000	739542.387234
28.3657	-4.5312	1.0334	-51.3800	55.0000	739542.387234
28.4821	-4.5312	1.0334	-42.8400	55.0000	739542.387234
28.5825	-4.5312	1.0334	-36.7400	55.0000	739542.387234
28.6986	-4.5312	1.0334	-36.7400	55.0000	739542.387234
28.7991	-4.5312	1.0334	-36.7400	55.0000	739542.387234
28.9156	-4.5472	1.0215	-36.7400	55.0000	739542.387234
29.0323	-4.6594	0.9377	-36.7400	55.0000	739542.387234
29.1324	-4.7556	0.8659	-36.7400	55.0000	739542.387234
29.2488	-4.8677	0.7822	-36.7400	55.0000	739542.387234
29.3490	-4.9639	0.7104	-36.7400	55.0000	739542.387234
29.4654	-5.0761	0.6267	-36.7400	55.0000	739542.387234
29.5821	-5.1883	0.5429	-36.7400	55.0000	739542.387234
29.6988	-5.3005	0.4592	-36.7400	55.0000	739542.387234
29.8154	-5.4127	0.3754	-36.7400	55.0000	739542.387234
29.9326	-5.5249	0.2917	-36.7400	55.0000	739542.387234
30.0489	-5.6370	0.2079	-36.7400	55.0000	739542.387234
30.1659	-5.7492	0.1242	-36.7400	55.0000	739542.387234
30.2821	-5.8614	0.0405	-36.7400	55.0000	739542.387234
30.3824	-5.9576	-0.0313	-36.7400	55.0000	739542.387234
30.4825	-6.0538	-0.1031	-36.7400	55.0000	739542.387234
0.1140	0.0000	0.0000	45.0000	55.0000	739542.422998
0.2143	0.0000	0.0000	45.0000	55.0000	739542.422998
0.3201	0.0000	0.0000	45.0000	55.0000	739542.422998
0.4203	0.0000	0.0000	45.0000	55.0000	739542.422998
0.5366	0.0000	0.0000	45.0000	55.0000	739542.422998
0.6368	0.0000	0.0000	45.0000	55.0000	739542.422998
0.7368	0.0000	0.0000	45.0000	55.0000	739542.422998
0.8369	0.0000	0.0000	45.0000	55.0000	739542.422998
0.9371	-0.0424	0.0424	45.0000	55.0000	739542.422998
1.0374	-0.1273	0.1273	45.0000	55.0000	739542.422998
1.1539	-0.1697	0.1697	45.0000	55.0000	739542.422998
1.2541	-0.1697	0.1697	45.0000	55.0000	739542.422998
1.3545	-0.1697	0.1697	45.0000	55.0000	739542.422998
1.4708	-0.1697	0.1697	45.0000	55.0000	739542.422998
1.5877	-0.1697	0.1697	45.0000	55.0000	739542.422998
1.7043	-0.1697	0.1697	45.0000	55.0000	739542.422998
1.8052	-0.1697	0.1697	45.0000	55.0000	739542.422998
1.9222	-0.1697	0.1697	45.0000	55.0000	739542.422998
2.0381	-0.1697	0.1697	45.0000	55.0000	739542.422998
2.1548	-0.1697	0.1697	51.1000	55.0000	739542.422998
2.2715	-0.1697	0.1697	59.6400	55.0000	739542.422998
2.3884	-0.1697	0.1697	68.1800	55.0000	739542.422998
2.5048	-0.1697	0.1697	76.7200	55.0000	739542.422998
2.6051	-0.1697	0.1697	79.1600	55.0000	739542.422998
2.7053	-0.1697	0.1697	79.1600	55.0000	739542.422998
2.8219	-0.1772	0.2090	79.1600	55.0000	739542.422998
2.9220	-0.1998	0.3269	79.1600	55.0000	739542.422998
3.0221	-0.2224	0.4447	79.1600	55.0000	739542.422998
3.1222	-0.2449	0.5626	79.1600	55.0000	739542.422998
3.2223	-0.2675	0.6804	79.1600	55.0000	739542.422998
3.3225	-0.2901	0.7983	79.1600	55.0000	739542.422998
3.4392	-0.3164	0.9358	79.1600	55.0000	739542.422998
3.5559	-0.3427	1.0733	79.1600	55.0000	739542.422998
3.6562	-0.3653	1.1911	79.1600	55.0000	739542.422998
3.7727	-0.3916	1.3286	79.1600	55.0000	739542.422998
3.8729	-0.4142	1.4465	79.1600	55.0000	739542.422998
3.9729	-0.4368	1.5644	79.1600	55.0000	739542.422998
4.0730	-0.4593	1.6822	79.1600	55.0000	739542.422998
4.1732	-0.4881	1.7986	73.0600	55.0000	739542.422998
4.2733	-0.5315	1.9104	65.7400	55.0000	739542.422998
4.3734	-0.5888	2.0158	58.4200	55.0000	739542.422998
4.4735	-0.6590	2.1130	51.1000	55.0000	739542.422998
4.5736	-0.7411	2.2005	43.7800	55.0000	739542.422998
4.6737	-0.8336	2.2768	36.4600	55.0000	739542.422998
4.7739	-0.9351	2.3406	29.1400	55.0000	739542.422998
4.8905	-1.0626	2.3981	20.6000	55.0000	739542.422998
4.9925	-1.1777	2.4318	13.2800	55.0000	739542.422998
5.1074	-1.3160	2.4523	4.7400	55.0000	739542.422998
5.2093	-1.4360	2.4532	-2.5800	55.0000	739542.422998
5.3242	-1.5758	2.4469	-2.5800	55.0000	739542.422998
5.4254	-1.6957	2.4415	-2.5800	55.0000	739542.422998
5.5410	-1.8356	2.4352	-2.5800	55.0000	739542.422998
5.6412	-1.9554	2.4298	-2.5800	55.0000	739542.422998
5.7413	-2.0753	2.4244	-2.5800	55.0000	739542.422998
5.8414	-2.1952	2.4190	-2.5800	55.0000	739542.422998
5.9580	-2.3350	2.4127	-2.5800	55.0000	739542.422998
6.0748	-2.4749	2.4064	-2.5800	55.0000	739542.422998
6.1917	-2.6148	2.4001	-2.5800	55.0000	739542.422998
6.2917	-2.6347	2.3992	-2.5800	55.0000	739542.422998
6.3922	-2.6347	2.3992	-1.3600	55.0000	739542.422998
6.5087	-2.6347	2.3992	7.1800	55.0000	739542.422998
6.6254	-2.6347	2.3992	15.7200	55.0000	739542.422998
6.7254	-2.6347	2.3992	23.0400	55.0000	739542.422998
6.8256	-2.6347	2.3992	30.3600	55.0000	739542.422998
6.9423	-2.6347	2.3992	38.9000	55.0000	739542.422998
7.0424	-2.6347	2.3992	43.7800	55.0000	739542.422998
7.1426	-2.6347	2.3992	43.7800	55.0000	739542.422998
7.2591	-2.7214	2.4823	43.7800	55.0000	739542.422998
7.3592	-2.8080	2.5653	43.7800	55.0000	739542.422998
7.4594	-2.8947	2.6483	43.7800	55.0000	739542.422998
7.5595	-2.9813	2.7313	43.7800	55.0000	739542.422998
7.6595	-3.0679	2.8144	43.7800	55.0000	739542.422998
7.7597	-3.1546	2.8974	43.7800	55.0000	739542.422998
7.8764	-3.1690	2.9112	43.7800	55.0000	739542.422998
7.9767	-3.1690	2.9112	43.7800	55.0000	739542.422998
8.0934	-3.1690	2.9112	43.7800	55.0000	739542.422998
8.1935	-3.1690	2.9112	43.7800	55.0000	739542.422998
8.2936	-3.1690	2.9112	43.7800	55.0000	739542.422998
8.4103	-3.1690	2.9112	35.2400	55.0000	739542.422998
8.5271	-3.1690	2.9112	26.7000	55.0000	739542.422998
8.6273	-3.1690	2.9112	19.3800	55.0000	739542.422998
8.7440	-3.1690	2.9112	10.8400	55.0000	739542.422998
8.8608	-3.1690	2.9112	2.3000	55.0000	739542.422998
8.9773	-3.1690	2.9112	-6.2400	55.0000	739542.422998
9.0775	-3.1690	2.9112	-13.5600	55.0000	739542.422998
9.1943	-3.1690	2.9112	-22.1000	55.0000	739542.422998
9.2945	-3.1690	2.9112	-29.4200	55.0000	739542.422998
9.3946	-3.1690	2.9112	-36.7400	55.0000	739542.422998
9.5113	-3.1690	2.9112	-45.2800	55.0000	739542.422998
9.6118	-3.1690	2.9112	-52.6000	55.0000	739542.422998
9.7281	-3.1690	2.9112	-57.4800	55.0000	739542.422998
9.8303	-3.1690	2.9112	-58.7000	55.0000	739542.422998
9.9451	-3.1690	2.9112	-67.2400	55.0000	739542.422998
10.0618	-3.1690	2.9112	-72.1200	55.0000	739542.422998
10.1786	-3.1690	2.9112	-72.1200	55.0000	739542.422998
10.2787	-3.1874	2.8541	-72.1200	55.0000	739542.422998
10.3788	-3.2243	2.7399	-72.1200	55.0000	739542.422998
10.4955	-3.2673	2.6067	-72.1200	55.0000	739542.422998
10.6123	-3.3103	2.4734	-72.1200	55.0000	739542.422998
10.7124	-3.3471	2.3592	-72.1200	55.0000	739542.422998
10.8125	-3.3839	2.2450	-72.1200	55.0000	739542.422998
10.9127	-3.4208	2.1308	-72.1200	55.0000	739542.422998
11.0294	-3.4638	1.9976	-72.1200	55.0000	739542.422998
11.1460	-3.5006	1.8626	-78.2200	55.0000	739542.422998
11.2464	-3.5163	1.7437	-85.5400	55.0000	739542.422998
11.3629	-3.5152	1.6039	-94.0800	55.0000	739542.422998
11.4630	-3.4978	1.4852	-101.4000	55.0000	739542.422998
11.5631	-3.4654	1.3698	-108.7200	55.0000	739542.422998
11.6798	-3.4094	1.2416	-117.2600	55.0000	739542.422998
11.7801	-3.3467	1.1394	-124.5800	55.0000	739542.422998
11.8968	-3.2598	1.0297	-129.4600	55.0000	739542.422998
12.0136	-3.1708	0.9216	-129.4600	55.0000	739542.422998
12.1304	-3.0818	0.8135	-129.4600	55.0000	739542.422998
12.2469	-2.9928	0.7054	-129.4600	55.0000	739542.422998
12.3473	-2.9099	0.6188	-136.7800	55.0000	739542.422998
12.4638	-2.8002	0.5320	-145.3200	55.0000	739542.422998
12.5640	-2.6968	0.4713	-152.6400	55.0000	739542.422998
12.6641	-2.5865	0.4243	-159.9600	55.0000	739542.422998
12.7642	-2.5485	0.4118	-167.2800	55.0000	739542.422998
12.8810	-2.5485	0.4118	-175.8200	55.0000	739542.422998
12.9978	-2.5485	0.4118	-184.3600	55.0000	739542.422998
13.1146	-2.5485	0.4118	-192.9000	55.0000	739542.422998
13.2313	-2.5485	0.4118	-201.4400	55.0000	739542.422998
13.3314	-2.4754	0.4442	-203.8800	55.0000	739542.422998
13.4315	-2.3656	0.4927	-203.8800	55.0000	739542.422998
13.5316	-2.2559	0.5413	-203.8800	55.0000	739542.422998
13.6317	-2.1462	0.5899	-203.8800	55.0000	739542.422998
13.7484	-2.0182	0.6466	-203.8800	55.0000	739542.422998
13.8487	-1.9084	0.6952	-203.8800	55.0000	739542.422998
13.9653	-1.8353	0.7275	-203.8800	55.0000	739542.422998
14.0820	-1.8353	0.7275	-196.5600	55.0000	739542.422998
14.1822	-1.8353	0.7275	-189.2400	55.0000	739542.422998
14.2989	-1.8353	0.7275	-180.7000	55.0000	739542.422998
14.3993	-1.8353	0.7275	-180.7000	55.0000	739542.422998
14.5157	-1.7953	0.7280	-180.7000	55.0000	739542.422998
14.6158	-1.6753	0.7295	-180.7000	55.0000	739542.422998
14.7160	-1.5553	0.7310	-180.7000	55.0000	739542.422998
14.8326	-1.4153	0.7327	-180.7000	55.0000	739542.422998
14.9328	-1.2953	0.7341	-180.7000	55.0000	739542.422998
15.0495	-1.1553	0.7359	-180.7000	55.0000	739542.422998
15.1496	-1.0554	0.7345	-175.8200	55.0000	739542.422998
15.2497	-1.0554	0.7345	-168.5000	55.0000	739542.422998
15.3498	-1.0554	0.7345	-161.1800	55.0000	739542.422998
15.4499	-1.0554	0.7345	-155.0800	55.0000	739542.422998
15.5500	-1.0554	0.7345	-155.0800	55.0000	739542.422998
15.6501	-1.0554	0.7345	-155.0800	55.0000	739542.422998
15.7668	-1.0554	0.7345	-155.0800	55.0000	739542.422998
15.8835	-1.0554	0.7345	-155.0800	55.0000	739542.422998
15.9838	-1.0554	0.7345	-155.0800	55.0000	739542.422998
16.1004	-1.0554	0.7345	-163.6200	55.0000	739542.422998
16.2006	-1.0554	0.7345	-170.9400	55.0000	739542.422998
16.3173	-1.0554	0.7345	-179.4800	55.0000	739542.422998
16.4173	-1.0554	0.7345	-186.8000	55.0000	739542.422998
16.5340	-1.0554	0.7345	-195.3400	55.0000	739542.422998
16.6342	-1.0554	0.7345	-202.6600	55.0000	739542.422998
16.7343	-1.0554	0.7345	-209.9800	55.0000	739542.422998
16.8345	-1.0554	0.7345	-217.3000	55.0000	739542.422998
16.9511	-1.0554	0.7345	-225.8400	55.0000	739542.422998
17.0512	-1.0554	0.7345	-227.0600	55.0000	739542.422998
17.1514	-0.9872	0.8077	-227.0600	55.0000	739542.422998
17.2515	-0.9055	0.8956	-227.0600	55.0000	739542.422998
17.3516	-0.8238	0.9834	-227.0600	55.0000	739542.422998
17.4518	-0.7420	1.0713	-227.0600	55.0000	739542.422998
17.5684	-0.6498	1.1766	-231.9400	55.0000	739542.422998
17.6685	-0.5831	1.2762	-239.2600	55.0000	739542.422998
17.7854	-0.5221	1.4021	-247.8000	55.0000	739542.422998
17.8856	-0.4852	1.5162	-255.1200	55.0000	739542.422998
18.0021	-0.4546	1.6528	-257.5600	55.0000	739542.422998
18.1022	-0.4288	1.7700	-257.5600	55.0000	739542.422998
18.2190	-0.3986	1.9067	-257.5600	55.0000	739542.422998
18.3358	-0.3685	2.0434	-257.5600	55.0000	739542.422998
18.4359	-0.3426	2.1606	-257.5600	55.0000	739542.422998
18.5526	-0.3254	2.2387	-257.5600	55.0000	739542.422998
18.6527	-0.3254	2.2387	-260.0000	55.0000	739542.422998
18.7696	-0.3254	2.2387	-268.5400	55.0000	739542.422998
18.8863	-0.3254	2.2387	-277.0800	55.0000	739542.422998
19.0031	-0.3254	2.2387	-285.6200	55.0000	739542.422998
19.1198	-0.3254	2.2387	-294.1600	55.0000	739542.422998
19.2198	-0.3254	2.2387	-301.4800	55.0000	739542.422998
19.3199	-0.3254	2.2387	-308.8000	55.0000	739542.422998
19.4200	-0.3254	2.2387	-316.1200	55.0000	739542.422998
19.5201	-0.4151	2.3185	-318.5600	55.0000	739542.422998
19.6203	-0.5050	2.3979	-318.5600	55.0000	739542.422998
19.7203	-0.5050	2.3979	-322.2200	55.0000	739542.422998
19.8204	-0.5050	2.3979	-329.5400	55.0000	739542.422998
19.9205	-0.5050	2.3979	-336.8600	55.0000	739542.422998
20.0206	-0.5050	2.3979	-344.1800	55.0000	739542.422998
20.1373	-0.5050	2.3979	-352.7200	55.0000	739542.422998
20.2374	-0.5050	2.3979	-360.0400	55.0000	739542.422998
20.3375	-0.5849	2.3927	-363.7000	55.0000	739542.422998
20.4378	-0.7046	2.3850	-363.7000	55.0000	739542.422998
20.5550	-0.8443	2.3759	-363.7000	55.0000	739542.422998
20.6711	-0.9840	2.3669	-363.7000	55.0000	739542.422998
20.7713	-1.1038	2.3592	-363.7000	55.0000	739542.422998
20.8881	-1.2435	2.3501	-363.7000	55.0000	739542.422998
21.0047	-1.3832	2.3411	-363.7000	55.0000	739542.422998
21.1213	-1.5229	2.3320	-363.7000	55.0000	739542.422998
21.2216	-1.6426	2.3243	-363.7000	55.0000	739542.422998
21.3217	-1.7624	2.3166	-363.7000	55.0000	739542.422998
21.4221	-1.8821	2.3088	-363.7000	55.0000	739542.422998
21.5385	-2.0219	2.2998	-363.7000	55.0000	739542.422998
21.6389	-2.1416	2.2920	-363.7000	55.0000	739542.422998
21.7555	-2.2813	2.2830	-363.7000	55.0000	739542.422998
21.8556	-2.4012	2.2842	-356.3800	55.0000	739542.422998
21.9723	-2.5396	2.3049	-347.8400	55.0000	739542.422998
22.0724	-2.6546	2.3388	-340.5200	55.0000	739542.422998
22.1891	-2.7820	2.3965	-331.9800	55.0000	739542.422998
22.2892	-2.8834	2.4605	-324.6600	55.0000	739542.422998
22.3894	-2.9758	2.5370	-317.3400	55.0000	739542.422998
22.5062	-3.0702	2.6402	-308.8000	55.0000	739542.422998
22.6062	-3.1382	2.7390	-301.4800	55.0000	739542.422998
22.7063	-3.1930	2.8456	-294.1600	55.0000	739542.422998
22.8065	-3.1930	2.8456	-294.1600	55.0000	739542.422998
22.9232	-3.1930	2.8456	-294.1600	55.0000	739542.422998
23.0266	-3.1930	2.8456	-294.1600	55.0000	739542.422998
23.1399	-3.1930	2.8456	-294.1600	55.0000	739542.422998
23.2400	-3.1930	2.8456	-294.1600	55.0000	739542.422998
23.3401	-3.1930	2.8456	-294.1600	55.0000	739542.422998
23.4402	-3.2012	2.8639	-294.1600	55.0000	739542.422998
23.5403	-3.2503	2.9734	-294.1600	55.0000	739542.422998
23.6405	-3.2667	3.0099	-294.1600	55.0000	739542.422998
23.7407	-3.2667	3.0099	-294.1600	55.0000	739542.422998
23.8573	-3.2667	3.0099	-294.1600	55.0000	739542.422998
23.9573	-3.2667	3.0099	-290.5000	55.0000	739542.422998
24.0574	-3.2667	3.0099	-285.6200	55.0000	739542.422998
24.1576	-3.2667	3.0099	-285.6200	55.0000	739542.422998
24.2577	-3.2667	3.0099	-285.6200	55.0000	739542.422998
24.3578	-3.2667	3.0099	-285.6200	55.0000	739542.422998
24.4746	-3.2667	3.0099	-285.6200	55.0000	739542.422998
24.5913	-3.2667	3.0099	-285.6200	55.0000	739542.422998
24.7082	-3.2667	3.0099	-285.6200	55.0000	739542.422998
24.8247	-3.2667	3.0099	-285.6200	55.0000	739542.422998
24.9249	-3.2667	3.0099	-285.6200	55.0000	739542.422998
25.0424	-3.2667	3.0099	-285.6200	55.0000	739542.422998
25.1426	-3.2936	3.1062	-285.6200	55.0000	739542.422998
25.2428	-3.3259	3.2217	-285.6200	55.0000	739542.422998
25.3587	-3.3636	3.3566	-285.6200	55.0000	739542.422998
25.4754	-3.4013	3.4914	-285.6200	55.0000	739542.422998
25.5755	-3.4336	3.6070	-285.6200	55.0000	739542.422998
25.6756	-3.4444	3.6455	-285.6200	55.0000	739542.422998
25.7757	-3.4444	3.6455	-280.7400	55.0000	739542.422998
25.8924	-3.4444	3.6455	-272.2000	55.0000	739542.422998
25.9925	-3.4444	3.6455	-264.8800	55.0000	739542.422998
26.0926	-3.4444	3.6455	-257.5600	55.0000	739542.422998
26.1927	-3.4444	3.6455	-250.2400	55.0000	739542.422998
26.2928	-3.4444	3.6455	-249.0200	55.0000	739542.422998
26.3929	-3.4444	3.6455	-249.0200	55.0000	739542.422998
26.5096	-3.4301	3.6828	-249.0200	55.0000	739542.422998
26.6097	-3.3871	3.7949	-249.0200	55.0000	739542.422998
26.7098	-3.3441	3.9069	-249.0200	55.0000	739542.422998
26.8099	-3.2988	4.0180	-245.3600	55.0000	739542.422998
26.9101	-3.2408	4.1230	-238.0400	55.0000	739542.422998
27.0268	-3.1580	4.2357	-231.9400	55.0000	739542.422998
27.1270	-3.1333	4.2672	-231.9400	55.0000	739542.422998
27.2436	-3.0593	4.3617	-231.9400	55.0000	739542.422998
27.3437	-2.9888	4.4587	-236.8200	55.0000	739542.422998
27.4439	-2.9308	4.5637	-244.1400	55.0000	739542.422998
27.5441	-2.8867	4.6752	-251.4600	55.0000	739542.422998
27.6606	-2.8536	4.8111	-260.0000	55.0000	739542.422998
27.7608	-2.8417	4.9304	-267.3200	55.0000	739542.422998
27.8776	-2.8470	5.0702	-275.8600	55.0000	739542.422998
27.9777	-2.8524	5.1098	-283.1800	55.0000	739542.422998
28.0778	-2.8524	5.1098	-290.5000	55.0000	739542.422998
28.1944	-2.8524	5.1098	-299.0400	55.0000	739542.422998
28.2946	-2.8524	5.1098	-306.3600	55.0000	739542.422998
28.4114	-2.8524	5.1098	-314.9000	55.0000	739542.422998
28.5115	-2.8524	5.1098	-322.2200	55.0000	739542.422998
28.6282	-2.9663	5.1912	-324.6600	55.0000	739542.422998
28.7283	-3.0642	5.2606	-324.6600	55.0000	739542.422998
28.8450	-3.1784	5.3416	-324.6600	55.0000	739542.422998
28.9453	-3.2624	5.3958	-330.7600	55.0000	739542.422998
29.0618	-3.2624	5.3958	-339.3000	55.0000	739542.422998
29.1621	-3.2624	5.3958	-346.6200	55.0000	739542.422998
29.2787	-3.2624	5.3958	-355.1600	55.0000	739542.422998
29.3789	-3.2823	5.3950	-362.4800	55.0000	739542.422998
29.4957	-3.4221	5.3859	-363.7000	55.0000	739542.422998
29.5958	-3.5418	5.3782	-363.7000	55.0000	739542.422998
29.7125	-3.6809	5.3628	-369.8000	55.0000	739542.422998
29.8127	-3.7972	5.3337	-377.1200	55.0000	739542.422998
29.9293	-3.9269	5.2813	-385.6600	55.0000	739542.422998
30.0294	-4.0308	5.2214	-392.9800	55.0000	739542.422998
30.1296	-4.1265	5.1492	-399.0800	55.0000	739542.422998
30.2464	-4.2352	5.0609	-399.0800	55.0000	739542.422998
30.3630	-4.3439	4.9727	-399.0800	55.0000	739542.422998
30.4632	-4.4373	4.8973	-397.8600	55.0000	739542.422998
30.5800	-4.4696	4.8738	-389.3200	55.0000	739542.422998
30.6968	-4.5598	4.8305	-385.6600	55.0000	739542.422998
30.8136	-4.6860	4.7699	-385.6600	55.0000	739542.422998
30.9304	-4.8079	4.7014	-392.9800	55.0000	739542.422998
31.0470	-4.9184	4.6156	-401.5200	55.0000	739542.422998
31.1472	-5.0020	4.5296	-408.8400	55.0000	739542.422998
31.2474	-5.0740	4.4337	-416.1600	55.0000	739542.422998
31.3640	-5.1417	4.3113	-424.7000	55.0000	739542.422998
31.4641	-5.1859	4.1998	-429.5800	55.0000	739542.422998
31.5642	-5.2278	4.0873	-429.5800	55.0000	739542.422998
31.6810	-5.2766	3.9561	-429.5800	55.0000	739542.422998
31.7977	-5.2766	3.9561	-429.5800	55.0000	739542.422998
31.8978	-5.2766	3.9561	-429.5800	55.0000	739542.422998
32.0145	-5.2487	4.0311	-429.5800	55.0000	739542.422998
32.1146	-5.2069	4.1436	-429.5800	55.0000	739542.422998
32.2149	-5.1650	4.2560	-429.5800	55.0000	739542.422998
32.3315	-5.1161	4.3872	-429.5800	55.0000	739542.422998
32.4484	-5.0758	4.5212	-436.9000	55.0000	739542.422998
32.5485	-5.0574	4.6397	-444.2200	55.0000	739542.422998
32.6486	-5.0542	4.7595	-451.5400	55.0000	739542.422998
32.7654	-5.0699	4.8985	-460.0800	55.0000	739542.422998
32.8821	-5.1060	5.0337	-468.6200	55.0000	739542.422998
32.9987	-5.1618	5.1619	-477.1600	55.0000	739542.422998
33.0988	-5.2243	5.2643	-484.4800	55.0000	739542.422998
33.1989	-5.2994	5.3578	-491.8000	55.0000	739542.422998
33.2992	-5.3857	5.4410	-499.1200	55.0000	739542.422998
33.4157	-5.4989	5.5232	-507.6600	55.0000	739542.422998
33.5158	-5.5333	5.5435	-512.5400	55.0000	739542.422998
33.6159	-5.5333	5.5435	-512.5400	55.0000	739542.422998
33.7328	-5.5333	5.5435	-512.5400	55.0000	739542.422998
33.8496	-5.4624	5.5066	-512.5400	55.0000	739542.422998
33.9663	-5.3381	5.4421	-512.5400	55.0000	739542.422998
34.0666	-5.2311	5.3879	-514.9800	55.0000	739542.422998
34.1831	-5.0998	5.3397	-523.5200	55.0000	739542.422998
34.2833	-4.9826	5.3143	-530.8400	55.0000	739542.422998
34.4000	-4.8431	5.3035	-538.1600	55.0000	739542.422998
34.5167	-4.7032	5.2990	-538.1600	55.0000	739542.422998
34.6170	-4.5832	5.2951	-538.1600	55.0000	739542.422998
34.7335	-4.4433	5.2906	-538.1600	55.0000	739542.422998
34.8336	-4.3233	5.2868	-538.1600	55.0000	739542.422998
34.9338	-4.2034	5.2829	-538.1600	55.0000	739542.422998
35.0339	-4.0835	5.2791	-538.1600	55.0000	739542.422998
35.1340	-3.9635	5.2765	-540.6000	55.0000	739542.422998
35.2341	-3.8440	5.2867	-547.9200	55.0000	739542.422998
35.3508	-3.7076	5.3177	-556.4600	55.0000	739542.422998
35.4509	-3.5955	5.3601	-563.7800	55.0000	739542.422998
35.5510	-3.4896	5.4165	-571.1000	55.0000	739542.422998
35.6511	-3.3882	5.4807	-572.3200	55.0000	739542.422998
35.7512	-3.2824	5.5371	-565.0000	55.0000	739542.422998
35.8679	-3.1511	5.5852	-556.4600	55.0000	739542.422998
35.9680	-3.0338	5.6105	-549.1400	55.0000	739542.422998
36.0681	-2.9144	5.6207	-541.8200	55.0000	739542.422998
36.1683	-2.8145	5.6175	-534.5000	55.0000	739542.422998
36.2849	-2.8145	5.6175	-525.9600	55.0000	739542.422998
36.3851	-2.8145	5.6175	-518.6400	55.0000	739542.422998
36.5018	-2.8145	5.6175	-510.1000	55.0000	739542.422998
36.6022	-2.8145	5.6175	-502.7800	55.0000	739542.422998
36.7187	-2.8145	5.6175	-494.2400	55.0000	739542.422998
36.8189	-2.8145	5.6175	-486.9200	55.0000	739542.422998
36.9190	-2.8145	5.6175	-479.6000	55.0000	739542.422998
37.0357	-2.7833	5.5438	-471.0600	55.0000	739542.422998
37.1524	-2.7444	5.4094	-462.5200	55.0000	739542.422998
37.2526	-2.7272	5.2908	-455.2000	55.0000	739542.422998
37.3692	-2.7264	5.1509	-446.6600	55.0000	739542.422998
37.4694	-2.7423	5.0320	-439.3400	55.0000	739542.422998
37.5695	-2.7732	4.9162	-432.0200	55.0000	739542.422998
37.6696	-2.8019	4.8415	-424.7000	55.0000	739542.422998
37.7866	-2.8019	4.8415	-423.4800	55.0000	739542.422998
37.9032	-2.8019	4.8415	-432.0200	55.0000	739542.422998
38.0199	-2.8019	4.8415	-440.5600	55.0000	739542.422998
38.1200	-2.8019	4.8415	-447.8800	55.0000	739542.422998
38.2202	-2.8019	4.8415	-455.2000	55.0000	739542.422998
38.3369	-2.8019	4.8415	-463.7400	55.0000	739542.422998
38.4371	-2.7648	4.7275	-471.0600	55.0000	739542.422998
38.5537	-2.7036	4.6017	-479.6000	55.0000	739542.422998
38.6539	-2.6368	4.5021	-486.9200	55.0000	739542.422998
38.7706	-2.5435	4.3978	-495.4600	55.0000	739542.422998
38.8707	-2.4708	4.3292	-496.6800	55.0000	739542.422998
38.9874	-2.4708	4.3292	-496.6800	55.0000	739542.422998
39.0876	-2.4417	4.3018	-496.6800	55.0000	739542.422998
39.2044	-2.3398	4.2057	-496.6800	55.0000	739542.422998
39.3209	-2.2962	4.1646	-496.6800	55.0000	739542.422998
39.4211	-2.2816	4.1509	-496.6800	55.0000	739542.422998
39.5212	-2.1943	4.0685	-496.6800	55.0000	739542.422998
39.6213	-2.1262	3.9933	-496.6800	55.0000	739542.422998
39.7216	-2.1156	3.9330	-496.6800	55.0000	739542.422998
39.8382	-2.0137	3.8370	-496.6800	55.0000	739542.422998
39.9548	-1.9119	3.7409	-496.6800	55.0000	739542.422998
40.0551	-1.8682	3.6998	-496.6800	55.0000	739542.422998
40.1717	-1.8682	3.6998	-497.9000	55.0000	739542.422998
40.2718	-1.8682	3.6998	-505.2200	55.0000	739542.422998
40.3719	-1.8682	3.6998	-512.5400	55.0000	739542.422998
40.4720	-1.8682	3.6998	-519.8600	55.0000	739542.422998
40.5725	-1.8682	3.6998	-527.1800	55.0000	739542.422998
40.6888	-1.8682	3.6998	-535.7200	55.0000	739542.422998
40.7890	-1.8682	3.6998	-543.0400	55.0000	739542.422998
40.9057	-1.8682	3.6998	-551.5800	55.0000	739542.422998
41.0058	-1.8682	3.6998	-558.9000	55.0000	739542.422998
41.1059	-1.8682	3.6998	-566.2200	55.0000	739542.422998
41.2062	-1.8682	3.6998	-573.5400	55.0000	739542.422998
41.3227	-1.8682	3.6998	-582.0800	55.0000	739542.422998
41.4230	-1.8682	3.6998	-584.5200	55.0000	739542.422998
41.5396	-1.8682	3.6998	-584.5200	55.0000	739542.422998
41.6565	-1.8112	3.7559	-584.5200	55.0000	739542.422998
41.7732	-1.7113	3.8540	-584.5200	55.0000	739542.422998
41.8899	-1.6115	3.9522	-584.5200	55.0000	739542.422998
42.0067	-1.5135	4.0521	-588.1800	55.0000	739542.422998
42.1068	-1.4404	4.1472	-595.5000	55.0000	739542.422998
42.2070	-1.3801	4.2508	-602.8200	55.0000	739542.422998
42.3238	-1.3270	4.3802	-611.3600	55.0000	739542.422998
42.4405	-1.2937	4.5161	-619.9000	55.0000	739542.422998
42.5571	-1.2810	4.6554	-628.4400	55.0000	739542.422998
42.6594	-1.2867	4.7752	-635.7600	55.0000	739542.422998
42.7740	-1.3112	4.9129	-641.8600	55.0000	739542.422998
42.8761	-1.3112	4.9129	-641.8600	55.0000	739542.422998
42.9909	-1.3112	4.9129	-641.8600	55.0000	739542.422998
43.0910	-1.3112	4.9129	-641.8600	55.0000	739542.422998
43.2077	-1.2907	4.8151	-641.8600	55.0000	739542.422998
43.3078	-1.2660	4.6976	-641.8600	55.0000	739542.422998
43.4079	-1.2414	4.5802	-641.8600	55.0000	739542.422998
43.5249	-1.2101	4.4438	-645.5200	55.0000	739542.422998
43.6414	-1.1614	4.3127	-654.0600	55.0000	739542.422998
43.7416	-1.1346	4.2330	-661.3800	55.0000	739542.422998
43.8583	-1.1346	4.1766	-669.9200	55.0000	739542.422998
43.9586	-1.1346	4.1337	-677.2400	55.0000	739542.422998
44.0759	-1.1346	4.0907	-685.7800	55.0000	739542.422998
44.1919	-1.1346	4.0564	-694.3200	55.0000	739542.422998
44.2920	-1.1346	4.0346	-701.6400	55.0000	739542.422998
44.4088	-1.1346	4.0183	-710.1800	55.0000	739542.422998
44.5089	-1.1346	4.0125	-717.5000	55.0000	739542.422998
44.6090	-1.1346	4.0135	-724.8200	55.0000	739542.422998
44.7258	-1.1346	4.0135	-724.8200	55.0000	739542.422998
44.8426	-1.1545	4.0118	-724.8200	55.0000	739542.422998
44.9427	-1.2741	4.0017	-724.8200	55.0000	739542.422998
45.0429	-1.3937	3.9916	-724.8200	55.0000	739542.422998
45.1595	-1.5332	3.9799	-724.8200	55.0000	739542.422998
45.2762	-1.6727	3.9681	-724.8200	55.0000	739542.422998
45.3764	-1.7923	3.9580	-724.8200	55.0000	739542.422998
45.4931	-1.8836	3.9447	-724.8200	55.0000	739542.422998
45.5932	-1.8827	3.9276	-724.8200	55.0000	739542.422998
45.7099	-1.9041	3.9055	-724.8200	55.0000	739542.422998
45.8102	-1.9322	3.8865	-719.9400	55.0000	739542.422998
45.9272	-1.9630	3.8713	-711.4000	55.0000	739542.422998
46.0436	-2.0209	3.8743	-702.8600	55.0000	739542.422998
46.1437	-2.1325	3.9181	-695.5400	55.0000	739542.422998
46.2604	-2.2551	3.9855	-689.4400	55.0000	739542.422998
46.3606	-2.3585	4.0466	-689.4400	55.0000	739542.422998
46.4774	-2.4803	4.1155	-693.1000	55.0000	739542.422998
46.5776	-2.5909	4.1616	-700.4200	55.0000	739542.422998
46.6942	-2.7262	4.1971	-708.9600	55.0000	739542.422998
46.7942	-2.8453	4.2113	-716.2800	55.0000	739542.422998
46.8943	-2.9652	4.2101	-723.6000	55.0000	739542.422998
46.9946	-3.0644	4.1975	-730.9200	55.0000	739542.422998
47.1111	-3.0644	4.1975	-739.4600	55.0000	739542.422998
47.2279	-3.0644	4.1975	-748.0000	55.0000	739542.422998
47.3281	-3.0644	4.1975	-755.3200	55.0000	739542.422998
47.4447	-3.0644	4.1975	-763.8600	55.0000	739542.422998
47.5449	-3.0898	4.1666	-771.1800	55.0000	739542.422998
47.6452	-3.1650	4.0731	-771.1800	55.0000	739542.422998
47.7618	-3.2382	3.9781	-776.0600	55.0000	739542.422998
47.8619	-3.2382	3.9781	-783.3800	55.0000	739542.422998
47.9620	-3.2382	3.9781	-790.7000	55.0000	739542.422998
48.0622	-3.2382	3.9781	-798.0200	55.0000	739542.422998
48.1790	-3.2489	3.8787	-805.3400	55.0000	739542.422998
48.2957	-3.2603	3.7391	-805.3400	55.0000	739542.422998
48.4123	-3.2716	3.5996	-805.3400	55.0000	739542.422998
48.5125	-3.2814	3.4800	-805.3400	55.0000	739542.422998
48.6126	-3.2911	3.3604	-805.3400	55.0000	739542.422998
48.7127	-3.3009	3.2408	-805.3400	55.0000	739542.422998
48.8128	-3.3106	3.1212	-805.3400	55.0000	739542.422998
48.9294	-3.3220	2.9816	-805.3400	55.0000	739542.422998
49.0297	-3.3317	2.8620	-805.3400	55.0000	739542.422998
49.1464	-3.3431	2.7225	-805.3400	55.0000	739542.422998
49.2465	-3.3529	2.6029	-805.3400	55.0000	739542.422998
49.3632	-3.3642	2.4634	-805.3400	55.0000	739542.422998
49.4634	-3.3740	2.3438	-805.3400	55.0000	739542.422998
49.5802	-3.3854	2.2042	-805.3400	55.0000	739542.422998
49.6803	-3.3951	2.0846	-805.3400	55.0000	739542.422998
49.7970	-3.4065	1.9451	-805.3400	55.0000	739542.422998
49.8972	-3.4162	1.8255	-805.3400	55.0000	739542.422998
50.0139	-3.4276	1.6859	-805.3400	55.0000	739542.422998
50.1305	-3.4377	1.5463	-807.7800	55.0000	739542.422998
50.2306	-3.4334	1.4265	-815.1000	55.0000	739542.422998
50.3474	-3.4092	1.2887	-823.6400	55.0000	739542.422998
50.4642	-3.3648	1.1561	-832.1800	55.0000	739542.422998
50.5643	-3.3113	1.0487	-839.5000	55.0000	739542.422998
50.6811	-3.2324	0.9333	-848.0400	55.0000	739542.422998
50.7980	-3.1371	0.8308	-856.5800	55.0000	739542.422998
50.8981	-3.0441	0.7551	-863.9000	55.0000	739542.422998
50.9982	-2.9422	0.6919	-871.2200	55.0000	739542.422998
51.1148	-2.8143	0.6352	-879.7600	55.0000	739542.422998
51.2317	-2.6795	0.5982	-888.3000	55.0000	739542.422998
51.3483	-2.5406	0.5816	-896.8400	55.0000	739542.422998
51.4484	-2.4206	0.5775	-898.0600	55.0000	739542.422998
51.5652	-2.2807	0.5728	-898.0600	55.0000	739542.422998
51.6821	-2.1408	0.5680	-898.0600	55.0000	739542.422998
51.7987	-2.0009	0.5633	-898.0600	55.0000	739542.422998
51.8989	-1.8810	0.5592	-898.0600	55.0000	739542.422998
51.9989	-1.7610	0.5552	-898.0600	55.0000	739542.422998
52.0991	-1.6411	0.5511	-898.0600	55.0000	739542.422998
52.1992	-1.5212	0.5470	-898.0600	55.0000	739542.422998
52.3160	-1.3812	0.5423	-898.0600	55.0000	739542.422998
52.4328	-1.2413	0.5371	-896.8400	55.0000	739542.422998
52.5494	-1.1028	0.5176	-888.3000	55.0000	739542.422998
52.6662	-0.9688	0.4777	-879.7600	55.0000	739542.422998
52.7663	-0.8597	0.4279	-872.4400	55.0000	739542.422998
52.8830	-0.7896	0.3894	-871.2200	55.0000	739542.422998
52.9832	-0.7194	0.3509	-871.2200	55.0000	739542.422998
53.0832	-0.6669	0.3220	-871.2200	55.0000	739542.422998
53.2001	-0.6669	0.3220	-871.2200	55.0000	739542.422998
53.3167	-0.6669	0.3220	-873.6600	55.0000	739542.422998
53.4170	-0.6669	0.3220	-880.9800	55.0000	739542.422998
53.5338	-0.6669	0.3220	-889.5200	55.0000	739542.422998
53.6504	-0.6669	0.3220	-898.0600	55.0000	739542.422998
53.7505	-0.6669	0.3220	-905.3800	55.0000	739542.422998
53.8506	-0.6669	0.3220	-912.7000	55.0000	739542.422998
53.9507	-0.6669	0.3220	-920.0200	55.0000	739542.422998
54.0508	-0.6669	0.3220	-927.3400	55.0000	739542.422998
54.1675	-0.6669	0.3220	-935.8800	55.0000	739542.422998
54.2676	-0.6669	0.3220	-943.2000	55.0000	739542.422998
54.3677	-0.6669	0.3220	-950.5200	55.0000	739542.422998
54.4845	-0.6669	0.3220	-959.0600	55.0000	739542.422998
54.6013	-0.6669	0.3220	-967.6000	55.0000	739542.422998
54.7180	-0.6259	0.4348	-970.0400	55.0000	739542.422998
54.8181	-0.5849	0.5476	-970.0400	55.0000	739542.422998
54.9182	-0.5440	0.6604	-970.0400	55.0000	739542.422998
55.0184	-0.5030	0.7731	-970.0400	55.0000	739542.422998
55.1351	-0.4552	0.9047	-970.0400	55.0000	739542.422998
55.2519	-0.4115	1.0377	-974.9200	55.0000	739542.422998
55.3687	-0.3867	1.1753	-983.4600	55.0000	739542.422998
55.4853	-0.3814	1.3151	-989.5600	55.0000	739542.422998
55.5855	-0.3804	1.4351	-989.5600	55.0000	739542.422998
55.7023	-0.3794	1.5751	-989.5600	55.0000	739542.422998
55.8190	-0.3808	1.7151	-993.2200	55.0000	739542.422998
55.9191	-0.3965	1.8340	-1000.5400	55.0000	739542.422998
56.0358	-0.4337	1.9688	-1009.0800	55.0000	739542.422998
56.1359	-0.4812	2.0789	-1016.4000	55.0000	739542.422998
56.2360	-0.5424	2.1821	-1023.7200	55.0000	739542.422998
56.3362	-0.6162	2.2766	-1031.0400	55.0000	739542.422998
56.4530	-0.7167	2.3739	-1039.5800	55.0000	739542.422998
56.5697	-0.8305	2.4552	-1048.1200	55.0000	739542.422998
56.6704	-0.9367	2.5108	-1055.4400	55.0000	739542.422998
56.7865	-1.0684	2.5579	-1063.9800	55.0000	739542.422998
56.8865	-1.1858	2.5827	-1070.0800	55.0000	739542.422998
57.0033	-1.3237	2.6068	-1070.0800	55.0000	739542.422998
57.1034	-1.4419	2.6275	-1070.0800	55.0000	739542.422998
57.2035	-1.5601	2.6482	-1070.0800	55.0000	739542.422998
57.3203	-1.6980	2.6723	-1070.0800	55.0000	739542.422998
57.4371	-1.8359	2.6964	-1070.0800	55.0000	739542.422998
57.5538	-1.9738	2.7205	-1070.0800	55.0000	739542.422998
57.6541	-2.0920	2.7412	-1070.0800	55.0000	739542.422998
57.7542	-2.2102	2.7619	-1070.0800	55.0000	739542.422998
57.8707	-2.3481	2.7860	-1070.0800	55.0000	739542.422998
57.9709	-2.4663	2.8067	-1070.0800	55.0000	739542.422998
58.0876	-2.6043	2.8308	-1070.0800	55.0000	739542.422998
58.1889	-2.7225	2.8515	-1070.0800	55.0000	739542.422998
58.3050	-2.8505	2.8721	-1068.8600	55.0000	739542.422998
58.4218	-2.9177	2.8721	-1060.3200	55.0000	739542.422998
58.5379	-2.9569	2.8637	-1051.7800	55.0000	739542.422998
58.6381	-2.9934	2.8714	-1044.4600	55.0000	739542.422998
58.7387	-3.0099	2.8600	-1037.1400	55.0000	739542.422998
58.8549	-3.0611	2.8859	-1028.6000	55.0000	739542.422998
58.9550	-3.1164	2.9447	-1021.2800	55.0000	739542.422998
59.0719	-3.1785	3.0699	-1012.7400	55.0000	739542.422998
59.1886	-3.2214	3.2031	-1004.2000	55.0000	739542.422998
59.3054	-3.2504	3.3400	-1001.7600	55.0000	739542.422998
59.4055	-3.2748	3.4575	-1001.7600	55.0000	739542.422998
59.5222	-3.3034	3.5946	-1001.7600	55.0000	739542.422998
59.6223	-3.3266	3.7123	-999.3200	55.0000	739542.422998
59.7224	-3.3371	3.8318	-992.0000	55.0000	739542.422998
59.8391	-3.3301	3.9715	-983.4600	55.0000	739542.422998
59.9393	-3.3076	4.0893	-976.1400	55.0000	739542.422998
60.0562	-3.2627	4.2217	-967.6000	55.0000	739542.422998
60.1730	-3.1986	4.3460	-959.0600	55.0000	739542.422998
60.2895	-3.1167	4.4594	-950.5200	55.0000	739542.422998
60.3918	-3.0385	4.5504	-949.3000	55.0000	739542.422998
60.5063	-2.9472	4.6566	-949.3000	55.0000	739542.422998
60.6066	-2.8722	4.7502	-954.1800	55.0000	739542.422998
60.7233	-2.8499	4.7834	-962.7200	55.0000	739542.422998
60.8401	-2.8499	4.7834	-971.2600	55.0000	739542.422998
60.9569	-2.8499	4.7834	-979.8000	55.0000	739542.422998
61.0737	-2.8499	4.7834	-988.3400	55.0000	739542.422998
61.1737	-2.8499	4.7834	-995.6600	55.0000	739542.422998
61.2738	-2.8499	4.7834	-1002.9800	55.0000	739542.422998
61.3739	-2.8842	4.8983	-1007.8600	55.0000	739542.422998
61.4740	-2.8932	4.9249	-1007.8600	55.0000	739542.422998
61.5928	-2.8947	4.9266	-1007.8600	55.0000	739542.422998
61.7076	-2.8966	4.9282	-1007.8600	55.0000	739542.422998
61.8242	-2.8915	4.9075	-1007.8600	55.0000	739542.422998
61.9243	-2.8937	4.9114	-1007.8600	55.0000	739542.422998
62.0244	-2.8929	4.9054	-1007.8600	55.0000	739542.422998
62.1247	-2.8929	4.9054	-1007.8600	55.0000	739542.422998
62.2413	-2.8929	4.9054	-1007.8600	55.0000	739542.422998
62.3414	-2.8868	4.8864	-1007.8600	55.0000	739542.422998
62.4582	-2.8439	4.7531	-1007.8600	55.0000	739542.422998
62.5582	-2.8071	4.6389	-1007.8600	55.0000	739542.422998
62.6750	-2.7641	4.5056	-1007.8600	55.0000	739542.422998
62.7926	-2.7420	4.4288	-1000.5400	55.0000	739542.422998
62.9086	-2.7420	4.4288	-992.0000	55.0000	739542.422998
63.0255	-2.7420	4.4288	-983.4600	55.0000	739542.422998
63.1421	-2.7420	4.4288	-974.9200	55.0000	739542.422998
63.2589	-2.6943	4.5602	-966.3800	55.0000	739542.422998
63.3590	-2.6382	4.6662	-959.0600	55.0000	739542.422998
63.4757	-2.5563	4.7796	-950.5200	55.0000	739542.422998
63.5758	-2.5299	4.8097	-943.2000	55.0000	739542.422998
63.6759	-2.5299	4.8097	-935.8800	55.0000	739542.422998
63.7760	-2.5299	4.8097	-931.0000	55.0000	739542.422998
63.8761	-2.5299	4.8097	-938.3200	55.0000	739542.422998
63.9762	-2.5299	4.8097	-945.6400	55.0000	739542.422998
64.0929	-2.4908	4.8552	-949.3000	55.0000	739542.422998
64.1930	-2.4125	4.9461	-949.3000	55.0000	739542.422998
64.2932	-2.3376	5.0398	-954.1800	55.0000	739542.422998
64.4098	-2.2749	5.1420	-962.7200	55.0000	739542.422998
64.5099	-2.2749	5.1420	-970.0400	55.0000	739542.422998
64.6100	-2.2749	5.1420	-977.3600	55.0000	739542.422998
64.7101	-2.2749	5.1420	-984.6800	55.0000	739542.422998
64.8269	-2.2749	5.1420	-993.2200	55.0000	739542.422998
64.9269	-2.2749	5.1420	-1000.5400	55.0000	739542.422998
65.0271	-2.2749	5.1420	-1007.8600	55.0000	739542.422998
65.1438	-2.2749	5.1420	-1016.4000	55.0000	739542.422998
65.2440	-2.2749	5.1420	-1023.7200	55.0000	739542.422998
65.3607	-2.2749	5.1420	-1032.2600	55.0000	739542.422998
65.4610	-2.2749	5.1420	-1039.5800	55.0000	739542.422998
65.5776	-2.3086	5.1635	-1048.1200	55.0000	739542.422998
65.6943	-2.4332	5.2270	-1056.6600	55.0000	739542.422998
65.7944	-2.5466	5.2662	-1063.9800	55.0000	739542.422998
65.9111	-2.6838	5.2932	-1072.5200	55.0000	739542.422998
66.0112	-2.8035	5.3003	-1078.6200	55.0000	739542.422998
66.1113	-2.9235	5.3032	-1078.6200	55.0000	739542.422998
66.2117	-3.0435	5.3061	-1078.6200	55.0000	739542.422998
66.3282	-3.1834	5.3095	-1078.6200	55.0000	739542.422998
66.4284	-3.3034	5.3124	-1078.6200	55.0000	739542.422998
66.5285	-3.4233	5.3153	-1078.6200	55.0000	739542.422998
66.6452	-3.5633	5.3186	-1078.6200	55.0000	739542.422998
66.7454	-3.6833	5.3215	-1078.6200	55.0000	739542.422998
66.8621	-3.8232	5.3249	-1078.6200	55.0000	739542.422998
66.9623	-3.9430	5.3188	-1085.9400	55.0000	739542.422998
67.0790	-4.0804	5.2926	-1094.4800	55.0000	739542.422998
67.1791	-4.1939	5.2540	-1101.8000	55.0000	739542.422998
67.2958	-4.3189	5.1912	-1110.3400	55.0000	739542.422998
67.3959	-4.4176	5.1231	-1117.6600	55.0000	739542.422998
67.4960	-4.5068	5.0430	-1124.9800	55.0000	739542.422998
67.6127	-4.6037	4.9419	-1126.2000	55.0000	739542.422998
67.7129	-4.6868	4.8553	-1126.2000	55.0000	739542.422998
67.8296	-4.7837	4.7543	-1126.2000	55.0000	739542.422998
67.9296	-4.8668	4.6677	-1126.2000	55.0000	739542.422998
68.0297	-4.9498	4.5811	-1126.2000	55.0000	739542.422998
68.1299	-5.0329	4.4944	-1126.2000	55.0000	739542.422998
68.2466	-5.1298	4.3934	-1126.2000	55.0000	739542.422998
68.3467	-5.2097	4.3039	-1131.0800	55.0000	739542.422998
68.4467	-5.2778	4.2053	-1138.4000	55.0000	739542.422998
68.5468	-5.3329	4.0988	-1145.7200	55.0000	739542.422998
68.6469	-5.3685	4.0053	-1150.6000	55.0000	739542.422998
68.7471	-5.3685	4.0053	-1150.6000	55.0000	739542.422998
68.8471	-5.3685	4.0053	-1150.6000	55.0000	739542.422998
68.9474	-5.3419	4.0808	-1150.6000	55.0000	739542.422998
69.0475	-5.3021	4.1940	-1150.6000	55.0000	739542.422998
69.1642	-5.2556	4.3260	-1150.6000	55.0000	739542.422998
69.2810	-5.2091	4.4581	-1150.6000	55.0000	739542.422998
69.3977	-5.1626	4.5901	-1150.6000	55.0000	739542.422998
69.4978	-5.1227	4.7033	-1150.6000	55.0000	739542.422998
69.6144	-5.0762	4.8354	-1150.6000	55.0000	739542.422998
69.7146	-5.0363	4.9486	-1150.6000	55.0000	739542.422998
69.8148	-4.9965	5.0618	-1150.6000	55.0000	739542.422998
69.9315	-4.9561	5.1957	-1156.7000	55.0000	739542.422998
70.0316	-4.9448	5.2546	-1164.0200	55.0000	739542.422998
70.1484	-4.9448	5.2546	-1172.5600	55.0000	739542.422998
70.2486	-4.9448	5.2546	-1179.8800	55.0000	739542.422998
70.3653	-4.9448	5.2546	-1188.4200	55.0000	739542.422998
70.4821	-4.9448	5.2546	-1196.9600	55.0000	739542.422998
70.5988	-4.8881	5.1488	-1198.1800	55.0000	739542.422998
70.7154	-4.8220	5.0254	-1198.1800	55.0000	739542.422998
70.8156	-4.7653	4.9196	-1198.1800	55.0000	739542.422998
70.9157	-4.7087	4.8139	-1198.1800	55.0000	739542.422998
71.0158	-4.6520	4.7081	-1198.1800	55.0000	739542.422998
71.1160	-4.5953	4.6023	-1198.1800	55.0000	739542.422998
71.2325	-4.5292	4.4789	-1198.1800	55.0000	739542.422998
71.3328	-4.4725	4.3731	-1198.1800	55.0000	739542.422998
71.4495	-4.4172	4.2447	-1189.6400	55.0000	739542.422998
71.5497	-4.3854	4.1290	-1182.3200	55.0000	739542.422998
71.6664	-4.3673	3.9903	-1173.7800	55.0000	739542.422998
71.7664	-4.3667	3.8904	-1168.9000	55.0000	739542.422998
71.8666	-4.3667	3.8904	-1168.9000	55.0000	739542.422998
71.9671	-4.3667	3.8904	-1168.9000	55.0000	739542.422998
72.0833	-4.3667	3.8904	-1168.9000	55.0000	739542.422998
72.2001	-4.3667	3.8904	-1168.9000	55.0000	739542.422998
72.3002	-4.3667	3.8904	-1168.9000	55.0000	739542.422998
72.4170	-4.3667	3.8904	-1168.9000	55.0000	739542.422998
72.5171	-4.3667	3.8904	-1168.9000	55.0000	739542.422998
72.6172	-4.3667	3.8904	-1168.9000	55.0000	739542.422998
72.7341	-4.3667	3.8904	-1168.9000	55.0000	739542.422998
72.8507	-4.3663	3.9104	-1168.9000	55.0000	739542.422998
72.9508	-4.3640	4.0304	-1168.9000	55.0000	739542.422998
73.0509	-4.3617	4.1503	-1168.9000	55.0000	739542.422998
73.1510	-4.3594	4.2703	-1168.9000	55.0000	739542.422998
73.2512	-4.3571	4.3903	-1168.9000	55.0000	739542.422998
73.3678	-4.3544	4.5303	-1168.9000	55.0000	739542.422998
73.4680	-4.3521	4.6502	-1168.9000	55.0000	739542.422998
73.5680	-4.3498	4.7702	-1168.9000	55.0000	739542.422998
73.6848	-4.3471	4.9102	-1168.9000	55.0000	739542.422998
73.7850	-4.3448	5.0302	-1168.9000	55.0000	739542.422998
73.9018	-4.3421	5.1701	-1168.9000	55.0000	739542.422998
74.0196	-4.3394	5.3101	-1168.9000	55.0000	739542.422998
74.1352	-4.3367	5.4501	-1168.9000	55.0000	739542.422998
74.2352	-4.3344	5.5701	-1168.9000	55.0000	739542.422998
74.3354	-4.3321	5.6900	-1168.9000	55.0000	739542.422998
74.4355	-4.3298	5.8100	-1168.9000	55.0000	739542.422998
74.5522	-4.3279	5.8700	-1168.9000	55.0000	739542.422998
74.6523	-4.3267	5.8700	-1168.9000	55.0000	739542.422998
74.7524	-4.3256	5.8700	-1168.9000	55.0000	739542.422998
74.8525	-4.3244	5.8700	-1168.9000	55.0000	739542.422998
74.9526	-4.3239	5.8700	-1168.9000	55.0000	739542.422998
75.0527	-4.3239	5.8700	-1171.3400	55.0000	739542.422998
75.1694	-4.3239	5.8700	-1179.8800	55.0000	739542.422998
75.2696	-4.3239	5.8700	-1187.2000	55.0000	739542.422998
75.3864	-4.3239	5.8700	-1195.7400	55.0000	739542.422998
75.4865	-4.3239	5.8700	-1203.0600	55.0000	739542.422998
75.6032	-4.3239	5.8700	-1211.6000	55.0000	739542.422998
75.7200	-4.3239	5.8700	-1218.9200	55.0000	739542.422998
75.8206	-4.3239	5.8700	-1218.9200	55.0000	739542.422998
75.9369	-4.3239	5.8700	-1218.9200	55.0000	739542.422998
76.0535	-4.2636	5.8174	-1218.9200	55.0000	739542.422998
76.1539	-4.1731	5.7386	-1218.9200	55.0000	739542.422998
76.2704	-4.0676	5.6466	-1218.9200	55.0000	739542.422998
76.3705	-3.9768	5.5681	-1220.1400	55.0000	739542.422998
76.4706	-3.8793	5.4983	-1227.4600	55.0000	739542.422998
76.5874	-3.7554	5.4333	-1236.0000	55.0000	739542.422998
76.6875	-3.6427	5.3924	-1242.1000	55.0000	739542.422998
76.7879	-3.5285	5.3556	-1242.1000	55.0000	739542.422998
76.9042	-3.3953	5.3125	-1242.1000	55.0000	739542.422998
77.0043	-3.2811	5.2757	-1242.1000	55.0000	739542.422998
77.1214	-3.1479	5.2326	-1242.1000	55.0000	739542.422998
77.2379	-3.0189	5.1785	-1233.5600	55.0000	739542.422998
77.3548	-2.8994	5.1058	-1225.0200	55.0000	739542.422998
77.4714	-2.7920	5.0161	-1216.4800	55.0000	739542.422998
77.5717	-2.7115	4.9273	-1209.1600	55.0000	739542.422998
77.6883	-2.6327	4.8117	-1200.6200	55.0000	739542.422998
77.7885	-2.5795	4.7043	-1193.3000	55.0000	739542.422998
77.9053	-2.5719	4.6857	-1190.8600	55.0000	739542.422998
78.0218	-2.5719	4.6857	-1190.8600	55.0000	739542.422998
78.1220	-2.5380	4.6133	-1196.9600	55.0000	739542.422998
78.2222	-2.4758	4.5108	-1204.2800	55.0000	739542.422998
78.3390	-2.3884	4.4015	-1210.3800	55.0000	739542.422998
78.4556	-2.2977	4.2948	-1210.3800	55.0000	739542.422998
78.5558	-2.2848	4.2796	-1210.3800	55.0000	739542.422998
78.6560	-2.2848	4.2796	-1210.3800	55.0000	739542.422998
78.7726	-2.2848	4.2796	-1205.5000	55.0000	739542.422998
78.8727	-2.2848	4.2796	-1198.1800	55.0000	739542.422998
78.9896	-2.2848	4.2796	-1194.5200	55.0000	739542.422998
79.1064	-2.2433	4.1886	-1194.5200	55.0000	739542.422998
79.2231	-2.1852	4.0612	-1194.5200	55.0000	739542.422998
79.3232	-2.1354	3.9520	-1194.5200	55.0000	739542.422998
79.4400	-2.0773	3.8247	-1194.5200	55.0000	739542.422998
79.5566	-2.0112	3.7014	-1201.8400	55.0000	739542.422998
79.6567	-1.9890	3.6681	-1209.1600	55.0000	739542.422998
79.7570	-1.9890	3.6681	-1216.4800	55.0000	739542.422998
79.8737	-1.9890	3.6681	-1225.0200	55.0000	739542.422998
79.9904	-1.9890	3.6681	-1233.5600	55.0000	739542.422998
80.0904	-1.9890	3.6681	-1240.8800	55.0000	739542.422998
80.1906	-1.9890	3.6681	-1248.2000	55.0000	739542.422998
80.2907	-1.9890	3.6681	-1255.5200	55.0000	739542.422998
80.3908	-1.9890	3.6681	-1262.8400	55.0000	739542.422998
80.5075	-1.9890	3.6681	-1271.3800	55.0000	739542.422998
80.6242	-1.9890	3.6681	-1279.9200	55.0000	739542.422998
80.7248	-1.9890	3.6681	-1287.2400	55.0000	739542.422998
80.8255	-1.9890	3.6681	-1294.5600	55.0000	739542.422998
80.9256	-1.9890	3.6681	-1301.8800	55.0000	739542.422998
81.0413	-1.9890	3.6681	-1304.3200	55.0000	739542.422998
81.1414	-1.9890	3.6681	-1304.3200	55.0000	739542.422998
81.2581	-1.9461	3.7100	-1304.3200	55.0000	739542.422998
81.3582	-1.8603	3.7939	-1304.3200	55.0000	739542.422998
81.4583	-1.7744	3.8777	-1304.3200	55.0000	739542.422998
81.5584	-1.6885	3.9615	-1304.3200	55.0000	739542.422998
81.6586	-1.6045	4.0472	-1307.9800	55.0000	739542.422998
81.7753	-1.5201	4.1587	-1316.5200	55.0000	739542.422998
81.8755	-1.4616	4.2633	-1323.8400	55.0000	739542.422998
81.9921	-1.4108	4.3937	-1332.3800	55.0000	739542.422998
82.0922	-1.3831	4.5103	-1339.7000	55.0000	739542.422998
82.2089	-1.3699	4.6496	-1348.2400	55.0000	739542.422998
82.3092	-1.3751	4.7694	-1355.5600	55.0000	739542.422998
82.4260	-1.3775	4.7893	-1358.0000	55.0000	739542.422998
82.5260	-1.3775	4.7893	-1358.0000	55.0000	739542.422998
82.6428	-1.3775	4.7893	-1358.0000	55.0000	739542.422998
82.7596	-1.3775	4.7893	-1358.0000	55.0000	739542.422998
82.8764	-1.3719	4.7496	-1358.0000	55.0000	739542.422998
82.9930	-1.3524	4.6110	-1358.0000	55.0000	739542.422998
83.0931	-1.3357	4.4922	-1358.0000	55.0000	739542.422998
83.1931	-1.3190	4.3733	-1358.0000	55.0000	739542.422998
83.2933	-1.3023	4.2545	-1358.0000	55.0000	739542.422998
83.4100	-1.2829	4.1159	-1358.0000	55.0000	739542.422998
83.5102	-1.2662	3.9970	-1358.0000	55.0000	739542.422998
83.6269	-1.2467	3.8584	-1358.0000	55.0000	739542.422998
83.7437	-1.2272	3.7198	-1358.0000	55.0000	739542.422998
83.8439	-1.2105	3.6009	-1358.0000	55.0000	739542.422998
83.9605	-1.1910	3.4623	-1358.0000	55.0000	739542.422998
84.0607	-1.1743	3.3435	-1358.0000	55.0000	739542.422998
84.1774	-1.1506	3.2056	-1362.8800	55.0000	739542.422998
84.2776	-1.1287	3.1287	-1370.2000	55.0000	739542.422998
84.3943	-1.1287	3.1287	-1378.7400	55.0000	739542.422998
84.4944	-1.1287	3.1287	-1386.0600	55.0000	739542.422998
84.6112	-1.1287	3.1287	-1394.6000	55.0000	739542.422998
84.7279	-1.1287	3.1287	-1403.1400	55.0000	739542.422998
84.8280	-1.1461	3.1385	-1410.4600	55.0000	739542.422998
84.9448	-1.2705	3.2027	-1412.9000	55.0000	739542.422998
85.0616	-1.3951	3.2664	-1412.9000	55.0000	739542.422998
85.1784	-1.5198	3.3302	-1412.9000	55.0000	739542.422998
85.2951	-1.6444	3.3940	-1412.9000	55.0000	739542.422998
85.4118	-1.7690	3.4578	-1412.9000	55.0000	739542.422998
85.5286	-1.8916	3.5253	-1408.0200	55.0000	739542.422998
85.6454	-2.0035	3.6092	-1399.4800	55.0000	739542.422998
85.7455	-2.0886	3.6937	-1392.1600	55.0000	739542.422998
85.8456	-2.1623	3.7883	-1384.8400	55.0000	739542.422998
85.9623	-2.2321	3.9095	-1376.3000	55.0000	739542.422998
86.0791	-2.2321	3.9095	-1372.6400	55.0000	739542.422998
86.1792	-2.2398	3.9279	-1372.6400	55.0000	739542.422998
86.2961	-2.2937	4.0572	-1372.6400	55.0000	739542.422998
86.4128	-2.3476	4.1864	-1372.6400	55.0000	739542.422998
86.5128	-2.3938	4.2971	-1372.6400	55.0000	739542.422998
86.6296	-2.4477	4.4263	-1372.6400	55.0000	739542.422998
86.7297	-2.4939	4.5371	-1372.6400	55.0000	739542.422998
86.8465	-2.5478	4.6663	-1372.6400	55.0000	739542.422998
86.9633	-2.6040	4.7945	-1376.3000	55.0000	739542.422998
87.0635	-2.6650	4.8977	-1383.6200	55.0000	739542.422998
87.1800	-2.7521	5.0072	-1392.1600	55.0000	739542.422998
87.2803	-2.8389	5.0898	-1399.4800	55.0000	739542.422998
87.3969	-2.9526	5.1713	-1408.0200	55.0000	739542.422998
87.4971	-3.0588	5.2271	-1415.3400	55.0000	739542.422998
87.5976	-3.1708	5.2701	-1420.2200	55.0000	739542.422998
87.7144	-3.3025	5.3175	-1420.2200	55.0000	739542.422998
87.8311	-3.4343	5.3649	-1420.2200	55.0000	739542.422998
87.9312	-3.5472	5.4055	-1420.2200	55.0000	739542.422998
88.0479	-3.6789	5.4528	-1420.2200	55.0000	739542.422998
88.1482	-3.7926	5.4910	-1423.8800	55.0000	739542.422998
88.2649	-3.9298	5.5183	-1432.4200	55.0000	739542.422998
88.3652	-4.0496	5.5252	-1439.7400	55.0000	739542.422998
88.4817	-4.1890	5.5139	-1448.2800	55.0000	739542.422998
88.5818	-4.3060	5.4879	-1455.6000	55.0000	739542.422998
88.6985	-4.4371	5.4389	-1464.1400	55.0000	739542.422998
88.7988	-4.5425	5.3819	-1471.4600	55.0000	739542.422998
88.9154	-4.6552	5.2990	-1480.0000	55.0000	739542.422998
89.0155	-4.7411	5.2153	-1487.3200	55.0000	739542.422998
89.1157	-4.8156	5.1213	-1494.6400	55.0000	739542.422998
89.2324	-4.8966	5.0072	-1494.6400	55.0000	739542.422998
89.3491	-4.9776	4.8930	-1494.6400	55.0000	739542.422998
89.4493	-5.0471	4.7951	-1494.6400	55.0000	739542.422998
89.5661	-5.0471	4.7951	-1494.6400	55.0000	739542.422998
89.6828	-5.0471	4.7951	-1494.6400	55.0000	739542.422998
89.7831	-5.0471	4.7951	-1494.6400	55.0000	739542.422998
89.8996	-5.1165	4.6973	-1494.6400	55.0000	739542.422998
89.9997	-5.1860	4.5994	-1494.6400	55.0000	739542.422998
90.1164	-5.2670	4.4852	-1494.6400	55.0000	739542.422998
90.2167	-5.3364	4.3873	-1494.6400	55.0000	739542.422998
90.3333	-5.3827	4.3221	-1494.6400	55.0000	739542.422998
90.4501	-5.3827	4.3221	-1494.6400	55.0000	739542.422998
90.5502	-5.3827	4.3221	-1498.3000	55.0000	739542.422998
90.6671	-5.3827	4.3221	-1506.8400	55.0000	739542.422998
90.7673	-5.3827	4.3221	-1514.1600	55.0000	739542.422998
90.8839	-5.3827	4.3221	-1522.7000	55.0000	739542.422998
91.0006	-5.3827	4.3221	-1531.2400	55.0000	739542.422998
91.1007	-5.3827	4.3221	-1537.3400	55.0000	739542.422998
91.2176	-5.3827	4.3221	-1537.3400	55.0000	739542.422998
91.3343	-5.3827	4.3221	-1537.3400	55.0000	739542.422998
91.4510	-5.4006	4.4610	-1537.3400	55.0000	739542.422998
91.5678	-5.4185	4.5998	-1537.3400	55.0000	739542.422998
91.6679	-5.4338	4.7188	-1537.3400	55.0000	739542.422998
91.7845	-5.4517	4.8577	-1537.3400	55.0000	739542.422998
91.8846	-5.4683	4.9765	-1539.7800	55.0000	739542.422998
91.9848	-5.4683	4.9765	-1547.1000	55.0000	739542.422998
92.0851	-5.4683	4.9765	-1554.4200	55.0000	739542.422998
92.2018	-5.4683	4.9765	-1562.9600	55.0000	739542.422998
92.3183	-5.4683	4.9765	-1571.5000	55.0000	739542.422998
92.4186	-5.4683	4.9765	-1578.8200	55.0000	739542.422998
92.5353	-5.4223	4.9380	-1580.0400	55.0000	739542.422998
92.6354	-5.3303	4.8609	-1580.0400	55.0000	739542.422998
92.7521	-5.2230	4.7710	-1580.0400	55.0000	739542.422998
92.8523	-5.1310	4.6939	-1580.0400	55.0000	739542.422998
92.9525	-5.0391	4.6169	-1580.0400	55.0000	739542.422998
93.0691	-4.9318	4.5269	-1580.0400	55.0000	739542.422998
93.1691	-4.8415	4.4479	-1576.3800	55.0000	739542.422998
93.2692	-4.7611	4.3590	-1569.0600	55.0000	739542.422998
93.3861	-4.6825	4.2433	-1560.5200	55.0000	739542.422998
93.4861	-4.6294	4.1357	-1553.2000	55.0000	739542.422998
93.6029	-4.5855	4.0029	-1544.6600	55.0000	739542.422998
93.7030	-4.5634	3.8850	-1538.5600	55.0000	739542.422998
93.8032	-4.5456	3.7664	-1538.5600	55.0000	739542.422998
93.9197	-4.5247	3.6279	-1538.5600	55.0000	739542.422998
94.0198	-4.5069	3.5093	-1538.5600	55.0000	739542.422998
94.1199	-4.4890	3.3906	-1538.5600	55.0000	739542.422998
94.2201	-4.4711	3.2719	-1538.5600	55.0000	739542.422998
94.3201	-4.4533	3.1533	-1538.5600	55.0000	739542.422998
94.4370	-4.4324	3.0148	-1538.5600	55.0000	739542.422998
94.5536	-4.4116	2.8764	-1538.5600	55.0000	739542.422998
94.6539	-4.3997	2.7973	-1538.5600	55.0000	739542.422998
94.7540	-4.3997	2.7973	-1538.5600	55.0000	739542.422998
94.8705	-4.3997	2.7973	-1538.5600	55.0000	739542.422998
94.9708	-4.3997	2.7973	-1538.5600	55.0000	739542.422998
95.0874	-4.4116	2.8764	-1538.5600	55.0000	739542.422998
95.1875	-4.4295	2.9951	-1538.5600	55.0000	739542.422998
95.2876	-4.4473	3.1137	-1538.5600	55.0000	739542.422998
95.3878	-4.4652	3.2324	-1538.5600	55.0000	739542.422998
95.4882	-4.4893	3.3499	-1544.6600	55.0000	739542.422998
95.5890	-4.5282	3.4633	-1551.9800	55.0000	739542.422998
95.7055	-4.5914	3.5881	-1560.5200	55.0000	739542.422998
95.8214	-4.6724	3.7021	-1569.0600	55.0000	739542.422998
95.9223	-4.7547	3.7893	-1576.3800	55.0000	739542.422998
96.0385	-4.8638	3.8769	-1584.9200	55.0000	739542.422998
96.1387	-4.8638	3.9076	-1592.2400	55.0000	739542.422998
96.2390	-4.8638	3.9315	-1599.5600	55.0000	739542.422998
96.3555	-4.8638	3.9502	-1608.1000	55.0000	739542.422998
96.4721	-4.8598	3.9574	-1616.6400	55.0000	739542.422998
96.5723	-4.8598	3.9564	-1623.9600	55.0000	739542.422998
96.6890	-4.8598	3.9457	-1632.5000	55.0000	739542.422998
96.8057	-4.8598	3.9248	-1641.0400	55.0000	739542.422998
96.9058	-4.8598	3.8992	-1648.3600	55.0000	739542.422998
97.0059	-4.8598	3.8668	-1655.6800	55.0000	739542.422998
97.1227	-4.8750	3.8149	-1664.2200	55.0000	739542.422998
97.2395	-4.8750	3.7932	-1666.6600	55.0000	739542.422998
97.3562	-4.8750	3.7932	-1666.6600	55.0000	739542.422998
97.4564	-4.8750	3.7932	-1666.6600	55.0000	739542.422998
97.5730	-4.8612	3.8077	-1666.6600	55.0000	739542.422998
97.6731	-4.7789	3.8950	-1666.6600	55.0000	739542.422998
97.7732	-4.6965	3.9823	-1666.6600	55.0000	739542.422998
97.8733	-4.6151	4.0704	-1669.1000	55.0000	739542.422998
97.9901	-4.5328	4.1835	-1677.6400	55.0000	739542.422998
98.1069	-4.4683	4.3076	-1686.1800	55.0000	739542.422998
98.2070	-4.4282	4.4206	-1693.5000	55.0000	739542.422998
98.3237	-4.4000	4.5577	-1702.0400	55.0000	739542.422998
98.4239	-4.3868	4.6769	-1702.0400	55.0000	739542.422998
98.5424	-4.3557	4.8133	-1693.5000	55.0000	739542.422998
98.6574	-4.3047	4.9435	-1684.9600	55.0000	739542.422998
98.7594	-4.2460	5.0481	-1677.6400	55.0000	739542.422998
98.8744	-4.1613	5.1594	-1669.1000	55.0000	739542.422998
98.9755	-4.0763	5.2440	-1661.7800	55.0000	739542.422998
99.0910	-3.9644	5.3280	-1653.2400	55.0000	739542.422998
99.1912	-3.8595	5.3861	-1645.9200	55.0000	739542.422998
99.3079	-3.8595	5.3861	-1637.3800	55.0000	739542.422998
99.4080	-3.8595	5.3861	-1630.0600	55.0000	739542.422998
99.5248	-3.8595	5.3861	-1621.5200	55.0000	739542.422998
99.6249	-3.8197	5.3824	-1614.2000	55.0000	739542.422998
99.7416	-3.6822	5.3565	-1605.6600	55.0000	739542.422998
99.8417	-3.5684	5.3186	-1599.5600	55.0000	739542.422998
99.9586	-3.4373	5.2698	-1599.5600	55.0000	739542.422998
100.0753	-3.3061	5.2209	-1599.5600	55.0000	739542.422998
100.1755	-3.1936	5.1790	-1599.5600	55.0000	739542.422998
100.2922	-3.0624	5.1301	-1599.5600	55.0000	739542.422998
100.4089	-2.9791	5.1253	-1598.3400	55.0000	739542.422998
100.5090	-2.8793	5.0854	-1591.0200	55.0000	739542.422998
100.6258	-2.7631	5.0075	-1582.4800	55.0000	739542.422998
100.7260	-2.6737	4.9276	-1575.1600	55.0000	739542.422998
100.8261	-2.5952	4.8369	-1567.8400	55.0000	739542.422998
100.9428	-2.5191	4.7195	-1559.3000	55.0000	739542.422998
101.0429	-2.4684	4.6109	-1551.9800	55.0000	739542.422998
101.1596	-2.4212	4.4791	-1549.5400	55.0000	739542.422998
101.2764	-2.3743	4.3472	-1549.5400	55.0000	739542.422998
101.3764	-2.3283	4.2364	-1555.6400	55.0000	739542.422998
101.4767	-2.2685	4.1325	-1562.9600	55.0000	739542.422998
101.5933	-2.1959	4.0370	-1571.5000	55.0000	739542.422998
101.6933	-2.1959	4.0370	-1578.8200	55.0000	739542.422998
101.8101	-2.1959	4.0370	-1587.3600	55.0000	739542.422998
101.9104	-2.1959	4.0370	-1594.6800	55.0000	739542.422998
102.0270	-2.1959	4.0370	-1603.2200	55.0000	739542.422998
102.1273	-2.1959	4.0370	-1603.2200	55.0000	739542.422998
102.2439	-2.1959	4.0370	-1602.0000	55.0000	739542.422998
102.3610	-2.1959	4.0370	-1593.4600	55.0000	739542.422998
102.4775	-2.1959	4.0370	-1584.9200	55.0000	739542.422998
102.5942	-2.1959	4.0370	-1576.3800	55.0000	739542.422998
102.6943	-2.1820	4.0226	-1573.9400	55.0000	739542.422998
102.8110	-2.1032	3.9275	-1573.9400	55.0000	739542.422998
102.9112	-2.0377	3.8453	-1573.9400	55.0000	739542.422998
103.0114	-1.9544	3.7589	-1573.9400	55.0000	739542.422998
103.1280	-1.8564	3.6590	-1576.3800	55.0000	739542.422998
103.2280	-1.7636	3.5830	-1583.7000	55.0000	739542.422998
103.3281	-1.7636	3.5830	-1591.0200	55.0000	739542.422998
103.4283	-1.7636	3.5830	-1598.3400	55.0000	739542.422998
103.5283	-1.7636	3.5830	-1605.6600	55.0000	739542.422998
103.6284	-1.7636	3.5830	-1612.9800	55.0000	739542.422998
103.7451	-1.7636	3.5830	-1621.5200	55.0000	739542.422998
103.8452	-1.7636	3.5830	-1628.8400	55.0000	739542.422998
103.9453	-1.7636	3.5830	-1636.1600	55.0000	739542.422998
104.0454	-1.7636	3.5830	-1643.4800	55.0000	739542.422998
104.1455	-1.7636	3.5830	-1650.8000	55.0000	739542.422998
104.2457	-1.7636	3.5830	-1658.1200	55.0000	739542.422998
104.3458	-1.7636	3.5830	-1665.4400	55.0000	739542.422998
104.4459	-1.7636	3.5830	-1672.7600	55.0000	739542.422998
104.5460	-1.7636	3.5830	-1680.0800	55.0000	739542.422998
104.6628	-1.7636	3.5830	-1688.6200	55.0000	739542.422998
104.7794	-1.7636	3.5830	-1694.7200	55.0000	739542.422998
104.8796	-1.7531	3.6216	-1694.7200	55.0000	739542.422998
104.9963	-1.7162	3.7566	-1694.7200	55.0000	739542.422998
105.0965	-1.7109	3.7759	-1694.7200	55.0000	739542.422998
105.1965	-1.7109	3.7759	-1694.7200	55.0000	739542.422998
105.3134	-1.7109	3.7759	-1694.7200	55.0000	739542.422998
105.4135	-1.7425	3.6602	-1694.7200	55.0000	739542.422998
105.5301	-1.7794	3.5251	-1694.7200	55.0000	739542.422998
105.6302	-1.8111	3.4093	-1694.7200	55.0000	739542.422998
105.7303	-1.8427	3.2936	-1694.7200	55.0000	739542.422998
105.8471	-1.8734	3.1571	-1700.8200	55.0000	739542.422998
105.9637	-1.8800	3.1373	-1709.3600	55.0000	739542.422998
106.0641	-1.8762	3.1373	-1716.6800	55.0000	739542.422998
106.1808	-1.8622	3.1373	-1725.2200	55.0000	739542.422998
106.2975	-1.8381	3.1373	-1733.7600	55.0000	739542.422998
106.4143	-1.8046	3.1373	-1742.3000	55.0000	739542.422998
106.5310	-1.7624	3.1373	-1750.8400	55.0000	739542.422998
106.6311	-1.7557	3.1373	-1752.0600	55.0000	739542.422998
106.7312	-1.7691	3.1521	-1752.0600	55.0000	739542.422998
106.8480	-1.8628	3.2561	-1752.0600	55.0000	739542.422998
106.9647	-1.9566	3.3600	-1752.0600	55.0000	739542.422998
107.0648	-2.0370	3.4491	-1752.0600	55.0000	739542.422998
107.1649	-2.1174	3.5382	-1752.0600	55.0000	739542.422998
107.2818	-2.2112	3.6422	-1752.0600	55.0000	739542.422998
107.3986	-2.3050	3.7461	-1752.0600	55.0000	739542.422998
107.4991	-2.3854	3.8352	-1752.0600	55.0000	739542.422998
107.6154	-2.4810	3.9374	-1755.7200	55.0000	739542.422998
107.7321	-2.5891	4.0262	-1764.2600	55.0000	739542.422998
107.8322	-2.6914	4.0888	-1771.5800	55.0000	739542.422998
107.9324	-2.8008	4.1378	-1778.9000	55.0000	739542.422998
108.0490	-2.9351	4.1769	-1787.4400	55.0000	739542.422998
108.1659	-3.0737	4.1956	-1795.9800	55.0000	739542.422998
108.2659	-3.1936	4.1951	-1803.3000	55.0000	739542.422998
108.3827	-3.3321	4.1752	-1811.8400	55.0000	739542.422998
108.4829	-3.4473	4.1419	-1819.1600	55.0000	739542.422998
108.5996	-3.5751	4.0849	-1827.7000	55.0000	739542.422998
108.7163	-3.6929	4.0096	-1836.2400	55.0000	739542.422998
108.8164	-3.7841	3.9317	-1843.5600	55.0000	739542.422998
108.9165	-3.8646	3.8428	-1850.8800	55.0000	739542.422998
109.0333	-3.8748	3.7764	-1859.4200	55.0000	739542.422998
109.1334	-3.8748	3.7226	-1866.7400	55.0000	739542.422998
109.2500	-3.8748	3.6563	-1875.2800	55.0000	739542.422998
109.3501	-3.8748	3.5973	-1882.6000	55.0000	739542.422998
109.4502	-3.8748	3.5274	-1889.9200	55.0000	739542.422998
109.5503	-3.8703	3.4075	-1892.3600	55.0000	739542.422998
109.6671	-3.8645	3.2676	-1892.3600	55.0000	739542.422998
109.7673	-3.8596	3.1477	-1892.3600	55.0000	739542.422998
109.8841	-3.8538	3.0079	-1892.3600	55.0000	739542.422998
110.0007	-3.8480	2.8680	-1892.3600	55.0000	739542.422998
110.1008	-3.8431	2.7481	-1892.3600	55.0000	739542.422998
110.2009	-3.8382	2.6282	-1892.3600	55.0000	739542.422998
110.3176	-3.8324	2.4883	-1892.3600	55.0000	739542.422998
110.4343	-3.8266	2.3484	-1892.3600	55.0000	739542.422998
110.5346	-3.8217	2.2285	-1892.3600	55.0000	739542.422998
110.6347	-3.8168	2.1086	-1892.3600	55.0000	739542.422998
110.7515	-3.8110	1.9687	-1892.3600	55.0000	739542.422998
110.8682	-3.8039	1.8289	-1894.8000	55.0000	739542.422998
110.9683	-3.7850	1.7105	-1902.1200	55.0000	739542.422998
111.0851	-3.7441	1.5767	-1910.6600	55.0000	739542.422998
111.1853	-3.6947	1.4674	-1915.5400	55.0000	739542.422998
111.3018	-3.6344	1.3411	-1915.5400	55.0000	739542.422998
111.4190	-3.5740	1.2148	-1915.5400	55.0000	739542.422998
111.5355	-3.5137	1.0885	-1915.5400	55.0000	739542.422998
111.6356	-3.4540	0.9844	-1922.8600	55.0000	739542.422998
111.7357	-3.3817	0.8888	-1930.1800	55.0000	739542.422998
111.8524	-3.2826	0.7900	-1938.7200	55.0000	739542.422998
111.9525	-3.1869	0.7178	-1946.0400	55.0000	739542.422998
112.0526	-3.0827	0.6584	-1953.3600	55.0000	739542.422998
112.1692	-2.9528	0.6066	-1961.9000	55.0000	739542.422998
112.2694	-2.8364	0.5779	-1969.2200	55.0000	739542.422998
112.3695	-2.7177	0.5601	-1971.6600	55.0000	739542.422998
112.4862	-2.5792	0.5398	-1971.6600	55.0000	739542.422998
112.6030	-2.4407	0.5195	-1971.6600	55.0000	739542.422998
112.7031	-2.3219	0.5021	-1971.6600	55.0000	739542.422998
112.8032	-2.2032	0.4847	-1971.6600	55.0000	739542.422998
112.9200	-2.0647	0.4643	-1971.6600	55.0000	739542.422998
113.0369	-1.9262	0.4440	-1971.6600	55.0000	739542.422998
113.1370	-1.8074	0.4266	-1971.6600	55.0000	739542.422998
113.2370	-1.6887	0.4092	-1971.6600	55.0000	739542.422998
113.3371	-1.5700	0.3918	-1971.6600	55.0000	739542.422998
113.4537	-1.4314	0.3715	-1971.6600	55.0000	739542.422998
113.5539	-1.3127	0.3541	-1971.6600	55.0000	739542.422998
113.6705	-1.1742	0.3338	-1971.6600	55.0000	739542.422998
113.7707	-1.0555	0.3164	-1971.6600	55.0000	739542.422998
113.8711	-0.9367	0.2990	-1971.6600	55.0000	739542.422998
113.9875	-0.7999	0.2699	-1964.3400	55.0000	739542.422998
114.0876	-0.6872	0.2290	-1957.0200	55.0000	739542.422998
114.1880	-0.5806	0.1741	-1949.7000	55.0000	739542.422998
114.3047	-0.5104	0.1398	-1941.1600	55.0000	739542.422998
114.4054	-0.4726	0.1261	-1933.8400	55.0000	739542.422998
114.5217	-0.4726	0.1261	-1932.6200	55.0000	739542.422998
114.6222	-0.4726	0.1261	-1932.6200	55.0000	739542.422998
114.7387	-0.4726	0.1261	-1936.2800	55.0000	739542.422998
114.8549	-0.4726	0.1261	-1944.8200	55.0000	739542.422998
114.9555	-0.4726	0.1261	-1952.1400	55.0000	739542.422998
115.0720	-0.4726	0.1261	-1960.6800	55.0000	739542.422998
115.1888	-0.4726	0.1261	-1969.2200	55.0000	739542.422998
115.3053	-0.4726	0.1261	-1977.7600	55.0000	739542.422998
115.4054	-0.4726	0.1261	-1985.0800	55.0000	739542.422998
115.5057	-0.4726	0.1261	-1992.4000	55.0000	739542.422998
115.6223	-0.4726	0.1261	-2000.9400	55.0000	739542.422998
115.7224	-0.4726	0.1261	-2008.2600	55.0000	739542.422998
115.8225	-0.4726	0.1261	-2015.5800	55.0000	739542.422998
115.9227	-0.4726	0.1261	-2022.9000	55.0000	739542.422998
116.0394	-0.4726	0.1261	-2031.4400	55.0000	739542.422998
116.1395	-0.4726	0.1261	-2038.7600	55.0000	739542.422998
116.2396	-0.4726	0.1261	-2046.0800	55.0000	739542.422998
116.3563	-0.4726	0.1261	-2054.6200	55.0000	739542.422998
116.4565	-0.4726	0.1261	-2054.6200	55.0000	739542.422998
116.5566	-0.4726	0.1261	-2054.6200	55.0000	739542.422998
116.6734	-0.4461	0.2225	-2054.6200	55.0000	739542.422998
116.7900	-0.4089	0.3575	-2054.6200	55.0000	739542.422998
116.8902	-0.3771	0.4732	-2054.6200	55.0000	739542.422998
117.0069	-0.3400	0.6082	-2054.6200	55.0000	739542.422998
117.1070	-0.3081	0.7239	-2054.6200	55.0000	739542.422998
117.2238	-0.2827	0.8614	-2063.1600	55.0000	739542.422998
117.3406	-0.2779	1.0012	-2071.7000	55.0000	739542.422998
117.4408	-0.2891	1.1206	-2076.5800	55.0000	739542.422998
117.5574	-0.3051	1.2597	-2076.5800	55.0000	739542.422998
117.6575	-0.3189	1.3789	-2076.5800	55.0000	739542.422998
117.7576	-0.3326	1.4981	-2076.5800	55.0000	739542.422998
117.8577	-0.3464	1.6173	-2076.5800	55.0000	739542.422998
117.9745	-0.3624	1.7564	-2076.5800	55.0000	739542.422998
118.0746	-0.3762	1.8756	-2076.5800	55.0000	739542.422998
118.1925	-0.3922	2.0147	-2076.5800	55.0000	739542.422998
118.3081	-0.4083	2.1538	-2076.5800	55.0000	739542.422998
118.4250	-0.4243	2.2929	-2076.5800	55.0000	739542.422998
118.5417	-0.4289	2.3326	-2076.5800	55.0000	739542.422998
118.6584	-0.4289	2.3326	-2076.5800	55.0000	739542.422998
118.7585	-0.4289	2.3326	-2077.8000	55.0000	739542.422998
118.8754	-0.4289	2.3326	-2086.3400	55.0000	739542.422998
118.9921	-0.4289	2.3326	-2094.8800	55.0000	739542.422998
119.1088	-0.4289	2.3326	-2103.4200	55.0000	739542.422998
119.2092	-0.4289	2.3326	-2110.7400	55.0000	739542.422998
119.3256	-0.4289	2.3326	-2119.2800	55.0000	739542.422998
119.4257	-0.4289	2.3326	-2126.6000	55.0000	739542.422998
119.5259	-0.4289	2.3326	-2130.2600	55.0000	739542.422998
119.6427	-0.4289	2.3326	-2130.2600	55.0000	739542.422998
119.7427	-0.4810	2.3624	-2130.2600	55.0000	739542.422998
119.8594	-0.6025	2.4318	-2130.2600	55.0000	739542.422998
119.9595	-0.7067	2.4913	-2130.2600	55.0000	739542.422998
120.0763	-0.8303	2.5570	-2135.1400	55.0000	739542.422998
120.1765	-0.9425	2.5992	-2142.4600	55.0000	739542.422998
120.2767	-1.0593	2.6267	-2149.7800	55.0000	739542.422998
120.3934	-1.1985	2.6397	-2158.3200	55.0000	739542.422998
120.5101	-1.3382	2.6319	-2166.8600	55.0000	739542.422998
120.6103	-1.4558	2.6088	-2174.1800	55.0000	739542.422998
120.7269	-1.5889	2.5655	-2179.0600	55.0000	739542.422998
120.8271	-1.7024	2.5263	-2179.0600	55.0000	739542.422998
120.9440	-1.8347	2.4806	-2179.0600	55.0000	739542.422998
121.0605	-1.9670	2.4349	-2179.0600	55.0000	739542.422998
121.1607	-2.0804	2.3957	-2179.0600	55.0000	739542.422998
121.2607	-2.1939	2.3565	-2179.0600	55.0000	739542.422998
121.3775	-2.3274	2.3148	-2174.1800	55.0000	739542.422998
121.4776	-2.4456	2.2942	-2166.8600	55.0000	739542.422998
121.5777	-2.5654	2.2888	-2159.5400	55.0000	739542.422998
121.6944	-2.7046	2.3018	-2151.0000	55.0000	739542.422998
121.7946	-2.8214	2.3293	-2143.6800	55.0000	739542.422998
121.9112	-2.9518	2.3799	-2135.1400	55.0000	739542.422998
122.0114	-3.0565	2.4383	-2127.8200	55.0000	739542.422998
122.1115	-3.1530	2.5095	-2120.5000	55.0000	739542.422998
122.2116	-3.2396	2.5925	-2113.1800	55.0000	739542.422998
122.3116	-3.3149	2.6858	-2105.8600	55.0000	739542.422998
122.4117	-3.3777	2.7880	-2098.5400	55.0000	739542.422998
122.5118	-3.4270	2.8973	-2091.2200	55.0000	739542.422998
122.6119	-3.4620	3.0120	-2083.9000	55.0000	739542.422998
122.7287	-3.4839	3.1501	-2075.3600	55.0000	739542.422998
122.8288	-3.4862	3.2700	-2068.0400	55.0000	739542.422998
122.9455	-3.4695	3.4089	-2059.5000	55.0000	739542.422998
123.0456	-3.4390	3.5249	-2052.1800	55.0000	739542.422998
123.1457	-3.3939	3.6360	-2044.8600	55.0000	739542.422998
123.2459	-3.3350	3.7405	-2037.5400	55.0000	739542.422998
123.3460	-3.2684	3.8403	-2036.3200	55.0000	739542.422998
123.4626	-3.1908	3.9568	-2036.3200	55.0000	739542.422998
123.5628	-3.1242	4.0567	-2036.3200	55.0000	739542.422998
123.6629	-3.0577	4.1565	-2036.3200	55.0000	739542.422998
123.7796	-2.9801	4.2730	-2036.3200	55.0000	739542.422998
123.8798	-2.9157	4.3743	-2039.9800	55.0000	739542.422998
123.9965	-2.8562	4.5009	-2048.5200	55.0000	739542.422998
124.0966	-2.8208	4.6154	-2055.8400	55.0000	739542.422998
124.1967	-2.8002	4.7336	-2063.1600	55.0000	739542.422998
124.3134	-2.7954	4.8734	-2071.7000	55.0000	739542.422998
124.4135	-2.8079	4.9926	-2079.0200	55.0000	739542.422998
124.5303	-2.8415	5.1284	-2087.5600	55.0000	739542.422998
124.6304	-2.8860	5.2397	-2094.8800	55.0000	739542.422998
124.7471	-2.9555	5.3612	-2103.4200	55.0000	739542.422998
124.8472	-3.0288	5.4560	-2110.7400	55.0000	739542.422998
124.9472	-3.1136	5.5408	-2118.0600	55.0000	739542.422998
125.0473	-3.2085	5.6141	-2125.3800	55.0000	739542.422998
125.1474	-3.3120	5.6747	-2132.7000	55.0000	739542.422998
125.2476	-3.4224	5.7216	-2140.0200	55.0000	739542.422998
125.3643	-3.5574	5.7581	-2148.5600	55.0000	739542.422998
125.4646	-3.6764	5.7730	-2155.8800	55.0000	739542.422998
125.5811	-3.8163	5.7712	-2164.4200	55.0000	739542.422998
125.6814	-3.9348	5.7531	-2171.7400	55.0000	739542.422998
125.7981	-4.0688	5.7130	-2180.2800	55.0000	739542.422998
125.9150	-4.1954	5.6536	-2188.8200	55.0000	739542.422998
126.0315	-4.3118	5.5760	-2197.3600	55.0000	739542.422998
126.1316	-4.4014	5.4963	-2204.6800	55.0000	739542.422998
126.2317	-4.4850	5.4101	-2205.9000	55.0000	739542.422998
126.3318	-4.5685	5.3240	-2205.9000	55.0000	739542.422998
126.4320	-4.6520	5.2378	-2205.9000	55.0000	739542.422998
126.5487	-4.7494	5.1372	-2205.9000	55.0000	739542.422998
126.6488	-4.8329	5.0511	-2205.9000	55.0000	739542.422998
126.7489	-4.9164	4.9649	-2205.9000	55.0000	739542.422998
126.8491	-4.9996	4.8784	-2207.1200	55.0000	739542.422998
126.9658	-5.0857	4.7682	-2215.6600	55.0000	739542.422998
127.0659	-5.1458	4.6644	-2222.9800	55.0000	739542.422998
127.1826	-5.1985	4.5349	-2231.5200	55.0000	739542.422998
127.2828	-5.2341	4.4203	-2232.7400	55.0000	739542.422998
127.3996	-5.2401	4.4012	-2232.7400	55.0000	739542.422998
127.4997	-5.2401	4.4012	-2232.7400	55.0000	739542.422998
127.6163	-5.2401	4.4012	-2232.7400	55.0000	739542.422998
127.7165	-5.2401	4.4012	-2232.7400	55.0000	739542.422998
127.8167	-5.2401	4.4012	-2232.7400	55.0000	739542.422998
127.9333	-5.2460	4.3821	-2232.7400	55.0000	739542.422998
128.0334	-5.2816	4.2675	-2232.7400	55.0000	739542.422998
128.1335	-5.3172	4.1529	-2232.7400	55.0000	739542.422998
128.2336	-5.3528	4.0383	-2232.7400	55.0000	739542.422998
128.3520	-5.3944	3.9046	-2232.7400	55.0000	739542.422998
128.4670	-5.4359	3.7709	-2232.7400	55.0000	739542.422998
128.5672	-5.4715	3.6563	-2232.7400	55.0000	739542.422998
128.6841	-5.5130	3.5226	-2232.7400	55.0000	739542.422998
128.8009	-5.5521	3.3882	-2236.4000	55.0000	739542.422998
128.9176	-5.5733	3.2499	-2244.9400	55.0000	739542.422998
129.0342	-5.5761	3.1900	-2251.0400	55.0000	739542.422998
129.1343	-5.5761	3.1900	-2251.0400	55.0000	739542.422998
129.2346	-5.5761	3.1900	-2251.0400	55.0000	739542.422998
129.3513	-5.5775	3.2700	-2251.0400	55.0000	739542.422998
129.4513	-5.5797	3.3900	-2251.0400	55.0000	739542.422998
129.5514	-5.5819	3.5100	-2251.0400	55.0000	739542.422998
129.6680	-5.5844	3.6499	-2251.0400	55.0000	739542.422998
129.7686	-5.5866	3.7699	-2251.0400	55.0000	739542.422998
129.8849	-5.5891	3.9099	-2251.0400	55.0000	739542.422998
129.9852	-5.5917	4.0299	-2252.2600	55.0000	739542.422998
130.1018	-5.6091	4.1687	-2260.8000	55.0000	739542.422998
130.2021	-5.6403	4.2845	-2268.1200	55.0000	739542.422998
130.3188	-5.6950	4.4132	-2276.6600	55.0000	739542.422998
130.4355	-5.7681	4.5324	-2285.2000	55.0000	739542.422998
130.5356	-5.8444	4.6250	-2292.5200	55.0000	739542.422998
130.6360	-5.8723	4.6803	-2299.8400	55.0000	739542.422998
130.7526	-5.8723	4.6928	-2308.3800	55.0000	739542.422998
130.8693	-5.8723	4.6928	-2308.3800	55.0000	739542.422998
130.9694	-5.7872	4.6403	-2308.3800	55.0000	739542.422998
131.0861	-5.6680	4.5669	-2308.3800	55.0000	739542.422998
131.1862	-5.5658	4.5040	-2308.3800	55.0000	739542.422998
131.3029	-5.4465	4.4306	-2308.3800	55.0000	739542.422998
131.4031	-5.3444	4.3677	-2308.3800	55.0000	739542.422998
131.5034	-5.2422	4.3048	-2308.3800	55.0000	739542.422998
131.6199	-5.1230	4.2314	-2308.3800	55.0000	739542.422998
131.7366	-5.0037	4.1580	-2308.3800	55.0000	739542.422998
131.8368	-4.9016	4.0951	-2308.3800	55.0000	739542.422998
131.9371	-4.8017	4.0286	-2303.5000	55.0000	739542.422998
132.0372	-4.7109	3.9503	-2296.1800	55.0000	739542.422998
132.1536	-4.6186	3.8452	-2287.6400	55.0000	739542.422998
132.2537	-4.5526	3.7451	-2280.3200	55.0000	739542.422998
132.3539	-4.5000	3.6373	-2273.0000	55.0000	739542.422998
132.4705	-4.4565	3.5044	-2264.4600	55.0000	739542.422998
132.5707	-4.4352	3.3864	-2257.1400	55.0000	739542.422998
132.6714	-4.4280	3.2666	-2252.2600	55.0000	739542.422998
132.7717	-4.4232	3.1467	-2252.2600	55.0000	739542.422998
132.8882	-4.4177	3.0068	-2252.2600	55.0000	739542.422998
133.0048	-4.4122	2.8669	-2252.2600	55.0000	739542.422998
133.1049	-4.4075	2.7470	-2252.2600	55.0000	739542.422998
133.2052	-4.4027	2.6271	-2252.2600	55.0000	739542.422998
133.3220	-4.3972	2.4872	-2252.2600	55.0000	739542.422998
133.4386	-4.3917	2.3473	-2252.2600	55.0000	739542.422998
133.5548	-4.3862	2.2074	-2252.2600	55.0000	739542.422998
133.6554	-4.3814	2.0875	-2252.2600	55.0000	739542.422998
133.7555	-4.3767	1.9676	-2252.2600	55.0000	739542.422998
133.8720	-4.3712	1.8277	-2252.2600	55.0000	739542.422998
133.9722	-4.3669	1.7078	-2251.0400	55.0000	739542.422998
134.0889	-4.3762	1.5683	-2242.5000	55.0000	739542.422998
134.2056	-4.4062	1.4316	-2233.9600	55.0000	739542.422998
134.3224	-4.4562	1.3010	-2225.4200	55.0000	739542.422998
134.4392	-4.5250	1.1792	-2216.8800	55.0000	739542.422998
134.5558	-4.6111	1.0690	-2208.3400	55.0000	739542.422998
134.6725	-4.7126	0.9728	-2199.8000	55.0000	739542.422998
134.7726	-4.8102	0.9031	-2192.4800	55.0000	739542.422998
134.8728	-4.9153	0.8452	-2187.6000	55.0000	739542.422998
134.9896	-5.0394	0.7804	-2187.6000	55.0000	739542.422998
135.0899	-5.1457	0.7248	-2187.6000	55.0000	739542.422998
135.2064	-5.2698	0.6599	-2187.6000	55.0000	739542.422998
135.3065	-5.3740	0.6006	-2192.4800	55.0000	739542.422998
135.4066	-5.4701	0.5289	-2199.8000	55.0000	739542.422998
135.5067	-5.5563	0.4455	-2207.1200	55.0000	739542.422998
135.6236	-5.6493	0.3409	-2208.3400	55.0000	739542.422998
135.7402	-5.7424	0.2363	-2208.3400	55.0000	739542.422998
135.8404	-5.8222	0.1466	-2208.3400	55.0000	739542.422998
135.9570	-5.9152	0.0420	-2208.3400	55.0000	739542.422998
136.0571	-5.9950	-0.0476	-2208.3400	55.0000	739542.422998
136.1572	-6.0748	-0.1373	-2208.3400	55.0000	739542.422998
