T	X	Y	HEADING	PERPSECTIVE_ANGLE	NOW_NUM
0.1166	0.0000	0.0000	45.0000	55.0000	739542.387234
0.2170	0.0000	0.0000	45.0000	55.0000	739542.387234
0.3215	0.0000	0.0000	45.0000	55.0000	739542.387234
0.4217	0.0000	0.0000	45.0000	55.0000	739542.387234
0.5387	0.0000	0.0000	45.0000	55.0000	739542.387234
0.6555	0.0000	0.0000	45.0000	55.0000	739542.387234
0.7717	0.0000	0.0000	45.0000	55.0000	739542.387234
0.8887	0.0000	0.0000	45.0000	55.0000	739542.387234
1.0050	0.0000	0.0000	38.9000	55.0000	739542.387234
1.1216	0.0000	0.0000	30.3600	55.0000	739542.387234
1.2224	0.0000	0.0000	23.0400	55.0000	739542.387234
1.3386	0.0000	0.0000	20.6000	55.0000	739542.387234
1.4551	0.0000	0.0000	20.6000	55.0000	739542.387234
1.5552	0.0000	0.0000	20.6000	55.0000	739542.387234
1.6716	0.0000	0.0000	20.6000	55.0000	739542.387234
1.7717	0.0000	0.0000	20.6000	55.0000	739542.387234
1.8722	-0.0374	0.0141	20.6000	55.0000	739542.387234
1.9883	-0.1685	0.0633	20.6000	55.0000	739542.387234
2.0885	-0.2808	0.1056	20.6000	55.0000	739542.387234
2.2053	-0.4119	0.1548	20.6000	55.0000	739542.387234
2.3221	-0.5443	0.2000	15.7200	55.0000	739542.387234
2.4382	-0.6809	0.2305	12.0600	55.0000	739542.387234
2.5384	-0.7983	0.2556	12.0600	55.0000	739542.387234
2.6553	-0.9352	0.2849	12.0600	55.0000	739542.387234
2.7715	-1.0721	0.3141	12.0600	55.0000	739542.387234
2.8718	-1.1894	0.3392	12.0600	55.0000	739542.387234
2.9885	-1.3263	0.3684	12.0600	55.0000	739542.387234
3.0886	-1.4437	0.3935	12.0600	55.0000	739542.387234
3.1890	-1.5610	0.4186	12.0600	55.0000	739542.387234
3.3074	-1.6980	0.4478	12.0600	55.0000	739542.387234
3.4219	-1.8349	0.4771	12.0600	55.0000	739542.387234
3.5385	-1.9718	0.5063	12.0600	55.0000	739542.387234
3.6550	-2.1087	0.5356	12.0600	55.0000	739542.387234
3.7720	-2.2456	0.5648	12.0600	55.0000	739542.387234
3.8888	-2.3825	0.5941	12.0600	55.0000	739542.387234
4.0056	-2.5194	0.6233	12.0600	55.0000	739542.387234
4.1219	-2.6563	0.6526	12.0600	55.0000	739542.387234
4.2220	-2.7737	0.6777	12.0600	55.0000	739542.387234
4.3385	-2.9106	0.7069	12.0600	55.0000	739542.387234
4.4551	-3.0475	0.7362	12.0600	55.0000	739542.387234
4.5552	-3.1648	0.7612	12.0600	55.0000	739542.387234
4.6718	-3.2626	0.7821	12.0600	55.0000	739542.387234
4.7885	-3.2626	0.7821	12.0600	55.0000	739542.387234
4.8886	-3.2626	0.7821	12.0600	55.0000	739542.387234
5.0051	-3.2626	0.7821	12.0600	55.0000	739542.387234
5.1052	-3.2626	0.7821	12.0600	55.0000	739542.387234
5.2053	-3.2626	0.7821	15.7200	55.0000	739542.387234
5.3218	-3.2626	0.7821	24.2600	55.0000	739542.387234
5.4219	-3.2626	0.7821	31.5800	55.0000	739542.387234
5.5222	-3.2626	0.7821	38.9000	55.0000	739542.387234
5.6240	-3.2626	0.7821	41.3400	55.0000	739542.387234
5.7388	-3.2626	0.7821	41.3400	55.0000	739542.387234
5.8553	-3.2626	0.7821	41.3400	55.0000	739542.387234
5.9718	-3.2626	0.7821	41.3400	55.0000	739542.387234
6.0886	-3.2626	0.7821	41.3400	55.0000	739542.387234
6.2055	-3.2777	0.7953	41.3400	55.0000	739542.387234
6.3219	-3.3828	0.8878	41.3400	55.0000	739542.387234
6.4386	-3.4879	0.9803	41.3400	55.0000	739542.387234
6.5388	-3.5780	1.0595	41.3400	55.0000	739542.387234
6.6552	-3.6831	1.1520	41.3400	55.0000	739542.387234
6.7721	-3.7882	1.2445	41.3400	55.0000	739542.387234
6.8884	-3.8933	1.3370	41.3400	55.0000	739542.387234
6.9885	-3.9834	1.4162	41.3400	55.0000	739542.387234
7.1051	-4.0885	1.5087	41.3400	55.0000	739542.387234
7.2219	-4.1936	1.6012	41.3400	55.0000	739542.387234
7.3384	-4.2387	1.6408	41.3400	55.0000	739542.387234
7.4553	-4.2387	1.6408	41.3400	55.0000	739542.387234
7.5720	-4.2387	1.6408	41.3400	55.0000	739542.387234
7.6884	-4.2387	1.6408	49.8800	55.0000	739542.387234
7.7887	-4.2387	1.6408	57.2000	55.0000	739542.387234
7.8890	-4.2387	1.6408	64.5200	55.0000	739542.387234
8.0055	-4.2387	1.6408	73.0600	55.0000	739542.387234
8.1219	-4.2387	1.6408	81.6000	55.0000	739542.387234
8.2222	-4.2387	1.6408	82.8200	55.0000	739542.387234
8.3385	-4.2387	1.6408	82.8200	55.0000	739542.387234
8.4551	-4.2387	1.6408	82.8200	55.0000	739542.387234
8.5553	-4.2387	1.6408	82.8200	55.0000	739542.387234
8.6721	-4.2412	1.6607	82.8200	55.0000	739542.387234
8.7723	-4.2562	1.7797	82.8200	55.0000	739542.387234
8.8901	-4.2737	1.9186	82.8200	55.0000	739542.387234
9.0053	-4.2762	1.9385	82.8200	55.0000	739542.387234
9.1219	-4.2762	1.9385	82.8200	55.0000	739542.387234
9.2222	-4.2762	1.9385	82.8200	55.0000	739542.387234
9.3384	-4.2762	1.9385	82.8200	55.0000	739542.387234
9.4386	-4.2762	1.9385	88.9200	55.0000	739542.387234
9.5555	-4.2762	1.9385	97.4600	55.0000	739542.387234
9.6557	-4.2762	1.9385	104.7800	55.0000	739542.387234
9.7719	-4.2762	1.9385	113.3200	55.0000	739542.387234
9.8889	-4.2762	1.9385	121.8600	55.0000	739542.387234
10.0051	-4.2762	1.9385	130.4000	55.0000	739542.387234
10.1053	-4.2762	1.9385	137.7200	55.0000	739542.387234
10.2053	-4.2762	1.9385	145.0400	55.0000	739542.387234
10.3218	-4.2762	1.9385	153.5800	55.0000	739542.387234
10.4220	-4.2762	1.9385	160.9000	55.0000	739542.387234
10.5385	-4.2762	1.9385	169.4400	55.0000	739542.387234
10.6386	-4.2762	1.9385	176.7600	55.0000	739542.387234
10.7553	-4.2762	1.9385	185.3000	55.0000	739542.387234
10.8718	-4.2762	1.9385	193.8400	55.0000	739542.387234
10.9720	-4.2762	1.9385	199.9400	55.0000	739542.387234
11.0887	-4.2762	1.9385	199.9400	55.0000	739542.387234
11.1887	-4.2762	1.9385	199.9400	55.0000	739542.387234
11.3053	-4.1822	1.9044	199.9400	55.0000	739542.387234
11.4218	-4.0506	1.8566	199.9400	55.0000	739542.387234
11.5386	-3.9190	1.8089	199.9400	55.0000	739542.387234
11.6388	-3.8062	1.7679	199.9400	55.0000	739542.387234
11.7553	-3.6745	1.7202	199.9400	55.0000	739542.387234
11.8718	-3.5429	1.6724	199.9400	55.0000	739542.387234
11.9887	-3.4109	1.6259	197.5000	55.0000	739542.387234
12.1052	-3.2744	1.5953	188.9600	55.0000	739542.387234
12.2221	-3.2744	1.5953	180.4200	55.0000	739542.387234
12.3385	-3.2744	1.5953	171.8800	55.0000	739542.387234
12.4551	-3.2744	1.5953	163.3400	55.0000	739542.387234
12.5554	-3.2744	1.5953	156.0200	55.0000	739542.387234
12.6720	-3.2744	1.5953	147.4800	55.0000	739542.387234
12.7884	-3.2744	1.5953	138.9400	55.0000	739542.387234
12.8885	-3.2744	1.5953	138.9400	55.0000	739542.387234
13.0057	-3.2443	1.6216	138.9400	55.0000	739542.387234
13.1222	-3.1387	1.7136	138.9400	55.0000	739542.387234
13.2388	-3.0331	1.8055	138.9400	55.0000	739542.387234
13.3390	-2.9427	1.8844	138.9400	55.0000	739542.387234
13.4554	-2.8371	1.9763	138.9400	55.0000	739542.387234
13.5722	-2.7797	2.0320	130.4000	55.0000	739542.387234
13.6889	-2.7797	2.0320	121.8600	55.0000	739542.387234
13.8051	-2.7797	2.0320	113.3200	55.0000	739542.387234
13.9053	-2.7797	2.0320	106.0000	55.0000	739542.387234
14.0220	-2.7797	2.0320	97.4600	55.0000	739542.387234
14.1386	-2.7797	2.0320	97.4600	55.0000	739542.387234
14.2550	-2.7797	2.0320	97.4600	55.0000	739542.387234
14.3552	-2.7641	2.1510	97.4600	55.0000	739542.387234
14.4718	-2.7459	2.2898	97.4600	55.0000	739542.387234
14.5885	-2.7277	2.4286	97.4600	55.0000	739542.387234
14.6886	-2.7122	2.5476	97.4600	55.0000	739542.387234
14.8051	-2.6952	2.6865	95.0200	55.0000	739542.387234
14.9052	-2.6911	2.8065	91.3600	55.0000	739542.387234
15.0055	-2.6972	2.9262	84.0400	55.0000	739542.387234
15.1217	-2.7235	3.0636	75.5000	55.0000	739542.387234
15.2218	-2.7621	3.1771	68.1800	55.0000	739542.387234
15.3222	-2.8148	3.2848	60.8600	55.0000	739542.387234
15.4387	-2.8931	3.4008	52.3200	55.0000	739542.387234
15.5552	-2.9868	3.5047	46.2200	55.0000	739542.387234
15.6719	-3.0006	3.5191	46.2200	55.0000	739542.387234
15.7885	-3.0006	3.5191	45.0000	55.0000	739542.387234
15.9054	-3.0006	3.5191	36.4600	55.0000	739542.387234
16.0220	-3.0006	3.5191	27.9200	55.0000	739542.387234
16.1385	-3.0006	3.5191	19.3800	55.0000	739542.387234
16.2551	-3.0006	3.5191	10.8400	55.0000	739542.387234
16.3556	-3.0006	3.5191	3.5200	55.0000	739542.387234
16.4718	-3.0006	3.5191	-2.5800	55.0000	739542.387234
16.5720	-3.0006	3.5191	-2.5800	55.0000	739542.387234
16.6885	-3.0006	3.5191	-2.5800	55.0000	739542.387234
16.8052	-3.0006	3.5191	-2.5800	55.0000	739542.387234
16.9053	-3.0006	3.5191	-2.5800	55.0000	739542.387234
17.0222	-3.0006	3.5191	-2.5800	55.0000	739542.387234
17.1387	-3.0006	3.5191	-2.5800	55.0000	739542.387234
17.2553	-3.0006	3.5191	-2.5800	55.0000	739542.387234
17.3555	-3.0006	3.5191	-2.5800	55.0000	739542.387234
17.4720	-3.0206	3.5182	-2.5800	55.0000	739542.387234
17.5888	-3.1605	3.5119	-2.5800	55.0000	739542.387234
17.7051	-3.3003	3.5056	-2.5800	55.0000	739542.387234
17.8220	-3.4402	3.4993	-2.5800	55.0000	739542.387234
17.9390	-3.5800	3.4930	-2.5800	55.0000	739542.387234
18.0392	-3.6999	3.4876	-2.5800	55.0000	739542.387234
18.1552	-3.8398	3.4813	-2.5800	55.0000	739542.387234
18.2553	-3.9597	3.4759	-2.5800	55.0000	739542.387234
18.3721	-4.0995	3.4696	-2.5800	55.0000	739542.387234
18.4885	-4.2394	3.4633	-2.5800	55.0000	739542.387234
18.5888	-4.3593	3.4579	-2.5800	55.0000	739542.387234
18.7052	-4.4991	3.4516	-2.5800	55.0000	739542.387234
18.8053	-4.6190	3.4462	-2.5800	55.0000	739542.387234
18.9219	-4.7189	3.4417	-3.8000	55.0000	739542.387234
19.0384	-4.7189	3.4417	-12.3400	55.0000	739542.387234
19.1386	-4.7189	3.4417	-19.6600	55.0000	739542.387234
19.2552	-4.7189	3.4417	-28.2000	55.0000	739542.387234
19.3553	-4.7189	3.4417	-35.5200	55.0000	739542.387234
19.4721	-4.7189	3.4417	-35.5200	55.0000	739542.387234
19.5886	-4.7840	3.3952	-35.5200	55.0000	739542.387234
19.7052	-4.8980	3.3139	-35.5200	55.0000	739542.387234
19.8218	-5.0119	3.2326	-35.5200	55.0000	739542.387234
19.9222	-5.0445	3.2093	-35.5200	55.0000	739542.387234
20.0385	-5.0445	3.2093	-44.0600	55.0000	739542.387234
20.1551	-5.0445	3.2093	-52.6000	55.0000	739542.387234
20.2719	-5.0445	3.2093	-61.1400	55.0000	739542.387234
20.3890	-5.0445	3.2093	-69.6800	55.0000	739542.387234
20.5053	-5.0445	3.2093	-74.5600	55.0000	739542.387234
20.6219	-5.0445	3.2093	-74.5600	55.0000	739542.387234
20.7384	-5.0445	3.2093	-74.5600	55.0000	739542.387234
20.8552	-5.0445	3.2093	-74.5600	55.0000	739542.387234
20.9553	-5.0735	3.1207	-74.5600	55.0000	739542.387234
21.0719	-5.1024	3.0907	-74.5600	55.0000	739542.387234
21.1884	-5.1383	2.9804	-74.5600	55.0000	739542.387234
21.2886	-5.1702	2.8647	-74.5600	55.0000	739542.387234
21.4051	-5.2075	2.7298	-74.5600	55.0000	739542.387234
21.5052	-5.2394	2.6141	-74.5600	55.0000	739542.387234
21.6221	-5.2767	2.4791	-74.5600	55.0000	739542.387234
21.7387	-5.3140	2.3442	-74.5600	55.0000	739542.387234
21.8550	-5.3513	2.2092	-74.5600	55.0000	739542.387234
21.9551	-5.3832	2.0936	-74.5600	55.0000	739542.387234
22.0552	-5.4152	1.9779	-74.5600	55.0000	739542.387234
22.1719	-5.4524	1.8430	-74.5600	55.0000	739542.387234
22.2885	-5.4897	1.7080	-74.5600	55.0000	739542.387234
22.4051	-5.5270	1.5731	-74.5600	55.0000	739542.387234
22.5054	-5.5270	1.5731	-78.2200	55.0000	739542.387234
22.6219	-5.5270	1.5731	-86.7600	55.0000	739542.387234
22.7384	-5.5270	1.5731	-91.6400	55.0000	739542.387234
22.8389	-5.5270	1.5731	-91.6400	55.0000	739542.387234
22.9554	-5.5270	1.5731	-91.6400	55.0000	739542.387234
23.0718	-5.5270	1.5731	-91.6400	55.0000	739542.387234
23.1886	-5.5270	1.5731	-89.2000	55.0000	739542.387234
23.2888	-5.5270	1.5731	-81.8800	55.0000	739542.387234
23.4052	-5.5270	1.5731	-73.3400	55.0000	739542.387234
23.5054	-5.5270	1.5731	-72.1200	55.0000	739542.387234
23.6219	-5.5270	1.5731	-72.1200	55.0000	739542.387234
23.7388	-5.5270	1.5731	-72.1200	55.0000	739542.387234
23.8551	-5.5270	1.5731	-77.0000	55.0000	739542.387234
23.9553	-5.5270	1.5731	-81.8800	55.0000	739542.387234
24.0716	-5.5270	1.5731	-81.8800	55.0000	739542.387234
24.1719	-5.5270	1.5731	-81.8800	55.0000	739542.387234
24.2885	-5.5467	1.4345	-81.8800	55.0000	739542.387234
24.3886	-5.5637	1.3157	-81.8800	55.0000	739542.387234
24.4889	-5.5806	1.1969	-81.8800	55.0000	739542.387234
24.6052	-5.6004	1.0583	-81.8800	55.0000	739542.387234
24.7219	-5.6202	0.9197	-81.8800	55.0000	739542.387234
24.8387	-5.6400	0.7811	-81.8800	55.0000	739542.387234
24.9552	-5.6569	0.6623	-81.8800	55.0000	739542.387234
25.0719	-5.6569	0.6623	-81.8800	55.0000	739542.387234
25.1884	-5.6569	0.6623	-81.8800	55.0000	739542.387234
25.2886	-5.6569	0.6623	-81.8800	55.0000	739542.387234
25.4051	-5.6569	0.6623	-74.5600	55.0000	739542.387234
25.5217	-5.6569	0.6623	-66.0200	55.0000	739542.387234
25.6221	-5.6569	0.6623	-58.7000	55.0000	739542.387234
25.7385	-5.6569	0.6623	-58.7000	55.0000	739542.387234
25.8389	-5.6569	0.6623	-58.7000	55.0000	739542.387234
25.9551	-5.6569	0.6623	-58.7000	55.0000	739542.387234
26.0717	-5.6569	0.6623	-58.7000	55.0000	739542.387234
26.1719	-5.6985	0.5939	-58.7000	55.0000	739542.387234
26.2886	-5.7712	0.4743	-58.7000	55.0000	739542.387234
26.3889	-5.8336	0.3718	-58.7000	55.0000	739542.387234
26.5052	-5.9063	0.2522	-58.7000	55.0000	739542.387234
26.6217	-5.9790	0.1325	-58.7000	55.0000	739542.387234
26.7219	-6.0414	0.0300	-58.7000	55.0000	739542.387234
26.8384	-6.1141	-0.0896	-58.7000	55.0000	739542.387234
0.1298	0.0000	0.0000	45.0000	55.0000	739542.422998
0.2622	0.0000	0.0000	45.0000	55.0000	739542.422998
0.3789	0.0000	0.0000	45.0000	55.0000	739542.422998
0.4789	0.0000	0.0000	45.0000	55.0000	739542.422998
0.5790	0.0000	0.0000	45.0000	55.0000	739542.422998
0.6792	0.0000	0.0000	45.0000	55.0000	739542.422998
0.7793	-0.0566	0.0566	45.0000	55.0000	739542.422998
0.8795	-0.1414	0.1414	45.0000	55.0000	739542.422998
0.9795	-0.2263	0.2263	45.0000	55.0000	739542.422998
1.0796	-0.3111	0.3111	45.0000	55.0000	739542.422998
1.1797	-0.3960	0.3960	45.0000	55.0000	739542.422998
1.2965	-0.4993	0.4903	38.9000	55.0000	739542.422998
1.4133	-0.6152	0.5685	30.3600	55.0000	739542.422998
1.5300	-0.7415	0.6287	21.8200	55.0000	739542.422998
1.6467	-0.8753	0.6695	13.2800	55.0000	739542.422998
1.7469	-0.9938	0.6883	5.9600	55.0000	739542.422998
1.8636	-1.1336	0.6913	-1.3600	55.0000	739542.422998
1.9638	-1.2536	0.6885	-1.3600	55.0000	739542.422998
2.0804	-1.3935	0.6851	-1.3600	55.0000	739542.422998
2.1805	-1.5135	0.6823	-1.3600	55.0000	739542.422998
2.2808	-1.6335	0.6794	-1.3600	55.0000	739542.422998
2.3975	-1.7734	0.6761	-1.3600	55.0000	739542.422998
2.4978	-1.8934	0.6733	-1.3600	55.0000	739542.422998
2.6143	-2.0334	0.6700	-1.3600	55.0000	739542.422998
2.7145	-2.1533	0.6671	-1.3600	55.0000	739542.422998
2.8313	-2.2933	0.6638	-1.3600	55.0000	739542.422998
2.9479	-2.4333	0.6605	-1.3600	55.0000	739542.422998
3.0481	-2.5532	0.6576	-1.3600	55.0000	739542.422998
3.1647	-2.6932	0.6543	-1.3600	55.0000	739542.422998
3.2649	-2.8131	0.6514	-1.3600	55.0000	739542.422998
3.3653	-2.9331	0.6486	-1.3600	55.0000	739542.422998
3.4819	-3.0731	0.6457	-0.1400	55.0000	739542.422998
3.5985	-3.2125	0.6573	8.4000	55.0000	739542.422998
3.6986	-3.3295	0.6836	15.7200	55.0000	739542.422998
3.8155	-3.4604	0.7328	24.2600	55.0000	739542.422998
3.9323	-3.5826	0.8009	32.8000	55.0000	739542.422998
4.0324	-3.6783	0.8732	40.1200	55.0000	739542.422998
4.1489	-3.7772	0.9721	48.6600	55.0000	739542.422998
4.2491	-3.8494	1.0678	55.9800	55.0000	739542.422998
4.3492	-3.8603	1.0846	63.3000	55.0000	739542.422998
4.4495	-3.8603	1.0846	70.6200	55.0000	739542.422998
4.5660	-3.8603	1.0846	75.5000	55.0000	739542.422998
4.6661	-3.8603	1.0846	75.5000	55.0000	739542.422998
4.7828	-3.8603	1.0846	75.5000	55.0000	739542.422998
4.8996	-3.8603	1.0846	75.5000	55.0000	739542.422998
4.9998	-3.8603	1.0846	69.4000	55.0000	739542.422998
5.1166	-3.8603	1.0846	60.8600	55.0000	739542.422998
5.2168	-3.8603	1.0846	57.2000	55.0000	739542.422998
5.3334	-3.9036	1.1518	57.2000	55.0000	739542.422998
5.4335	-3.9686	1.2527	57.2000	55.0000	739542.422998
5.5336	-4.0336	1.3535	57.2000	55.0000	739542.422998
5.6503	-4.1095	1.4712	57.2000	55.0000	739542.422998
5.7505	-4.1745	1.5721	57.2000	55.0000	739542.422998
5.8670	-4.2426	1.6943	64.5200	55.0000	739542.422998
5.9672	-4.2860	1.8061	71.8400	55.0000	739542.422998
6.0840	-4.3181	1.9422	80.3800	55.0000	739542.422998
6.1841	-4.3293	2.0616	87.7000	55.0000	739542.422998
6.3008	-4.3230	2.2013	96.2400	55.0000	739542.422998
6.4009	-4.3101	2.2803	103.5600	55.0000	739542.422998
6.5010	-4.3101	2.2803	110.8800	55.0000	739542.422998
6.6011	-4.3101	2.2803	118.2000	55.0000	739542.422998
6.7178	-4.3101	2.2803	126.7400	55.0000	739542.422998
6.8180	-4.3101	2.2803	134.0600	55.0000	739542.422998
6.9181	-4.3101	2.2803	141.3800	55.0000	739542.422998
7.0348	-4.3101	2.2803	149.9200	55.0000	739542.422998
7.1351	-4.3101	2.2803	157.2400	55.0000	739542.422998
7.2517	-4.3101	2.2803	165.7800	55.0000	739542.422998
7.3520	-4.3101	2.2803	173.1000	55.0000	739542.422998
7.4686	-4.3101	2.2803	175.5400	55.0000	739542.422998
7.5687	-4.3699	2.2756	175.5400	55.0000	739542.422998
7.6688	-4.4895	2.2663	175.5400	55.0000	739542.422998
7.7689	-4.6092	2.2569	175.5400	55.0000	739542.422998
7.8691	-4.7288	2.2476	175.5400	55.0000	739542.422998
7.9857	-4.8684	2.2367	175.5400	55.0000	739542.422998
8.0859	-4.8684	2.2320	175.5400	55.0000	739542.422998
8.1861	-4.8684	2.2296	180.4200	55.0000	739542.422998
8.3031	-4.8684	2.2296	188.9600	55.0000	739542.422998
8.4195	-4.8684	2.2296	197.5000	55.0000	739542.422998
8.5362	-4.8684	2.2296	206.0400	55.0000	739542.422998
8.6529	-4.8684	2.2296	214.5800	55.0000	739542.422998
8.7531	-4.8684	2.2296	221.9000	55.0000	739542.422998
8.8535	-4.7853	2.1431	229.2200	55.0000	739542.422998
8.9700	-4.7033	2.0298	237.7600	55.0000	739542.422998
9.0701	-4.6643	1.9599	245.0800	55.0000	739542.422998
9.1869	-4.6643	1.9599	253.6200	55.0000	739542.422998
9.2873	-4.6643	1.9599	258.5000	55.0000	739542.422998
9.4036	-4.6643	1.9599	249.9600	55.0000	739542.422998
9.5037	-4.6643	1.9599	242.6400	55.0000	739542.422998
9.6205	-4.6643	1.9599	234.1000	55.0000	739542.422998
9.7207	-4.6643	1.9599	226.7800	55.0000	739542.422998
9.8374	-4.6643	1.9599	218.2400	55.0000	739542.422998
9.9376	-4.6643	1.9599	210.9200	55.0000	739542.422998
10.0542	-4.5571	1.9061	206.0400	55.0000	739542.422998
10.1543	-4.4493	1.8534	206.0400	55.0000	739542.422998
10.2712	-4.3235	1.7920	206.0400	55.0000	739542.422998
10.3879	-4.3055	1.7832	206.0400	55.0000	739542.422998
10.5046	-4.3055	1.7832	206.0400	55.0000	739542.422998
10.6048	-4.3055	1.7832	206.0400	55.0000	739542.422998
10.7050	-4.2875	1.7744	206.0400	55.0000	739542.422998
10.8050	-4.1797	1.7217	206.0400	55.0000	739542.422998
10.9217	-4.0539	1.6603	206.0400	55.0000	739542.422998
11.0385	-3.9271	1.6011	202.3800	55.0000	739542.422998
11.1389	-3.8131	1.5639	195.0600	55.0000	739542.422998
11.2555	-3.6754	1.5391	186.5200	55.0000	739542.422998
11.3721	-3.5356	1.5351	177.9800	55.0000	739542.422998
11.4891	-3.3967	1.5519	169.4400	55.0000	739542.422998
11.6056	-3.2619	1.5892	160.9000	55.0000	739542.422998
11.7224	-3.1341	1.6460	152.3600	55.0000	739542.422998
11.8225	-3.0323	1.7094	145.0400	55.0000	739542.422998
11.9415	-2.9249	1.7990	136.5000	55.0000	739542.422998
12.0560	-2.8320	1.9036	127.9600	55.0000	739542.422998
12.1727	-2.7557	2.0208	119.4200	55.0000	739542.422998
12.2728	-2.7047	2.1293	112.1000	55.0000	739542.422998
12.3895	-2.6629	2.2628	104.7800	55.0000	739542.422998
12.4897	-2.6323	2.3789	104.7800	55.0000	739542.422998
12.5898	-2.6017	2.4949	104.7800	55.0000	739542.422998
12.6901	-2.5710	2.6109	104.7800	55.0000	739542.422998
12.8066	-2.5353	2.7463	104.7800	55.0000	739542.422998
12.9068	-2.5089	2.8633	99.9000	55.0000	739542.422998
13.0070	-2.4971	2.9826	92.5800	55.0000	739542.422998
13.1236	-2.5027	3.1224	84.0400	55.0000	739542.422998
13.2239	-2.5240	3.2404	76.7200	55.0000	739542.422998
13.3405	-2.5676	3.3733	68.1800	55.0000	739542.422998
13.4574	-2.6305	3.4983	59.6400	55.0000	739542.422998
13.5740	-2.7112	3.6125	51.1000	55.0000	739542.422998
13.6741	-2.7932	3.7000	43.7800	55.0000	739542.422998
13.7910	-2.9021	3.7878	35.2400	55.0000	739542.422998
13.9078	-3.0164	3.8686	35.2400	55.0000	739542.422998
14.0244	-3.0491	3.8917	35.2400	55.0000	739542.422998
14.1410	-3.0491	3.8917	35.2400	55.0000	739542.422998
14.2412	-3.0491	3.8917	35.2400	55.0000	739542.422998
14.3417	-3.0491	3.8917	35.2400	55.0000	739542.422998
14.4585	-3.0491	3.8917	35.2400	55.0000	739542.422998
14.5749	-3.0491	3.8917	35.2400	55.0000	739542.422998
14.6751	-3.0164	3.8686	35.2400	55.0000	739542.422998
14.7753	-2.9184	3.7993	35.2400	55.0000	739542.422998
14.8918	-2.8041	3.7186	35.2400	55.0000	739542.422998
14.9919	-2.7060	3.6493	35.2400	55.0000	739542.422998
15.1087	-2.5917	3.5685	35.2400	55.0000	739542.422998
15.2252	-2.4774	3.4878	35.2400	55.0000	739542.422998
15.3254	-2.3791	3.4189	34.0200	55.0000	739542.422998
15.4256	-2.2750	3.3594	26.7000	55.0000	739542.422998
15.5423	-2.1451	3.3074	18.1600	55.0000	739542.422998
15.6424	-2.1260	3.2901	10.8400	55.0000	739542.422998
15.7425	-2.1260	3.2832	3.5200	55.0000	739542.422998
15.8427	-2.1260	3.2840	-3.8000	55.0000	739542.422998
15.9596	-2.1260	3.2872	-12.3400	55.0000	739542.422998
16.0761	-2.1260	3.2872	-20.8800	55.0000	739542.422998
16.1764	-2.1260	3.2872	-28.2000	55.0000	739542.422998
16.2930	-2.1260	3.2872	-36.7400	55.0000	739542.422998
16.3931	-2.1260	3.2872	-44.0600	55.0000	739542.422998
16.4932	-2.1260	3.2872	-51.3800	55.0000	739542.422998
16.6100	-2.1371	3.2706	-56.2600	55.0000	739542.422998
16.7100	-2.2038	3.1708	-56.2600	55.0000	739542.422998
16.8102	-2.2704	3.0710	-56.2600	55.0000	739542.422998
16.9271	-2.3482	2.9546	-56.2600	55.0000	739542.422998
17.0437	-2.4223	2.8360	-61.1400	55.0000	739542.422998
17.1439	-2.4722	2.7269	-68.4600	55.0000	739542.422998
17.2440	-2.5103	2.6131	-72.1200	55.0000	739542.422998
17.3624	-2.5533	2.4799	-72.1200	55.0000	739542.422998
17.4775	-2.5962	2.3466	-72.1200	55.0000	739542.422998
17.5776	-2.6371	2.2339	-67.2400	55.0000	739542.422998
17.6944	-2.6452	2.2156	-58.7000	55.0000	739542.422998
17.8112	-2.6990	2.1313	-57.4800	55.0000	739542.422998
17.9113	-2.7635	2.0301	-57.4800	55.0000	739542.422998
18.0281	-2.8388	1.9120	-57.4800	55.0000	739542.422998
18.1449	-2.9140	1.7940	-57.4800	55.0000	739542.422998
18.2614	-2.9893	1.6759	-57.4800	55.0000	739542.422998
18.3617	-3.0538	1.5748	-57.4800	55.0000	739542.422998
18.4618	-3.1106	1.4691	-64.8000	55.0000	739542.422998
18.5786	-3.1591	1.3380	-73.3400	55.0000	739542.422998
18.6952	-3.1877	1.2010	-81.8800	55.0000	739542.422998
18.7955	-3.1957	1.0814	-89.2000	55.0000	739542.422998
18.9122	-3.1858	0.9419	-97.7400	55.0000	739542.422998
19.0289	-3.1552	0.8054	-106.2800	55.0000	739542.422998
19.1290	-3.1131	0.6931	-113.6000	55.0000	739542.422998
19.2291	-3.0571	0.5871	-120.9200	55.0000	739542.422998
19.3458	-2.9752	0.4736	-129.4600	55.0000	739542.422998
19.4459	-2.8924	0.3870	-136.7800	55.0000	739542.422998
19.5460	-2.7991	0.3116	-144.1000	55.0000	739542.422998
19.6461	-2.6970	0.2487	-151.4200	55.0000	739542.422998
19.7629	-2.5689	0.1925	-159.9600	55.0000	739542.422998
19.8796	-2.4339	0.1559	-168.5000	55.0000	739542.422998
19.9965	-2.2951	0.1385	-174.6000	55.0000	739542.422998
20.1132	-2.1557	0.1253	-174.6000	55.0000	739542.422998
20.2133	-2.0959	0.1253	-174.6000	55.0000	739542.422998
20.3299	-2.0263	0.1253	-174.6000	55.0000	739542.422998
20.4301	-1.9665	0.1253	-174.6000	55.0000	739542.422998
20.5302	-1.9068	0.1253	-174.6000	55.0000	739542.422998
20.6303	-1.8471	0.1253	-174.6000	55.0000	739542.422998
20.7470	-1.7773	0.1253	-178.2600	55.0000	739542.422998
20.8471	-1.6575	0.1306	-185.5800	55.0000	739542.422998
20.9638	-1.5198	0.1556	-192.9000	55.0000	739542.422998
21.0807	-1.3834	0.1868	-192.9000	55.0000	739542.422998
21.1974	-1.2469	0.2181	-192.9000	55.0000	739542.422998
21.2976	-1.1299	0.2449	-192.9000	55.0000	739542.422998
21.4143	-0.9935	0.2761	-192.9000	55.0000	739542.422998
21.5144	-0.8760	0.3004	-189.2400	55.0000	739542.422998
21.6311	-0.7965	0.3091	-180.7000	55.0000	739542.422998
21.7479	-0.7965	0.3091	-172.1600	55.0000	739542.422998
21.8482	-0.7965	0.3091	-164.8400	55.0000	739542.422998
21.9648	-0.7965	0.3091	-156.3000	55.0000	739542.422998
22.0649	-0.7965	0.3091	-155.0800	55.0000	739542.422998
22.1818	-0.7965	0.3091	-155.0800	55.0000	739542.422998
22.2984	-0.7965	0.3091	-155.0800	55.0000	739542.422998
22.4151	-0.7965	0.3091	-155.0800	55.0000	739542.422998
22.5154	-0.6876	0.2585	-155.0800	55.0000	739542.422998
22.6319	-0.5607	0.1995	-155.0800	55.0000	739542.422998
22.7322	-0.5425	0.1911	-155.0800	55.0000	739542.422998
22.8323	-0.5425	0.1911	-155.0800	55.0000	739542.422998
22.9490	-0.5425	0.1911	-155.0800	55.0000	739542.422998
23.0657	-0.5969	0.2164	-155.0800	55.0000	739542.422998
23.1659	-0.7058	0.2669	-155.0800	55.0000	739542.422998
23.2660	-0.8146	0.3175	-155.0800	55.0000	739542.422998
23.3663	-0.9239	0.3669	-157.5200	55.0000	739542.422998
23.4828	-1.0186	0.3991	-166.0600	55.0000	739542.422998
23.5830	-1.0186	0.3991	-173.3800	55.0000	739542.422998
23.6996	-1.0186	0.3991	-181.9200	55.0000	739542.422998
23.7997	-1.0186	0.3991	-189.2400	55.0000	739542.422998
23.8997	-1.0186	0.3991	-196.5600	55.0000	739542.422998
24.0165	-1.0186	0.3991	-205.1000	55.0000	739542.422998
24.1166	-1.0186	0.3991	-212.4200	55.0000	739542.422998
24.2170	-1.0186	0.3991	-219.7400	55.0000	739542.422998
24.3336	-1.0186	0.3991	-228.2800	55.0000	739542.422998
24.4338	-1.0186	0.3991	-235.6000	55.0000	739542.422998
24.5503	-1.0186	0.3991	-244.1400	55.0000	739542.422998
24.6504	-1.0122	0.4181	-251.4600	55.0000	739542.422998
24.7505	-0.9814	0.5340	-256.3400	55.0000	739542.422998
24.8672	-0.9483	0.6701	-256.3400	55.0000	739542.422998
24.9674	-0.9200	0.7867	-256.3400	55.0000	739542.422998
25.0841	-0.8869	0.9227	-256.3400	55.0000	739542.422998
25.1842	-0.8598	1.0396	-258.7800	55.0000	739542.422998
25.3010	-0.8444	1.1786	-267.3200	55.0000	739542.422998
25.4013	-0.8477	1.2985	-274.6400	55.0000	739542.422998
25.5016	-0.8663	1.4170	-281.9600	55.0000	739542.422998
25.6179	-0.9068	1.5508	-290.5000	55.0000	739542.422998
25.7181	-0.9548	1.6608	-294.1600	55.0000	739542.422998
25.8182	-1.0039	1.7703	-294.1600	55.0000	739542.422998
25.9349	-1.0612	1.8981	-294.1600	55.0000	739542.422998
26.0351	-1.1103	2.0075	-294.1600	55.0000	739542.422998
26.1518	-1.1676	2.1353	-294.1600	55.0000	739542.422998
26.2519	-1.2167	2.2448	-294.1600	55.0000	739542.422998
26.3686	-1.2728	2.3730	-291.7200	55.0000	739542.422998
26.4687	-1.3088	2.4874	-284.4000	55.0000	739542.422998
26.5690	-1.3299	2.6055	-277.0800	55.0000	739542.422998
26.6856	-1.3352	2.7452	-268.5400	55.0000	739542.422998
26.7858	-1.3233	2.8645	-261.2200	55.0000	739542.422998
26.9025	-1.2964	3.0020	-258.7800	55.0000	739542.422998
27.0027	-1.2731	3.1197	-258.7800	55.0000	739542.422998
27.1194	-1.2459	3.2570	-258.7800	55.0000	739542.422998
27.2197	-1.2225	3.3747	-258.7800	55.0000	739542.422998
27.3364	-1.1953	3.5120	-258.7800	55.0000	739542.422998
27.4530	-1.1953	3.5120	-258.7800	55.0000	739542.422998
27.5531	-1.1953	3.5120	-258.7800	55.0000	739542.422998
27.6532	-1.1953	3.5120	-258.7800	55.0000	739542.422998
27.7700	-1.2069	3.4532	-258.7800	55.0000	739542.422998
27.8867	-1.2342	3.3158	-258.7800	55.0000	739542.422998
27.9868	-1.2575	3.1981	-258.7800	55.0000	739542.422998
28.1039	-1.2848	3.0608	-258.7800	55.0000	739542.422998
28.2203	-1.3120	2.9235	-258.7800	55.0000	739542.422998
28.3205	-1.3354	2.8058	-258.7800	55.0000	739542.422998
28.4206	-1.3587	2.6881	-258.7800	55.0000	739542.422998
28.5207	-1.3821	2.5704	-258.7800	55.0000	739542.422998
28.6374	-1.4093	2.4330	-258.7800	55.0000	739542.422998
28.7541	-1.4365	2.2957	-258.7800	55.0000	739542.422998
28.8542	-1.4599	2.1780	-258.7800	55.0000	739542.422998
28.9710	-1.4871	2.0407	-258.7800	55.0000	739542.422998
29.0879	-1.5144	1.9034	-258.7800	55.0000	739542.422998
29.2046	-1.5416	1.7660	-258.7800	55.0000	739542.422998
29.3047	-1.5650	1.6483	-258.7800	55.0000	739542.422998
29.4048	-1.5883	1.5306	-258.7800	55.0000	739542.422998
29.5049	-1.6117	1.4129	-258.7800	55.0000	739542.422998
29.6216	-1.6389	1.2756	-258.7800	55.0000	739542.422998
29.7384	-1.6661	1.1383	-258.7800	55.0000	739542.422998
29.8386	-1.6895	1.0206	-258.7800	55.0000	739542.422998
29.9552	-1.7167	0.8832	-258.7800	55.0000	739542.422998
30.0720	-1.7440	0.7459	-258.7800	55.0000	739542.422998
30.1888	-1.7712	0.6086	-258.7800	55.0000	739542.422998
30.2889	-1.7946	0.4909	-258.7800	55.0000	739542.422998
30.4056	-1.8218	0.3536	-258.7800	55.0000	739542.422998
30.5057	-1.8452	0.2358	-258.7800	55.0000	739542.422998
30.6224	-1.8685	0.1378	-258.7800	55.0000	739542.422998
30.7392	-1.8790	0.1378	-264.8800	55.0000	739542.422998
30.8393	-1.8799	0.1378	-272.2000	55.0000	739542.422998
30.9394	-1.8731	0.1378	-279.5200	55.0000	739542.422998
31.0562	-1.8557	0.1378	-288.0600	55.0000	739542.422998
31.1564	-1.8329	0.1378	-295.3800	55.0000	739542.422998
31.2731	-1.7977	0.1378	-303.9200	55.0000	739542.422998
31.3898	-1.7860	0.1378	-312.4600	55.0000	739542.422998
31.4899	-1.7860	0.1378	-319.7800	55.0000	739542.422998
31.5900	-1.7860	0.1378	-327.1000	55.0000	739542.422998
31.7067	-1.7860	0.1378	-335.6400	55.0000	739542.422998
31.8068	-1.7860	0.1378	-335.6400	55.0000	739542.422998
31.9237	-1.7860	0.1378	-335.6400	55.0000	739542.422998
32.0405	-1.9135	0.1955	-335.6400	55.0000	739542.422998
32.1572	-2.0411	0.2533	-335.6400	55.0000	739542.422998
32.2739	-2.1686	0.3110	-335.6400	55.0000	739542.422998
32.3908	-2.2961	0.3687	-335.6400	55.0000	739542.422998
32.5075	-2.4237	0.4265	-335.6400	55.0000	739542.422998
32.6075	-2.5330	0.4760	-335.6400	55.0000	739542.422998
32.7243	-2.6605	0.5337	-335.6400	55.0000	739542.422998
32.8245	-2.7699	0.5832	-335.6400	55.0000	739542.422998
32.9249	-2.8792	0.6327	-335.6400	55.0000	739542.422998
33.0411	-3.0067	0.6905	-335.6400	55.0000	739542.422998
33.1413	-3.1160	0.7400	-335.6400	55.0000	739542.422998
33.2415	-3.2253	0.7895	-335.6400	55.0000	739542.422998
33.3417	-3.3347	0.8390	-335.6400	55.0000	739542.422998
33.4583	-3.4620	0.8971	-334.4200	55.0000	739542.422998
33.5584	-3.5660	0.9568	-327.1000	55.0000	739542.422998
33.6751	-3.6766	1.0425	-318.5600	55.0000	739542.422998
33.7751	-3.7603	1.1283	-311.2400	55.0000	739542.422998
33.8755	-3.8375	1.2202	-310.0200	55.0000	739542.422998
33.9920	-3.9275	1.3274	-310.0200	55.0000	739542.422998
34.0920	-4.0047	1.4193	-310.0200	55.0000	739542.422998
34.1922	-4.0818	1.5112	-310.0200	55.0000	739542.422998
34.2925	-4.1590	1.6031	-310.0200	55.0000	739542.422998
34.4092	-4.2395	1.7175	-301.4800	55.0000	739542.422998
34.5258	-4.3021	1.8426	-292.9400	55.0000	739542.422998
34.6426	-4.3455	1.9755	-284.4000	55.0000	739542.422998
34.7595	-4.3455	1.9755	-275.8600	55.0000	739542.422998
34.8761	-4.3455	1.9755	-267.3200	55.0000	739542.422998
34.9762	-4.3455	1.9755	-260.0000	55.0000	739542.422998
35.0763	-4.3455	1.9755	-252.6800	55.0000	739542.422998
35.1765	-4.3455	1.9755	-245.3600	55.0000	739542.422998
35.2766	-4.3455	1.9755	-238.0400	55.0000	739542.422998
35.3766	-4.3455	1.9755	-230.7200	55.0000	739542.422998
35.4932	-4.3455	1.9755	-222.1800	55.0000	739542.422998
35.5935	-4.3455	1.9755	-214.8600	55.0000	739542.422998
35.6936	-4.3455	1.9755	-207.5400	55.0000	739542.422998
35.7937	-4.3455	1.9755	-200.2200	55.0000	739542.422998
35.8941	-4.3455	1.9755	-192.9000	55.0000	739542.422998
36.0106	-4.3455	1.9755	-184.3600	55.0000	739542.422998
36.1274	-4.3455	1.9755	-175.8200	55.0000	739542.422998
36.2440	-4.3455	1.9755	-174.6000	55.0000	739542.422998
36.3441	-4.3455	1.9755	-174.6000	55.0000	739542.422998
36.4443	-4.2459	1.9661	-174.6000	55.0000	739542.422998
36.5609	-4.1212	1.9530	-174.6000	55.0000	739542.422998
36.6611	-4.1038	1.9300	-174.6000	55.0000	739542.422998
36.7792	-4.0683	1.8951	-174.6000	55.0000	739542.422998
36.8946	-3.9768	1.8704	-174.6000	55.0000	739542.422998
36.9961	-3.8573	1.8591	-174.6000	55.0000	739542.422998
37.1114	-3.7179	1.8459	-174.6000	55.0000	739542.422998
37.2115	-3.5985	1.8346	-174.6000	55.0000	739542.422998
37.3118	-3.4790	1.8233	-174.6000	55.0000	739542.422998
37.4284	-3.3395	1.8114	-177.0400	55.0000	739542.422998
37.5286	-3.2196	1.8142	-184.3600	55.0000	739542.422998
37.6453	-3.0816	1.8366	-192.9000	55.0000	739542.422998
37.7621	-2.9484	1.8793	-201.4400	55.0000	739542.422998
37.8787	-2.8230	1.9414	-209.9800	55.0000	739542.422998
37.9789	-2.7239	2.0089	-217.3000	55.0000	739542.422998
38.0792	-2.6342	2.0884	-224.6200	55.0000	739542.422998
38.1964	-2.5433	2.1948	-233.1600	55.0000	739542.422998
38.3133	-2.4693	2.3135	-241.7000	55.0000	739542.422998
38.4292	-2.4137	2.4418	-250.2400	55.0000	739542.422998
38.5293	-2.3817	2.5574	-257.5600	55.0000	739542.422998
38.6295	-2.3646	2.6761	-264.8800	55.0000	739542.422998
38.7297	-2.3629	2.7960	-272.2000	55.0000	739542.422998
38.8463	-2.3712	2.9357	-273.4200	55.0000	739542.422998
38.9464	-2.3784	3.0555	-273.4200	55.0000	739542.422998
39.0465	-2.3855	3.1753	-273.4200	55.0000	739542.422998
39.1469	-2.3927	3.2951	-273.4200	55.0000	739542.422998
39.2635	-2.4010	3.4348	-273.4200	55.0000	739542.422998
39.3636	-2.4082	3.5546	-273.4200	55.0000	739542.422998
39.4803	-2.4165	3.6944	-273.4200	55.0000	739542.422998
39.5804	-2.4237	3.8142	-273.4200	55.0000	739542.422998
39.6807	-2.4309	3.9340	-273.4200	55.0000	739542.422998
39.7972	-2.4392	4.0737	-273.4200	55.0000	739542.422998
39.8977	-2.4464	4.1935	-273.4200	55.0000	739542.422998
40.0141	-2.4547	4.3332	-273.4200	55.0000	739542.422998
40.1308	-2.4631	4.4730	-273.4200	55.0000	739542.422998
40.2476	-2.4727	4.6126	-275.8600	55.0000	739542.422998
40.3478	-2.4938	4.7307	-283.1800	55.0000	739542.422998
40.4645	-2.5372	4.8637	-291.7200	55.0000	739542.422998
40.5647	-2.5897	4.9715	-299.0400	55.0000	739542.422998
40.6814	-2.6678	5.0875	-307.5800	55.0000	739542.422998
40.7814	-2.7478	5.1769	-314.9000	55.0000	739542.422998
40.8983	-2.8546	5.2672	-323.4400	55.0000	739542.422998
40.9984	-2.9559	5.3312	-330.7600	55.0000	739542.422998
41.1151	-3.0834	5.3889	-339.3000	55.0000	739542.422998
41.2340	-3.2179	5.4271	-347.8400	55.0000	739542.422998
41.3485	-3.3548	5.4566	-347.8400	55.0000	739542.422998
41.4487	-3.4721	5.4818	-347.8400	55.0000	739542.422998
41.5487	-3.5894	5.5071	-347.8400	55.0000	739542.422998
41.6488	-3.7067	5.5324	-347.8400	55.0000	739542.422998
41.7657	-3.8436	5.5619	-347.8400	55.0000	739542.422998
41.8825	-3.8827	5.5703	-347.8400	55.0000	739542.422998
41.9826	-3.8827	5.5703	-347.8400	55.0000	739542.422998
42.0993	-3.8827	5.5703	-347.8400	55.0000	739542.422998
42.2164	-3.8045	5.5535	-347.8400	55.0000	739542.422998
42.3327	-3.6676	5.5240	-347.8400	55.0000	739542.422998
42.4329	-3.5503	5.4987	-347.8400	55.0000	739542.422998
42.5330	-3.4330	5.4734	-347.8400	55.0000	739542.422998
42.6332	-3.3157	5.4481	-347.8400	55.0000	739542.422998
42.7498	-3.1788	5.4186	-347.8400	55.0000	739542.422998
42.8500	-3.0615	5.3934	-347.8400	55.0000	739542.422998
42.9666	-2.9247	5.3639	-347.8400	55.0000	739542.422998
43.0668	-2.8074	5.3386	-347.8400	55.0000	739542.422998
43.1668	-2.6901	5.3133	-347.8400	55.0000	739542.422998
43.2669	-2.5728	5.2880	-347.8400	55.0000	739542.422998
43.3670	-2.4554	5.2628	-347.8400	55.0000	739542.422998
43.4837	-2.3186	5.2333	-347.8400	55.0000	739542.422998
43.5838	-2.2013	5.2080	-347.8400	55.0000	739542.422998
43.6839	-2.1426	5.1890	-347.8400	55.0000	739542.422998
43.7840	-2.1426	5.1764	-347.8400	55.0000	739542.422998
43.8841	-2.1426	5.1638	-347.8400	55.0000	739542.422998
43.9842	-2.1426	5.1511	-347.8400	55.0000	739542.422998
44.1010	-2.1426	5.1385	-347.8400	55.0000	739542.422998
44.2179	-2.1426	5.1385	-352.7200	55.0000	739542.422998
44.3180	-2.1426	5.1385	-360.0400	55.0000	739542.422998
44.4347	-2.1426	5.1385	-368.5800	55.0000	739542.422998
44.5513	-2.1426	5.1385	-377.1200	55.0000	739542.422998
44.6515	-2.1426	5.1385	-384.4400	55.0000	739542.422998
44.7517	-2.1790	5.1219	-384.4400	55.0000	739542.422998
44.8685	-2.3065	5.0640	-384.4400	55.0000	739542.422998
44.9850	-2.4340	5.0061	-384.4400	55.0000	739542.422998
45.0853	-2.5432	4.9564	-384.4400	55.0000	739542.422998
45.2021	-2.6707	4.8985	-384.4400	55.0000	739542.422998
45.3187	-2.7981	4.8406	-384.4400	55.0000	739542.422998
45.4355	-2.9254	4.7823	-385.6600	55.0000	739542.422998
45.5522	-3.0459	4.7112	-394.2000	55.0000	739542.422998
45.6523	-3.1397	4.6366	-401.5200	55.0000	739542.422998
45.7525	-3.2234	4.5507	-408.8400	55.0000	739542.422998
45.8525	-3.3023	4.4603	-408.8400	55.0000	739542.422998
45.9527	-3.3813	4.3700	-408.8400	55.0000	739542.422998
46.0694	-3.4735	4.2646	-408.8400	55.0000	739542.422998
46.1695	-3.5524	4.1742	-408.8400	55.0000	739542.422998
46.2697	-3.6314	4.0839	-408.8400	55.0000	739542.422998
46.3700	-3.7123	3.9953	-405.1800	55.0000	739542.422998
46.4864	-3.8190	3.9048	-396.6400	55.0000	739542.422998
46.5866	-3.9202	3.8406	-389.3200	55.0000	739542.422998
46.7033	-4.0474	3.7823	-382.0000	55.0000	739542.422998
46.8034	-4.1587	3.7374	-382.0000	55.0000	739542.422998
46.9036	-4.2700	3.6924	-382.0000	55.0000	739542.422998
47.0204	-4.3998	3.6400	-382.0000	55.0000	739542.422998
47.1370	-4.5296	3.5875	-382.0000	55.0000	739542.422998
47.2371	-4.6398	3.5402	-385.6600	55.0000	739542.422998
47.3538	-4.7603	3.4691	-394.2000	55.0000	739542.422998
47.4541	-4.8542	3.3945	-401.5200	55.0000	739542.422998
47.5708	-4.9506	3.2933	-410.0600	55.0000	739542.422998
47.6875	-5.0310	3.1788	-418.6000	55.0000	739542.422998
47.7877	-5.0796	3.0982	-425.9200	55.0000	739542.422998
47.8878	-5.1144	3.0635	-425.9200	55.0000	739542.422998
47.9879	-5.1634	2.9540	-425.9200	55.0000	739542.422998
48.1045	-5.2205	2.8262	-425.9200	55.0000	739542.422998
48.2047	-5.2695	2.7166	-425.9200	55.0000	739542.422998
48.3047	-5.3184	2.6070	-425.9200	55.0000	739542.422998
48.4215	-5.3752	2.4791	-427.1400	55.0000	739542.422998
48.5217	-5.4134	2.3654	-434.4600	55.0000	739542.422998
48.6384	-5.4393	2.2279	-443.0000	55.0000	739542.422998
48.7552	-5.4563	2.0890	-443.0000	55.0000	739542.422998
48.8719	-5.4734	1.9500	-443.0000	55.0000	739542.422998
48.9721	-5.4880	1.8309	-443.0000	55.0000	739542.422998
49.0888	-5.5051	1.6920	-443.0000	55.0000	739542.422998
49.2056	-5.5222	1.5530	-443.0000	55.0000	739542.422998
49.3056	-5.5368	1.4339	-443.0000	55.0000	739542.422998
49.4224	-5.5538	1.2949	-443.0000	55.0000	739542.422998
49.5227	-5.5685	1.1758	-443.0000	55.0000	739542.422998
49.6228	-5.5831	1.0567	-443.0000	55.0000	739542.422998
49.7394	-5.6065	0.9188	-436.9000	55.0000	739542.422998
49.8395	-5.6423	0.8043	-429.5800	55.0000	739542.422998
49.9395	-5.6923	0.6954	-422.2600	55.0000	739542.422998
50.0562	-5.7575	0.5715	-422.2600	55.0000	739542.422998
50.1729	-5.8227	0.4476	-422.2600	55.0000	739542.422998
50.2731	-5.8785	0.3414	-422.2600	55.0000	739542.422998
50.3899	-5.9437	0.2174	-422.2600	55.0000	739542.422998
50.5068	-6.0089	0.0935	-422.2600	55.0000	739542.422998
50.6068	-6.0647	-0.0127	-422.2600	55.0000	739542.422998
50.7236	-6.1299	-0.1366	-422.2600	55.0000	739542.422998
