T	X	Y	HEADING	PERPSECTIVE_ANGLE	NOW_NUM
0.1141	0.0000	0.0000	45.0000	55.0000	739536.489991
0.2170	0.0000	0.0000	45.0000	55.0000	739536.489991
0.3336	0.0000	0.0000	45.0000	55.0000	739536.489991
0.4337	0.0000	0.0000	45.0000	55.0000	739536.489991
0.5503	0.0000	0.0000	45.0000	55.0000	739536.489991
0.6510	0.0000	0.0000	45.0000	55.0000	739536.489991
0.7672	0.0000	0.0000	45.0000	55.0000	739536.489991
0.8840	0.0000	0.0000	45.0000	55.0000	739536.489991
1.0001	0.0000	0.0000	45.0000	55.0000	739536.489991
1.1002	0.0000	0.0000	45.0000	55.0000	739536.489991
1.2003	0.0000	0.0000	45.0000	55.0000	739536.489991
1.3167	0.0000	0.0000	45.0000	55.0000	739536.489991
1.4171	0.0000	0.0000	45.0000	55.0000	739536.489991
1.5338	0.0000	0.0000	45.0000	55.0000	739536.489991
1.6504	0.0000	0.0000	42.5600	55.0000	739536.489991
1.7673	0.0000	0.0000	34.0200	55.0000	739536.489991
1.8837	0.0000	0.0000	25.4800	55.0000	739536.489991
2.0005	0.0000	0.0000	21.8200	55.0000	739536.489991
2.1167	0.0000	0.0000	21.8200	55.0000	739536.489991
2.2172	0.0000	0.0000	21.8200	55.0000	739536.489991
2.3336	-0.0371	0.0149	21.8200	55.0000	739536.489991
2.4501	-0.1671	0.0669	21.8200	55.0000	739536.489991
2.5502	-0.2785	0.1115	21.8200	55.0000	739536.489991
2.6683	-0.4085	0.1635	21.8200	55.0000	739536.489991
2.7836	-0.5384	0.2156	21.8200	55.0000	739536.489991
2.9001	-0.6684	0.2676	21.8200	55.0000	739536.489991
3.0006	-0.7798	0.3122	21.8200	55.0000	739536.489991
3.1169	-0.7984	0.3197	21.8200	55.0000	739536.489991
3.2334	-0.7984	0.3197	15.7200	55.0000	739536.489991
3.3337	-0.7984	0.3197	10.8400	55.0000	739536.489991
3.4505	-0.9359	0.3460	10.8400	55.0000	739536.489991
3.5676	-1.0734	0.3723	10.8400	55.0000	739536.489991
3.6834	-1.2109	0.3986	10.8400	55.0000	739536.489991
3.7838	-1.3288	0.4212	10.8400	55.0000	739536.489991
3.9003	-1.4663	0.4475	10.8400	55.0000	739536.489991
4.0168	-1.6038	0.4739	10.8400	55.0000	739536.489991
4.1336	-1.7413	0.5002	10.8400	55.0000	739536.489991
4.2337	-1.8591	0.5228	10.8400	55.0000	739536.489991
4.3503	-1.9966	0.5491	10.8400	55.0000	739536.489991
4.4669	-2.1341	0.5754	10.8400	55.0000	739536.489991
4.5835	-2.2716	0.6018	10.8400	55.0000	739536.489991
4.7003	-2.4091	0.6281	10.8400	55.0000	739536.489991
4.8168	-2.5466	0.6544	10.8400	55.0000	739536.489991
4.9336	-2.6841	0.6807	10.8400	55.0000	739536.489991
5.0503	-2.8216	0.7071	10.8400	55.0000	739536.489991
5.1686	-2.9591	0.7334	10.8400	55.0000	739536.489991
5.2835	-3.0966	0.7597	10.8400	55.0000	739536.489991
5.4002	-3.1163	0.7635	10.8400	55.0000	739536.489991
5.5168	-3.1163	0.7635	18.1600	55.0000	739536.489991
5.6170	-3.1163	0.7635	25.4800	55.0000	739536.489991
5.7336	-3.1163	0.7635	34.0200	55.0000	739536.489991
5.8501	-3.1163	0.7635	42.5600	55.0000	739536.489991
5.9670	-3.1163	0.7635	51.1000	55.0000	739536.489991
6.0853	-3.1163	0.7635	59.6400	55.0000	739536.489991
6.1854	-3.1163	0.7635	63.3000	55.0000	739536.489991
6.3002	-3.1163	0.7635	63.3000	55.0000	739536.489991
6.4167	-3.1253	0.7814	63.3000	55.0000	739536.489991
6.5170	-3.1792	0.8886	63.3000	55.0000	739536.489991
6.6188	-3.2331	0.9958	63.3000	55.0000	739536.489991
6.7335	-3.2960	1.1208	63.3000	55.0000	739536.489991
6.8338	-3.3499	1.2280	63.3000	55.0000	739536.489991
6.9502	-3.4038	1.3353	63.3000	55.0000	739536.489991
7.0685	-3.4038	1.3353	70.6200	55.0000	739536.489991
7.1854	-3.4038	1.3353	79.1600	55.0000	739536.489991
7.3001	-3.4038	1.3353	86.4800	55.0000	739536.489991
7.4060	-3.4038	1.3353	86.4800	55.0000	739536.489991
7.5169	-3.4124	1.4750	86.4800	55.0000	739536.489991
7.6191	-3.4198	1.5948	86.4800	55.0000	739536.489991
7.7335	-3.4284	1.7345	86.4800	55.0000	739536.489991
7.8336	-3.4358	1.8543	86.4800	55.0000	739536.489991
7.9502	-3.4444	1.9940	86.4800	55.0000	739536.489991
8.0668	-3.4530	2.1337	86.4800	55.0000	739536.489991
8.1835	-3.4616	2.2735	86.4800	55.0000	739536.489991
8.3002	-3.4701	2.4132	86.4800	55.0000	739536.489991
8.4003	-3.4775	2.5330	86.4800	55.0000	739536.489991
8.5168	-3.4861	2.6727	86.4800	55.0000	739536.489991
8.6168	-3.4935	2.7925	86.4800	55.0000	739536.489991
8.7169	-3.5008	2.9123	86.4800	55.0000	739536.489991
8.8171	-3.5082	3.0320	86.4800	55.0000	739536.489991
8.9372	-3.5168	3.1718	86.4800	55.0000	739536.489991
9.0502	-3.5254	3.3115	86.4800	55.0000	739536.489991
9.1504	-3.5328	3.4313	86.4800	55.0000	739536.489991
9.2668	-3.5414	3.5710	86.4800	55.0000	739536.489991
9.3851	-3.5475	3.6708	87.7000	55.0000	739536.489991
9.4853	-3.5475	3.6708	95.0200	55.0000	739536.489991
9.6002	-3.5475	3.6708	103.5600	55.0000	739536.489991
9.7167	-3.5475	3.6708	112.1000	55.0000	739536.489991
9.8168	-3.5475	3.6708	119.4200	55.0000	739536.489991
9.9170	-3.5475	3.6708	126.7400	55.0000	739536.489991
10.0335	-3.5475	3.6708	134.0600	55.0000	739536.489991
10.1501	-3.5475	3.6708	134.0600	55.0000	739536.489991
10.2502	-3.5475	3.6708	134.0600	55.0000	739536.489991
10.3667	-3.4502	3.7714	134.0600	55.0000	739536.489991
10.4668	-3.3667	3.8577	134.0600	55.0000	739536.489991
10.5852	-3.2693	3.9583	134.0600	55.0000	739536.489991
10.7008	-3.1720	4.0589	134.0600	55.0000	739536.489991
10.8168	-3.0746	4.1595	134.0600	55.0000	739536.489991
10.9170	-2.9912	4.2457	134.0600	55.0000	739536.489991
11.0335	-2.9355	4.3032	134.0600	55.0000	739536.489991
11.1337	-2.9355	4.3032	134.0600	55.0000	739536.489991
11.2500	-2.9355	4.3032	134.0600	55.0000	739536.489991
11.3502	-2.9355	4.3032	134.0600	55.0000	739536.489991
11.4670	-2.9236	4.3192	126.7400	55.0000	739536.489991
11.5834	-2.8398	4.4314	126.7400	55.0000	739536.489991
11.7005	-2.7561	4.5436	126.7400	55.0000	739536.489991
11.8169	-2.7082	4.6077	126.7400	55.0000	739536.489991
11.9335	-2.7082	4.6077	125.5200	55.0000	739536.489991
12.0503	-2.7082	4.6077	116.9800	55.0000	739536.489991
12.1669	-2.7082	4.6077	108.4400	55.0000	739536.489991
12.2671	-2.7082	4.6077	101.1200	55.0000	739536.489991
12.3836	-2.7082	4.6077	92.5800	55.0000	739536.489991
12.5002	-2.7082	4.6077	84.0400	55.0000	739536.489991
12.6049	-2.7082	4.6077	76.7200	55.0000	739536.489991
12.7166	-2.7082	4.6077	71.8400	55.0000	739536.489991
12.8175	-2.7082	4.6077	71.8400	55.0000	739536.489991
12.9336	-2.7394	4.7027	71.8400	55.0000	739536.489991
13.0525	-2.7830	4.8358	71.8400	55.0000	739536.489991
13.1669	-2.8267	4.9688	71.8400	55.0000	739536.489991
13.2836	-2.8703	5.1018	71.8400	55.0000	739536.489991
13.3852	-2.9027	5.1964	68.1800	55.0000	739536.489991
13.5002	-2.9027	5.1964	59.6400	55.0000	739536.489991
13.6167	-2.9027	5.1964	51.1000	55.0000	739536.489991
13.7169	-2.9027	5.1964	43.7800	55.0000	739536.489991
13.8334	-2.9027	5.1964	35.2400	55.0000	739536.489991
13.9506	-2.9027	5.1964	31.5800	55.0000	739536.489991
14.0686	-2.9027	5.1964	31.5800	55.0000	739536.489991
14.1835	-2.9879	5.2488	31.5800	55.0000	739536.489991
14.2845	-3.0901	5.3116	31.5800	55.0000	739536.489991
14.3852	-3.1923	5.3745	31.5800	55.0000	739536.489991
14.5002	-3.3116	5.4478	31.5800	55.0000	739536.489991
14.6006	-3.3463	5.4676	24.2600	55.0000	739536.489991
14.7169	-3.3463	5.4676	15.7200	55.0000	739536.489991
14.8336	-3.3463	5.4676	7.1800	55.0000	739536.489991
14.9502	-3.3463	5.4676	-1.3600	55.0000	739536.489991
15.0669	-3.3463	5.4676	-7.4600	55.0000	739536.489991
15.1670	-3.3463	5.4676	-7.4600	55.0000	739536.489991
15.2835	-3.4653	5.4521	-7.4600	55.0000	739536.489991
15.3837	-3.5843	5.4365	-7.4600	55.0000	739536.489991
15.5007	-3.7231	5.4183	-7.4600	55.0000	739536.489991
15.6019	-3.8421	5.4027	-7.4600	55.0000	739536.489991
15.7168	-3.9214	5.3923	-7.4600	55.0000	739536.489991
15.8169	-3.9214	5.3923	-7.4600	55.0000	739536.489991
15.9170	-3.9214	5.3923	-7.4600	55.0000	739536.489991
16.0336	-3.9214	5.3923	-7.4600	55.0000	739536.489991
16.1503	-3.9214	5.3923	-7.4600	55.0000	739536.489991
16.2670	-3.9214	5.3923	-7.4600	55.0000	739536.489991
16.3852	-3.9214	5.3923	-7.4600	55.0000	739536.489991
16.5020	-3.9214	5.3923	-7.4600	55.0000	739536.489991
16.6169	-3.9214	5.3923	-7.4600	55.0000	739536.489991
16.7336	-3.9214	5.3923	-7.4600	55.0000	739536.489991
16.8501	-3.9214	5.3923	-7.4600	55.0000	739536.489991
16.9504	-3.9214	5.3923	-7.4600	55.0000	739536.489991
17.0669	-3.9214	5.3923	-7.4600	55.0000	739536.489991
17.1834	-3.9214	5.3923	-7.4600	55.0000	739536.489991
17.2835	-3.9214	5.3923	-7.4600	55.0000	739536.489991
17.3837	-3.9214	5.3923	-11.1200	55.0000	739536.489991
17.4852	-3.9214	5.3923	-16.0000	55.0000	739536.489991
17.6002	-3.9214	5.3923	-16.0000	55.0000	739536.489991
17.7169	-4.0560	5.3538	-16.0000	55.0000	739536.489991
17.8335	-4.1906	5.3152	-16.0000	55.0000	739536.489991
17.9502	-4.3251	5.2766	-16.0000	55.0000	739536.489991
18.0669	-4.3828	5.2600	-17.2200	55.0000	739536.489991
18.1670	-4.3828	5.2600	-24.5400	55.0000	739536.489991
18.2836	-4.3828	5.2600	-33.0800	55.0000	739536.489991
18.3850	-4.3828	5.2600	-39.1800	55.0000	739536.489991
18.4852	-4.4448	5.2095	-39.1800	55.0000	739536.489991
18.6004	-4.5534	5.1211	-39.1800	55.0000	739536.489991
18.7170	-4.6619	5.0326	-39.1800	55.0000	739536.489991
18.8336	-4.7704	4.9442	-39.1800	55.0000	739536.489991
18.9501	-4.8789	4.8557	-39.1800	55.0000	739536.489991
19.0505	-4.9719	4.7799	-39.1800	55.0000	739536.489991
19.1669	-5.0337	4.7290	-44.0600	55.0000	739536.489991
19.2837	-5.0337	4.7290	-52.6000	55.0000	739536.489991
19.4008	-5.0337	4.7290	-61.1400	55.0000	739536.489991
19.5019	-5.0337	4.7290	-64.8000	55.0000	739536.489991
19.6168	-5.0337	4.7290	-64.8000	55.0000	739536.489991
19.7338	-4.9911	4.8195	-64.8000	55.0000	739536.489991
19.8503	-4.9315	4.9462	-64.8000	55.0000	739536.489991
19.9669	-4.8889	5.0367	-64.8000	55.0000	739536.489991
20.0670	-4.8889	5.0367	-64.8000	55.0000	739536.489991
20.1835	-4.8889	5.0367	-73.3400	55.0000	739536.489991
20.2836	-4.8889	5.0367	-80.6600	55.0000	739536.489991
20.3838	-4.8889	5.0367	-87.9800	55.0000	739536.489991
20.5018	-4.8889	5.0367	-96.5200	55.0000	739536.489991
20.6019	-4.8889	5.0367	-103.8400	55.0000	739536.489991
20.7170	-4.8889	5.0367	-112.3800	55.0000	739536.489991
20.8337	-4.8889	5.0367	-120.9200	55.0000	739536.489991
20.9503	-4.8889	5.0367	-129.4600	55.0000	739536.489991
21.0669	-4.8889	5.0367	-138.0000	55.0000	739536.489991
21.1836	-4.8889	5.0367	-146.5400	55.0000	739536.489991
21.2837	-4.8889	5.0367	-153.8600	55.0000	739536.489991
21.4017	-4.8889	5.0367	-162.4000	55.0000	739536.489991
21.5027	-4.8889	5.0367	-169.7200	55.0000	739536.489991
21.6169	-4.8889	5.0367	-178.2600	55.0000	739536.489991
21.7174	-4.8889	5.0367	-180.7000	55.0000	739536.489991
21.8335	-4.8889	5.0367	-180.7000	55.0000	739536.489991
21.9501	-4.8889	5.0367	-180.7000	55.0000	739536.489991
22.0667	-4.7489	5.0384	-180.7000	55.0000	739536.489991
22.1668	-4.6289	5.0399	-180.7000	55.0000	739536.489991
22.2670	-4.5089	5.0413	-180.7000	55.0000	739536.489991
22.3835	-4.4490	5.0420	-180.7000	55.0000	739536.489991
22.5001	-4.4490	5.0420	-189.2400	55.0000	739536.489991
22.6003	-4.4490	5.0420	-196.5600	55.0000	739536.489991
22.7170	-4.4490	5.0420	-203.8800	55.0000	739536.489991
22.8335	-4.3575	5.0825	-203.8800	55.0000	739536.489991
22.9501	-4.2295	5.1392	-203.8800	55.0000	739536.489991
23.0502	-4.1198	5.1878	-203.8800	55.0000	739536.489991
23.1670	-3.9918	5.2445	-203.8800	55.0000	739536.489991
23.2835	-3.8637	5.3011	-203.8800	55.0000	739536.489991
23.4019	-3.7357	5.3578	-203.8800	55.0000	739536.489991
23.5169	-3.6626	5.3902	-203.8800	55.0000	739536.489991
23.6335	-3.6626	5.3902	-202.6600	55.0000	739536.489991
23.7335	-3.6626	5.3902	-195.3400	55.0000	739536.489991
23.8337	-3.6626	5.3902	-189.2400	55.0000	739536.489991
23.9501	-3.6034	5.3998	-189.2400	55.0000	739536.489991
24.0503	-3.4849	5.4191	-189.2400	55.0000	739536.489991
24.1504	-3.3862	5.4352	-189.2400	55.0000	739536.489991
24.2670	-3.3862	5.4352	-189.2400	55.0000	739536.489991
24.3839	-3.3862	5.4352	-181.9200	55.0000	739536.489991
24.5003	-3.3862	5.4352	-173.3800	55.0000	739536.489991
24.6018	-3.3862	5.4352	-166.0600	55.0000	739536.489991
24.7172	-3.3476	5.4247	-164.8400	55.0000	739536.489991
24.8335	-3.2125	5.3881	-164.8400	55.0000	739536.489991
24.9336	-3.1739	5.3776	-164.8400	55.0000	739536.489991
25.0337	-3.1546	5.3724	-164.8400	55.0000	739536.489991
25.1339	-3.0387	5.3410	-164.8400	55.0000	739536.489991
25.2502	-2.9229	5.3096	-164.8400	55.0000	739536.489991
25.3669	-2.9229	5.3096	-164.8400	55.0000	739536.489991
25.4837	-2.9229	5.3096	-161.1800	55.0000	739536.489991
25.6006	-2.9229	5.3096	-152.6400	55.0000	739536.489991
25.7168	-2.9229	5.3096	-144.1000	55.0000	739536.489991
25.8337	-2.9229	5.3096	-135.5600	55.0000	739536.489991
25.9503	-2.9229	5.3096	-127.0200	55.0000	739536.489991
26.0671	-2.9229	5.3096	-123.3600	55.0000	739536.489991
26.1835	-2.9229	5.3096	-123.3600	55.0000	739536.489991
26.3015	-2.9229	5.3096	-123.3600	55.0000	739536.489991
26.4186	-2.9229	5.3096	-123.3600	55.0000	739536.489991
26.5336	-2.9229	5.3096	-123.3600	55.0000	739536.489991
26.6339	-2.9229	5.3096	-123.3600	55.0000	739536.489991
26.7501	-2.9229	5.3096	-123.3600	55.0000	739536.489991
26.8506	-2.9229	5.3096	-123.3600	55.0000	739536.489991
26.9672	-2.9229	5.3096	-123.3600	55.0000	739536.489991
27.0837	-2.9229	5.3096	-123.3600	55.0000	739536.489991
27.2005	-2.9229	5.3096	-123.3600	55.0000	739536.489991
27.3014	-2.9229	5.3096	-123.3600	55.0000	739536.489991
27.4169	-2.9229	5.3096	-123.3600	55.0000	739536.489991
27.5335	-2.9229	5.3096	-123.3600	55.0000	739536.489991
27.6503	-2.8899	5.2595	-123.3600	55.0000	739536.489991
27.7504	-2.8239	5.1593	-123.3600	55.0000	739536.489991
27.8669	-2.7469	5.0424	-123.3600	55.0000	739536.489991
27.9671	-2.6810	4.9421	-123.3600	55.0000	739536.489991
28.0835	-2.6040	4.8252	-123.3600	55.0000	739536.489991
28.2001	-2.5710	4.7751	-123.3600	55.0000	739536.489991
28.3003	-2.5710	4.7751	-117.2600	55.0000	739536.489991
28.4189	-2.5710	4.7751	-108.7200	55.0000	739536.489991
28.5335	-2.5710	4.7751	-102.6200	55.0000	739536.489991
28.6503	-2.5448	4.6580	-102.6200	55.0000	739536.489991
28.7668	-2.5142	4.5214	-102.6200	55.0000	739536.489991
28.8670	-2.4880	4.4043	-102.6200	55.0000	739536.489991
28.9836	-2.4574	4.2676	-102.6200	55.0000	739536.489991
29.0837	-2.4311	4.1505	-102.6200	55.0000	739536.489991
29.2002	-2.4224	4.1115	-103.8400	55.0000	739536.489991
29.3018	-2.4224	4.1115	-111.1600	55.0000	739536.489991
29.4167	-2.4224	4.1115	-119.7000	55.0000	739536.489991
29.5185	-2.4224	4.1115	-123.3600	55.0000	739536.489991
29.6336	-2.4224	4.1115	-123.3600	55.0000	739536.489991
29.7502	-2.3454	3.9946	-123.3600	55.0000	739536.489991
29.8669	-2.2684	3.8776	-123.3600	55.0000	739536.489991
29.9835	-2.1914	3.7607	-123.3600	55.0000	739536.489991
30.0836	-2.1695	3.7273	-125.8000	55.0000	739536.489991
30.1839	-2.1695	3.7273	-133.1200	55.0000	739536.489991
30.3002	-2.1695	3.7273	-141.6600	55.0000	739536.489991
30.4004	-2.1695	3.7273	-148.9800	55.0000	739536.489991
30.5169	-2.1695	3.7273	-157.5200	55.0000	739536.489991
30.6187	-2.1695	3.7273	-164.8400	55.0000	739536.489991
30.7345	-2.1695	3.7273	-173.3800	55.0000	739536.489991
30.8502	-2.1695	3.7273	-181.9200	55.0000	739536.489991
30.9670	-2.1695	3.7273	-190.4600	55.0000	739536.489991
31.0836	-2.1695	3.7273	-199.0000	55.0000	739536.489991
31.1840	-2.1695	3.7273	-200.2200	55.0000	739536.489991
31.3002	-2.1695	3.7273	-200.2200	55.0000	739536.489991
31.4167	-2.0568	3.7688	-200.2200	55.0000	739536.489991
31.5170	-1.9442	3.8103	-200.2200	55.0000	739536.489991
31.6170	-1.8879	3.8310	-200.2200	55.0000	739536.489991
31.7185	-1.8879	3.8310	-203.8800	55.0000	739536.489991
31.8337	-1.8879	3.8310	-212.4200	55.0000	739536.489991
31.9503	-1.8879	3.8310	-220.9600	55.0000	739536.489991
32.0669	-1.8879	3.8310	-229.5000	55.0000	739536.489991
32.1670	-1.8879	3.8310	-236.8200	55.0000	739536.489991
32.2836	-1.8879	3.8310	-241.7000	55.0000	739536.489991
32.3836	-1.8879	3.8310	-241.7000	55.0000	739536.489991
32.5004	-1.8879	3.8310	-241.7000	55.0000	739536.489991
32.6170	-1.8879	3.8310	-241.7000	55.0000	739536.489991
32.7186	-1.8879	3.8310	-241.7000	55.0000	739536.489991
32.8335	-1.9164	3.7782	-241.7000	55.0000	739536.489991
32.9339	-1.9733	3.6725	-241.7000	55.0000	739536.489991
33.0502	-2.0396	3.5492	-241.7000	55.0000	739536.489991
33.1555	-2.0965	3.4436	-241.7000	55.0000	739536.489991
33.2668	-2.1629	3.3203	-241.7000	55.0000	739536.489991
33.3669	-2.2198	3.2147	-241.7000	55.0000	739536.489991
33.4670	-2.2720	3.1266	-241.7000	55.0000	739536.489991
33.5834	-2.3051	3.1266	-241.7000	55.0000	739536.489991
33.6836	-2.3336	3.1266	-241.7000	55.0000	739536.489991
33.8001	-2.3668	3.1266	-241.7000	55.0000	739536.489991
33.9167	-2.4000	3.1266	-241.7000	55.0000	739536.489991
34.0171	-2.4284	3.1266	-241.7000	55.0000	739536.489991
34.1179	-2.4568	3.1266	-241.7000	55.0000	739536.489991
34.2231	-2.4853	3.1266	-241.7000	55.0000	739536.489991
34.3337	-2.5185	3.1266	-241.7000	55.0000	739536.489991
34.4504	-2.5517	3.1266	-241.7000	55.0000	739536.489991
34.5668	-2.5849	3.1266	-241.7000	55.0000	739536.489991
34.6669	-2.6133	3.1266	-241.7000	55.0000	739536.489991
34.7837	-2.6133	3.1266	-235.6000	55.0000	739536.489991
34.9001	-2.6133	3.1266	-227.0600	55.0000	739536.489991
35.0004	-2.6133	3.1266	-219.7400	55.0000	739536.489991
35.1171	-2.6133	3.1266	-211.2000	55.0000	739536.489991
35.2186	-2.6133	3.1266	-203.8800	55.0000	739536.489991
35.3335	-2.6133	3.1266	-195.3400	55.0000	739536.489991
35.4336	-2.6133	3.1266	-188.0200	55.0000	739536.489991
35.5502	-2.6133	3.1266	-179.4800	55.0000	739536.489991
35.6667	-2.6133	3.1266	-170.9400	55.0000	739536.489991
35.7837	-2.6133	3.1266	-162.4000	55.0000	739536.489991
35.9002	-2.6133	3.1266	-153.8600	55.0000	739536.489991
36.0169	-2.6133	3.1266	-145.3200	55.0000	739536.489991
36.1182	-2.6133	3.1266	-138.0000	55.0000	739536.489991
36.2185	-2.6133	3.1266	-130.6800	55.0000	739536.489991
36.3346	-2.6133	3.1266	-122.1400	55.0000	739536.489991
36.4502	-2.6133	3.1266	-113.6000	55.0000	739536.489991
36.5672	-2.6133	3.1266	-105.0600	55.0000	739536.489991
36.6835	-2.6133	3.1266	-96.5200	55.0000	739536.489991
36.8007	-2.6133	3.1266	-87.9800	55.0000	739536.489991
36.9167	-2.6133	3.1266	-79.4400	55.0000	739536.489991
37.0168	-2.6133	3.1266	-72.1200	55.0000	739536.489991
37.1169	-2.6133	3.1266	-64.8000	55.0000	739536.489991
37.2177	-2.6133	3.1266	-57.4800	55.0000	739536.489991
37.3353	-2.6133	3.1266	-48.9400	55.0000	739536.489991
37.4502	-2.6133	3.1266	-40.4000	55.0000	739536.489991
37.5503	-2.6133	3.1266	-33.0800	55.0000	739536.489991
37.6668	-2.6133	3.1266	-24.5400	55.0000	739536.489991
37.7669	-2.6133	3.1266	-17.2200	55.0000	739536.489991
37.8834	-2.6133	3.1266	-8.6800	55.0000	739536.489991
37.9835	-2.6133	3.1266	-1.3600	55.0000	739536.489991
38.0836	-2.6133	3.1266	5.9600	55.0000	739536.489991
38.2005	-2.6133	3.1266	14.5000	55.0000	739536.489991
38.3170	-2.6133	3.1266	23.0400	55.0000	739536.489991
38.4336	-2.6133	3.1266	31.5800	55.0000	739536.489991
38.5504	-2.6133	3.1266	40.1200	55.0000	739536.489991
38.6506	-2.6133	3.1266	47.4400	55.0000	739536.489991
38.7669	-2.6133	3.1266	51.1000	55.0000	739536.489991
38.8836	-2.6133	3.1266	57.2000	55.0000	739536.489991
38.9837	-2.6133	3.1266	60.8600	55.0000	739536.489991
39.1005	-2.6133	3.1266	68.1800	55.0000	739536.489991
39.2170	-2.6133	3.1266	71.8400	55.0000	739536.489991
39.3336	-2.6133	3.1266	76.7200	55.0000	739536.489991
39.4504	-2.6271	3.1850	76.7200	55.0000	739536.489991
39.5667	-2.6592	3.3213	76.7200	55.0000	739536.489991
39.6671	-2.6868	3.4381	76.7200	55.0000	739536.489991
39.7836	-2.7190	3.5743	76.7200	55.0000	739536.489991
39.8838	-2.7465	3.6911	76.7200	55.0000	739536.489991
40.0002	-2.7787	3.8274	76.7200	55.0000	739536.489991
40.1169	-2.8017	3.9247	76.7200	55.0000	739536.489991
40.2171	-2.8017	3.9247	74.2800	55.0000	739536.489991
40.3173	-2.8017	3.9247	66.9600	55.0000	739536.489991
40.4354	-2.8017	3.9247	60.8600	55.0000	739536.489991
40.5502	-2.8406	3.9946	60.8600	55.0000	739536.489991
40.6502	-2.8990	4.0994	60.8600	55.0000	739536.489991
40.7671	-2.9672	4.2216	60.8600	55.0000	739536.489991
40.8835	-3.0159	4.3090	60.8600	55.0000	739536.489991
41.0003	-3.0159	4.3090	55.9800	55.0000	739536.489991
41.1169	-3.0159	4.3090	47.4400	55.0000	739536.489991
41.2354	-3.0159	4.3090	38.9000	55.0000	739536.489991
41.3501	-3.0159	4.3090	30.3600	55.0000	739536.489991
41.4503	-3.0159	4.3090	23.0400	55.0000	739536.489991
41.5505	-3.0159	4.3090	15.7200	55.0000	739536.489991
41.6506	-3.0159	4.3090	8.4000	55.0000	739536.489991
41.7667	-3.0159	4.3090	8.4000	55.0000	739536.489991
41.8668	-3.1148	4.3236	8.4000	55.0000	739536.489991
41.9837	-3.2533	4.3441	8.4000	55.0000	739536.489991
42.1002	-3.3918	4.3645	8.4000	55.0000	739536.489991
42.2170	-3.3918	4.3645	4.7400	55.0000	739536.489991
42.3334	-3.3918	4.3645	-3.8000	55.0000	739536.489991
42.4353	-3.3918	4.3645	-11.1200	55.0000	739536.489991
42.5503	-3.3918	4.3645	-19.6600	55.0000	739536.489991
42.6669	-3.3918	4.3645	-28.2000	55.0000	739536.489991
42.7837	-3.3918	4.3645	-36.7400	55.0000	739536.489991
42.9001	-3.3918	4.3645	-45.2800	55.0000	739536.489991
43.0002	-3.3918	4.3645	-52.6000	55.0000	739536.489991
43.1003	-3.3918	4.3645	-59.9200	55.0000	739536.489991
43.2168	-3.3918	4.3645	-68.4600	55.0000	739536.489991
43.3170	-3.3918	4.3645	-75.7800	55.0000	739536.489991
43.4354	-3.3918	4.3645	-77.0000	55.0000	739536.489991
43.5501	-3.4053	4.3060	-77.0000	55.0000	739536.489991
43.6502	-3.4323	4.1891	-77.0000	55.0000	739536.489991
43.7669	-3.4638	4.0527	-77.0000	55.0000	739536.489991
43.8835	-3.4953	3.9163	-77.0000	55.0000	739536.489991
43.9839	-3.5223	3.7994	-77.0000	55.0000	739536.489991
44.1001	-3.5538	3.6630	-77.0000	55.0000	739536.489991
44.2169	-3.5853	3.5265	-77.0000	55.0000	739536.489991
44.3171	-3.6123	3.4096	-77.0000	55.0000	739536.489991
44.4334	-3.6438	3.2732	-77.0000	55.0000	739536.489991
44.5336	-3.6708	3.1563	-77.0000	55.0000	739536.489991
44.6352	-3.6978	3.0394	-77.0000	55.0000	739536.489991
44.7354	-3.7248	2.9224	-77.0000	55.0000	739536.489991
44.8503	-3.7563	2.7860	-77.0000	55.0000	739536.489991
44.9669	-3.7878	2.6496	-77.0000	55.0000	739536.489991
45.0837	-3.8102	2.5522	-77.0000	55.0000	739536.489991
45.2002	-3.8102	2.5522	-85.5400	55.0000	739536.489991
45.3170	-3.8102	2.5522	-92.8600	55.0000	739536.489991
45.4336	-3.8043	2.4323	-92.8600	55.0000	739536.489991
45.5337	-3.7983	2.3125	-92.8600	55.0000	739536.489991
45.6341	-3.7923	2.1926	-92.8600	55.0000	739536.489991
45.7521	-3.7853	2.0528	-92.8600	55.0000	739536.489991
45.8668	-3.7783	1.9130	-92.8600	55.0000	739536.489991
45.9671	-3.7723	1.7931	-92.8600	55.0000	739536.489991
46.0836	-3.7653	1.6533	-92.8600	55.0000	739536.489991
46.2004	-3.7584	1.5135	-92.8600	55.0000	739536.489991
46.3168	-3.7498	1.3938	-97.7400	55.0000	739536.489991
46.4169	-3.7498	1.3938	-105.0600	55.0000	739536.489991
46.5336	-3.7498	1.3938	-113.6000	55.0000	739536.489991
46.6502	-3.7498	1.3938	-118.4800	55.0000	739536.489991
46.7502	-3.7403	1.3762	-118.4800	55.0000	739536.489991
46.8506	-3.6831	1.2708	-118.4800	55.0000	739536.489991
46.9508	-3.6258	1.1653	-118.4800	55.0000	739536.489991
47.0520	-3.5686	1.0598	-118.4800	55.0000	739536.489991
47.1670	-3.5198	0.9725	-123.3600	55.0000	739536.489991
47.2671	-3.5198	0.9725	-130.6800	55.0000	739536.489991
47.3836	-3.5198	0.9725	-139.2200	55.0000	739536.489991
47.5002	-3.5198	0.9725	-147.7600	55.0000	739536.489991
47.6171	-3.5198	0.9725	-156.3000	55.0000	739536.489991
47.7334	-3.5198	0.9725	-163.6200	55.0000	739536.489991
47.8339	-3.4814	0.9612	-163.6200	55.0000	739536.489991
47.9342	-3.3663	0.9274	-163.6200	55.0000	739536.489991
48.0502	-3.2320	0.8879	-163.6200	55.0000	739536.489991
48.1503	-3.1169	0.8541	-163.6200	55.0000	739536.489991
48.2521	-3.0017	0.8202	-163.6200	55.0000	739536.489991
48.3667	-2.8674	0.7808	-163.6200	55.0000	739536.489991
48.4668	-2.7523	0.7469	-163.6200	55.0000	739536.489991
48.5836	-2.6180	0.7074	-163.6200	55.0000	739536.489991
48.6838	-2.5028	0.6736	-163.6200	55.0000	739536.489991
48.8001	-2.3685	0.6341	-163.6200	55.0000	739536.489991
48.9003	-2.2534	0.6003	-163.6200	55.0000	739536.489991
49.0169	-2.1191	0.5608	-163.6200	55.0000	739536.489991
49.1335	-1.9848	0.5213	-163.6200	55.0000	739536.489991
49.2522	-1.8504	0.4818	-163.6200	55.0000	739536.489991
49.3669	-1.8504	0.4818	-166.0600	55.0000	739536.489991
49.4835	-1.8504	0.4818	-174.6000	55.0000	739536.489991
49.6002	-1.8305	0.4800	-174.6000	55.0000	739536.489991
49.7003	-1.7111	0.4687	-174.6000	55.0000	739536.489991
49.8004	-1.5916	0.4574	-174.6000	55.0000	739536.489991
49.9168	-1.4522	0.4442	-174.6000	55.0000	739536.489991
50.0169	-1.3527	0.4348	-174.6000	55.0000	739536.489991
50.1334	-1.3527	0.4348	-174.6000	55.0000	739536.489991
50.2350	-1.3527	0.4348	-174.6000	55.0000	739536.489991
50.3502	-1.2730	0.4273	-174.6000	55.0000	739536.489991
50.4563	-1.1535	0.4160	-174.6000	55.0000	739536.489991
50.5670	-1.1336	0.4141	-174.6000	55.0000	739536.489991
50.6834	-1.0739	0.4084	-174.6000	55.0000	739536.489991
50.7836	-0.9544	0.3971	-174.6000	55.0000	739536.489991
50.8836	-0.9345	0.3953	-174.6000	55.0000	739536.489991
51.0001	-0.9345	0.3953	-174.6000	55.0000	739536.489991
51.1002	-0.8549	0.3877	-174.6000	55.0000	739536.489991
51.2004	-0.7354	0.3764	-174.6000	55.0000	739536.489991
51.3169	-0.5960	0.3633	-174.6000	55.0000	739536.489991
51.4334	-0.5363	0.3576	-174.6000	55.0000	739536.489991
51.5352	-0.5363	0.3576	-174.6000	55.0000	739536.489991
51.6526	-0.5363	0.3576	-174.6000	55.0000	739536.489991
51.7669	-0.5363	0.3576	-174.6000	55.0000	739536.489991
51.8678	-0.5761	0.3614	-174.6000	55.0000	739536.489991
51.9836	-0.7155	0.3746	-174.6000	55.0000	739536.489991
52.1003	-0.8549	0.3877	-174.6000	55.0000	739536.489991
52.2169	-0.9943	0.4009	-174.6000	55.0000	739536.489991
52.3340	-1.1336	0.4141	-174.6000	55.0000	739536.489991
52.4501	-1.2730	0.4273	-174.6000	55.0000	739536.489991
52.5671	-1.4124	0.4404	-174.6000	55.0000	739536.489991
52.6675	-1.4323	0.4423	-174.6000	55.0000	739536.489991
52.7836	-1.4323	0.4423	-178.2600	55.0000	739536.489991
52.9005	-1.4323	0.4423	-186.8000	55.0000	739536.489991
53.0170	-1.4323	0.4423	-195.3400	55.0000	739536.489991
53.1337	-1.4323	0.4423	-203.8800	55.0000	739536.489991
53.2505	-1.4323	0.4423	-212.4200	55.0000	739536.489991
53.3671	-1.4323	0.4423	-216.0800	55.0000	739536.489991
53.4673	-1.3838	0.4776	-216.0800	55.0000	739536.489991
53.5835	-1.2707	0.5601	-216.0800	55.0000	739536.489991
53.6835	-1.1737	0.6308	-216.0800	55.0000	739536.489991
53.7836	-1.0767	0.7014	-216.0800	55.0000	739536.489991
53.9002	-0.9636	0.7839	-216.0800	55.0000	739536.489991
54.0004	-0.9636	0.7839	-216.0800	55.0000	739536.489991
54.1169	-0.9636	0.7839	-219.7400	55.0000	739536.489991
54.2169	-0.9636	0.7839	-227.0600	55.0000	739536.489991
54.3336	-0.9636	0.7839	-235.6000	55.0000	739536.489991
54.4337	-0.9636	0.7839	-242.9200	55.0000	739536.489991
54.5503	-0.9636	0.7839	-247.8000	55.0000	739536.489991
54.6670	-0.9409	0.8394	-247.8000	55.0000	739536.489991
54.7838	-0.8884	0.9257	-247.8000	55.0000	739536.489991
54.9004	-0.8355	1.0553	-247.8000	55.0000	739536.489991
55.0168	-0.7826	1.1849	-247.8000	55.0000	739536.489991
55.1172	-0.7372	1.2961	-247.8000	55.0000	739536.489991
55.2337	-0.6843	1.4257	-247.8000	55.0000	739536.489991
55.3504	-0.6314	1.5553	-247.8000	55.0000	739536.489991
55.4517	-0.5861	1.6664	-247.8000	55.0000	739536.489991
55.5518	-0.5634	1.7220	-247.8000	55.0000	739536.489991
55.6669	-0.5634	1.7220	-255.1200	55.0000	739536.489991
55.7835	-0.5634	1.7220	-263.6600	55.0000	739536.489991
55.8836	-0.5679	1.6822	-263.6600	55.0000	739536.489991
56.0002	-0.5745	1.6226	-267.3200	55.0000	739536.489991
56.1168	-0.5745	1.6226	-273.4200	55.0000	739536.489991
56.2170	-0.5745	1.6226	-273.4200	55.0000	739536.489991
56.3335	-0.5828	1.7623	-273.4200	55.0000	739536.489991
56.4520	-0.5864	1.8222	-273.4200	55.0000	739536.489991
56.5672	-0.5864	1.8222	-273.4200	55.0000	739536.489991
56.6837	-0.5864	1.8222	-277.0800	55.0000	739536.489991
56.8002	-0.5864	1.8222	-285.6200	55.0000	739536.489991
56.9169	-0.5864	1.8222	-294.1600	55.0000	739536.489991
57.0335	-0.5864	1.8222	-302.7000	55.0000	739536.489991
57.1503	-0.5864	1.8222	-303.9200	55.0000	739536.489991
57.2669	-0.5976	1.8388	-303.9200	55.0000	739536.489991
57.3687	-0.6645	1.9384	-303.9200	55.0000	739536.489991
57.4835	-0.7427	2.0546	-303.9200	55.0000	739536.489991
57.5839	-0.8096	2.1541	-303.9200	55.0000	739536.489991
57.7003	-0.8319	2.1873	-305.1400	55.0000	739536.489991
57.8169	-0.8319	2.1873	-313.6800	55.0000	739536.489991
57.9171	-0.8319	2.1873	-321.0000	55.0000	739536.489991
58.0337	-0.8319	2.1873	-329.5400	55.0000	739536.489991
58.1517	-0.8319	2.1873	-338.0800	55.0000	739536.489991
58.2669	-0.8319	2.1873	-339.3000	55.0000	739536.489991
58.3835	-0.8319	2.1873	-339.3000	55.0000	739536.489991
58.5001	-0.9629	2.2368	-339.3000	55.0000	739536.489991
58.6009	-1.0752	2.2792	-339.3000	55.0000	739536.489991
58.7171	-1.2061	2.3287	-339.3000	55.0000	739536.489991
58.8334	-1.3371	2.3782	-339.3000	55.0000	739536.489991
58.9507	-1.4493	2.4206	-339.3000	55.0000	739536.489991
59.0670	-1.4493	2.4206	-346.6200	55.0000	739536.489991
59.1682	-1.4493	2.4206	-353.9400	55.0000	739536.489991
59.2836	-1.4892	2.4240	-355.1600	55.0000	739536.489991
59.3837	-1.6088	2.4341	-355.1600	55.0000	739536.489991
59.4838	-1.7283	2.4442	-355.1600	55.0000	739536.489991
59.6001	-1.8678	2.4561	-355.1600	55.0000	739536.489991
59.7002	-1.9874	2.4662	-355.1600	55.0000	739536.489991
59.8170	-2.1269	2.4780	-355.1600	55.0000	739536.489991
59.9337	-2.2664	2.4898	-355.1600	55.0000	739536.489991
60.0502	-2.3860	2.4999	-355.1600	55.0000	739536.489991
60.1510	-2.4059	2.5016	-355.1600	55.0000	739536.489991
60.2692	-2.5454	2.5134	-355.1600	55.0000	739536.489991
60.3835	-2.6849	2.5252	-355.1600	55.0000	739536.489991
60.5002	-2.8045	2.5354	-355.1600	55.0000	739536.489991
60.6170	-2.8045	2.5354	-355.1600	55.0000	739536.489991
60.7338	-2.8045	2.5354	-355.1600	55.0000	739536.489991
60.8519	-2.8045	2.5354	-346.6200	55.0000	739536.489991
60.9670	-2.8045	2.5354	-338.0800	55.0000	739536.489991
61.0837	-2.8045	2.5354	-338.0800	55.0000	739536.489991
61.2002	-2.8787	2.5652	-338.0800	55.0000	739536.489991
61.3003	-2.9900	2.6100	-338.0800	55.0000	739536.489991
61.4171	-3.0457	2.6324	-338.0800	55.0000	739536.489991
61.5337	-3.0457	2.6324	-338.0800	55.0000	739536.489991
61.6502	-3.0457	2.6324	-330.7600	55.0000	739536.489991
61.7668	-3.0457	2.6324	-322.2200	55.0000	739536.489991
61.8669	-3.0457	2.6324	-314.9000	55.0000	739536.489991
61.9672	-3.0457	2.6324	-307.5800	55.0000	739536.489991
62.0686	-3.0457	2.6324	-305.1400	55.0000	739536.489991
62.1834	-3.0457	2.6324	-305.1400	55.0000	739536.489991
62.2836	-3.0457	2.6324	-305.1400	55.0000	739536.489991
62.3836	-3.0802	2.6815	-305.1400	55.0000	739536.489991
62.4837	-3.1493	2.7796	-305.1400	55.0000	739536.489991
62.5843	-3.2184	2.8778	-305.1400	55.0000	739536.489991
62.7002	-3.2989	2.9922	-305.1400	55.0000	739536.489991
62.8171	-3.3795	3.1067	-305.1400	55.0000	739536.489991
62.9336	-3.3910	3.1231	-303.9200	55.0000	739536.489991
63.0337	-3.3910	3.1231	-296.6000	55.0000	739536.489991
63.1502	-3.3910	3.1231	-288.0600	55.0000	739536.489991
63.2669	-3.3910	3.1231	-279.5200	55.0000	739536.489991
63.3672	-3.3910	3.1231	-279.5200	55.0000	739536.489991
63.4688	-3.3910	3.1231	-279.5200	55.0000	739536.489991
63.5836	-3.4076	3.2217	-279.5200	55.0000	739536.489991
63.6837	-3.4109	3.2414	-279.5200	55.0000	739536.489991
63.7840	-3.4109	3.2414	-279.5200	55.0000	739536.489991
63.9002	-3.4274	3.3401	-279.5200	55.0000	739536.489991
64.0175	-3.4506	3.4781	-279.5200	55.0000	739536.489991
64.1334	-3.4506	3.4781	-279.5200	55.0000	739536.489991
64.2335	-3.4506	3.4781	-274.6400	55.0000	739536.489991
64.3505	-3.4506	3.4781	-266.1000	55.0000	739536.489991
64.4668	-3.4506	3.4781	-257.5600	55.0000	739536.489991
64.5670	-3.4506	3.4781	-250.2400	55.0000	739536.489991
64.6837	-3.4506	3.4781	-249.0200	55.0000	739536.489991
64.8002	-3.4506	3.4781	-249.0200	55.0000	739536.489991
64.9169	-3.4148	3.5715	-249.0200	55.0000	739536.489991
65.0170	-3.3718	3.6835	-249.0200	55.0000	739536.489991
65.1336	-3.3217	3.8143	-249.0200	55.0000	739536.489991
65.2502	-3.2716	3.9450	-249.0200	55.0000	739536.489991
65.3668	-3.2214	4.0757	-249.0200	55.0000	739536.489991
65.4670	-3.1785	4.1877	-249.0200	55.0000	739536.489991
65.5835	-3.1355	4.2998	-249.0200	55.0000	739536.489991
65.6835	-3.1355	4.2998	-249.0200	55.0000	739536.489991
65.7837	-3.1355	4.2998	-249.0200	55.0000	739536.489991
65.9003	-3.1355	4.2998	-249.0200	55.0000	739536.489991
66.0169	-3.1498	4.2624	-249.0200	55.0000	739536.489991
66.1344	-3.1785	4.1877	-249.0200	55.0000	739536.489991
66.2502	-3.1785	4.1877	-249.0200	55.0000	739536.489991
66.3504	-3.1498	4.2624	-249.0200	55.0000	739536.489991
66.4669	-3.0997	4.3932	-249.0200	55.0000	739536.489991
66.5836	-3.0496	4.5239	-249.0200	55.0000	739536.489991
66.7002	-2.9994	4.6546	-249.0200	55.0000	739536.489991
66.8002	-2.9565	4.7666	-249.0200	55.0000	739536.489991
66.9170	-2.9422	4.8040	-249.0200	55.0000	739536.489991
67.0335	-2.9422	4.8040	-249.0200	55.0000	739536.489991
67.1502	-2.9422	4.8040	-249.0200	55.0000	739536.489991
67.2670	-2.9278	4.8413	-249.0200	55.0000	739536.489991
67.3687	-2.8842	4.9322	-249.0200	55.0000	739536.489991
67.4852	-2.8341	5.0630	-249.0200	55.0000	739536.489991
67.6001	-2.7840	5.1937	-249.0200	55.0000	739536.489991
67.7002	-2.7768	5.2123	-249.0200	55.0000	739536.489991
67.8171	-2.7768	5.2123	-249.0200	55.0000	739536.489991
67.9334	-2.7768	5.2123	-257.5600	55.0000	739536.489991
68.0334	-2.7768	5.2123	-264.8800	55.0000	739536.489991
68.1503	-2.7768	5.2123	-273.4200	55.0000	739536.489991
68.2668	-2.7768	5.2123	-281.9600	55.0000	739536.489991
68.3683	-2.7768	5.2123	-286.8400	55.0000	739536.489991
68.4686	-2.7768	5.2123	-286.8400	55.0000	739536.489991
68.5837	-2.7768	5.2123	-288.0600	55.0000	739536.489991
68.6852	-2.7768	5.2123	-295.3800	55.0000	739536.489991
68.8006	-2.7768	5.2123	-303.9200	55.0000	739536.489991
68.9168	-2.7768	5.2123	-312.4600	55.0000	739536.489991
69.0173	-2.7768	5.2123	-312.4600	55.0000	739536.489991
69.1337	-2.7768	5.2123	-312.4600	55.0000	739536.489991
69.2502	-2.8038	5.2419	-312.4600	55.0000	739536.489991
69.3682	-2.8983	5.3451	-312.4600	55.0000	739536.489991
69.4836	-2.9929	5.4484	-312.4600	55.0000	739536.489991
69.6004	-3.0469	5.5074	-312.4600	55.0000	739536.489991
69.7171	-3.0469	5.5074	-319.7800	55.0000	739536.489991
69.8336	-3.0469	5.5074	-328.3200	55.0000	739536.489991
69.9503	-3.0469	5.5074	-336.8600	55.0000	739536.489991
70.0669	-3.0469	5.5074	-345.4000	55.0000	739536.489991
70.1671	-3.0469	5.5074	-352.7200	55.0000	739536.489991
70.2853	-3.0469	5.5074	-361.2600	55.0000	739536.489991
70.3854	-3.0469	5.5074	-363.7000	55.0000	739536.489991
70.5001	-3.0469	5.5074	-363.7000	55.0000	739536.489991
70.6006	-3.1666	5.4997	-363.7000	55.0000	739536.489991
70.7171	-3.3063	5.4907	-363.7000	55.0000	739536.489991
70.8340	-3.4460	5.4816	-363.7000	55.0000	739536.489991
70.9503	-3.5857	5.4726	-363.7000	55.0000	739536.489991
71.0669	-3.7254	5.4636	-363.7000	55.0000	739536.489991
71.1685	-3.8452	5.4558	-363.7000	55.0000	739536.489991
71.2836	-3.8651	5.4545	-363.7000	55.0000	739536.489991
71.4002	-3.8651	5.4545	-368.5800	55.0000	739536.489991
71.5015	-3.8651	5.4545	-375.9000	55.0000	739536.489991
71.6167	-3.8651	5.4545	-384.4400	55.0000	739536.489991
71.7168	-3.8651	5.4545	-391.7600	55.0000	739536.489991
71.8170	-3.8651	5.4545	-395.4200	55.0000	739536.489991
71.9336	-3.8651	5.4545	-395.4200	55.0000	739536.489991
72.0502	-3.8651	5.4545	-395.4200	55.0000	739536.489991
72.1670	-3.8651	5.4545	-396.6400	55.0000	739536.489991
72.2835	-3.9583	5.3789	-399.0800	55.0000	739536.489991
72.3837	-4.0515	5.3032	-399.0800	55.0000	739536.489991
72.5002	-4.1601	5.2150	-399.0800	55.0000	739536.489991
72.6003	-4.2533	5.1393	-399.0800	55.0000	739536.489991
72.7169	-4.3620	5.0511	-399.0800	55.0000	739536.489991
72.8170	-4.4551	4.9754	-399.0800	55.0000	739536.489991
72.9336	-4.5638	4.8872	-399.0800	55.0000	739536.489991
73.0340	-4.6569	4.8115	-399.0800	55.0000	739536.489991
73.1502	-4.7656	4.7233	-399.0800	55.0000	739536.489991
73.2502	-4.8588	4.6476	-399.0800	55.0000	739536.489991
73.3669	-4.9674	4.5594	-399.0800	55.0000	739536.489991
73.4836	-4.9674	4.5594	-402.7400	55.0000	739536.489991
73.5837	-4.9674	4.5594	-410.0600	55.0000	739536.489991
73.7009	-4.9674	4.5594	-418.6000	55.0000	739536.489991
73.8168	-4.9674	4.5594	-418.6000	55.0000	739536.489991
73.9337	-4.9674	4.5594	-418.6000	55.0000	739536.489991
74.0503	-4.9153	4.6447	-418.6000	55.0000	739536.489991
74.1670	-4.8424	4.7642	-418.6000	55.0000	739536.489991
74.2671	-4.7799	4.8666	-418.6000	55.0000	739536.489991
74.3702	-4.7174	4.9691	-418.6000	55.0000	739536.489991
74.4836	-4.6444	5.0886	-418.6000	55.0000	739536.489991
74.6002	-4.5715	5.2081	-418.6000	55.0000	739536.489991
74.7005	-4.5090	5.3105	-418.6000	55.0000	739536.489991
74.8171	-4.4360	5.4300	-418.6000	55.0000	739536.489991
74.9335	-4.3631	5.5495	-418.6000	55.0000	739536.489991
75.0337	-4.3422	5.5836	-418.6000	55.0000	739536.489991
75.1502	-4.3422	5.5836	-418.6000	55.0000	739536.489991
75.2668	-4.3422	5.5836	-418.6000	55.0000	739536.489991
75.3670	-4.3422	5.5836	-418.6000	55.0000	739536.489991
75.4671	-4.3422	5.5836	-418.6000	55.0000	739536.489991
75.5837	-4.3422	5.5836	-418.6000	55.0000	739536.489991
75.7004	-4.3422	5.5836	-418.6000	55.0000	739536.489991
75.8170	-4.3422	5.5836	-418.6000	55.0000	739536.489991
75.9335	-4.3422	5.5836	-418.6000	55.0000	739536.489991
76.0502	-4.3422	5.5836	-418.6000	55.0000	739536.489991
76.1502	-4.3422	5.5836	-418.6000	55.0000	739536.489991
76.2669	-4.3422	5.5836	-418.6000	55.0000	739536.489991
76.3670	-4.3422	5.5836	-418.6000	55.0000	739536.489991
76.4836	-4.3422	5.5836	-418.6000	55.0000	739536.489991
76.6009	-4.3422	5.5836	-418.6000	55.0000	739536.489991
76.7169	-4.3422	5.5836	-418.6000	55.0000	739536.489991
76.8339	-4.3422	5.5836	-418.6000	55.0000	739536.489991
76.9502	-4.3422	5.5836	-418.6000	55.0000	739536.489991
77.0671	-4.3422	5.5836	-418.6000	55.0000	739536.489991
77.1673	-4.3422	5.5836	-418.6000	55.0000	739536.489991
77.2835	-4.3422	5.5836	-418.6000	55.0000	739536.489991
77.4018	-4.3214	5.6178	-418.6000	55.0000	739536.489991
77.5019	-4.2589	5.7202	-418.6000	55.0000	739536.489991
77.6169	-4.1859	5.8397	-418.6000	55.0000	739536.489991
77.7174	-4.1443	5.8738	-418.6000	55.0000	739536.489991
77.8336	-4.1078	5.8738	-418.6000	55.0000	739536.489991
77.9502	-4.0713	5.8738	-418.6000	55.0000	739536.489991
78.0672	-4.0348	5.8738	-418.6000	55.0000	739536.489991
78.1673	-4.0036	5.8738	-418.6000	55.0000	739536.489991
78.2837	-3.9671	5.8738	-418.6000	55.0000	739536.489991
78.4003	-3.9306	5.8738	-418.6000	55.0000	739536.489991
78.5020	-3.8994	5.8738	-418.6000	55.0000	739536.489991
78.6021	-3.8890	5.8738	-418.6000	55.0000	739536.489991
78.7171	-3.8890	5.8738	-423.4800	55.0000	739536.489991
78.8172	-3.8890	5.8738	-430.8000	55.0000	739536.489991
78.9338	-3.8890	5.8738	-439.3400	55.0000	739536.489991
79.0504	-3.8890	5.8738	-447.8800	55.0000	739536.489991
79.1669	-3.8890	5.8738	-456.4200	55.0000	739536.489991
79.2837	-3.8890	5.8738	-464.9600	55.0000	739536.489991
79.4022	-3.8890	5.8738	-473.5000	55.0000	739536.489991
79.5168	-3.8890	5.8738	-482.0400	55.0000	739536.489991
79.6169	-3.8890	5.8738	-489.3600	55.0000	739536.489991
79.7335	-3.8890	5.8738	-497.9000	55.0000	739536.489991
79.8504	-3.8890	5.8738	-506.4400	55.0000	739536.489991
79.9668	-3.8890	5.8738	-514.9800	55.0000	739536.489991
80.0669	-3.8890	5.8738	-522.3000	55.0000	739536.489991
80.1670	-3.8890	5.8738	-525.9600	55.0000	739536.489991
80.2837	-3.8502	5.8641	-525.9600	55.0000	739536.489991
80.4002	-3.7143	5.8302	-525.9600	55.0000	739536.489991
80.5172	-3.5785	5.7962	-525.9600	55.0000	739536.489991
80.6179	-3.4621	5.7671	-525.9600	55.0000	739536.489991
80.7336	-3.3263	5.7331	-525.9600	55.0000	739536.489991
80.8503	-3.1905	5.6992	-525.9600	55.0000	739536.489991
80.9668	-3.1905	5.6992	-518.6400	55.0000	739536.489991
81.0670	-3.1905	5.6992	-511.3200	55.0000	739536.489991
81.1836	-3.1905	5.6992	-502.7800	55.0000	739536.489991
81.2837	-3.1905	5.6992	-495.4600	55.0000	739536.489991
81.3849	-3.1905	5.6992	-488.1400	55.0000	739536.489991
81.5020	-3.1905	5.6992	-484.4800	55.0000	739536.489991
81.6170	-3.1678	5.6662	-484.4800	55.0000	739536.489991
81.7182	-3.0999	5.5673	-484.4800	55.0000	739536.489991
81.8335	-3.0206	5.4519	-484.4800	55.0000	739536.489991
81.9502	-2.9414	5.3365	-484.4800	55.0000	739536.489991
82.0506	-2.8734	5.2375	-484.4800	55.0000	739536.489991
82.1669	-2.8179	5.1544	-479.6000	55.0000	739536.489991
82.2671	-2.8179	5.1544	-472.2800	55.0000	739536.489991
82.3672	-2.8179	5.1544	-464.9600	55.0000	739536.489991
82.4834	-2.8179	5.1544	-456.4200	55.0000	739536.489991
82.5838	-2.8179	5.1544	-449.1000	55.0000	739536.489991
82.7012	-2.8179	5.1544	-441.7800	55.0000	739536.489991
82.8185	-2.8179	5.1544	-441.7800	55.0000	739536.489991
82.9337	-2.8179	5.1544	-441.7800	55.0000	739536.489991
83.0505	-2.8265	5.0950	-441.7800	55.0000	739536.489991
83.1670	-2.8379	5.0158	-441.7800	55.0000	739536.489991
83.2840	-2.8379	5.0158	-434.4600	55.0000	739536.489991
83.4019	-2.8379	5.0158	-425.9200	55.0000	739536.489991
83.5169	-2.8379	5.0158	-417.3800	55.0000	739536.489991
83.6171	-2.8379	5.0158	-414.9400	55.0000	739536.489991
83.7358	-2.8839	4.9504	-414.9400	55.0000	739536.489991
83.8503	-2.9226	4.8921	-414.9400	55.0000	739536.489991
83.9670	-3.0030	4.7775	-414.9400	55.0000	739536.489991
84.0837	-3.0834	4.6629	-414.9400	55.0000	739536.489991
84.2003	-3.1638	4.5483	-414.9400	55.0000	739536.489991
84.3171	-3.2443	4.4337	-414.9400	55.0000	739536.489991
84.4336	-3.2443	4.4337	-422.2600	55.0000	739536.489991
84.5339	-3.2443	4.4337	-429.5800	55.0000	739536.489991
84.6503	-3.2443	4.4337	-435.6800	55.0000	739536.489991
84.7670	-3.2443	4.4337	-435.6800	55.0000	739536.489991
84.8855	-3.2789	4.2981	-435.6800	55.0000	739536.489991
85.0018	-3.3135	4.1624	-435.6800	55.0000	739536.489991
85.1172	-3.3481	4.0268	-435.6800	55.0000	739536.489991
85.2336	-3.3828	3.8911	-435.6800	55.0000	739536.489991
85.3504	-3.4174	3.7555	-435.6800	55.0000	739536.489991
85.4671	-3.4520	3.6198	-435.6800	55.0000	739536.489991
85.5837	-3.4867	3.4842	-435.6800	55.0000	739536.489991
85.6839	-3.5163	3.3679	-435.6800	55.0000	739536.489991
85.8002	-3.5468	3.2313	-440.5600	55.0000	739536.489991
85.9172	-3.5579	3.0919	-449.1000	55.0000	739536.489991
86.0336	-3.5482	2.9524	-457.6400	55.0000	739536.489991
86.1337	-3.5482	2.9524	-464.9600	55.0000	739536.489991
86.2503	-3.5482	2.9524	-473.5000	55.0000	739536.489991
86.3668	-3.5482	2.9524	-482.0400	55.0000	739536.489991
86.4836	-3.5482	2.9524	-490.5800	55.0000	739536.489991
86.6001	-3.5482	2.9524	-499.1200	55.0000	739536.489991
86.7003	-3.5482	2.9524	-506.4400	55.0000	739536.489991
86.8168	-3.5482	2.9524	-514.9800	55.0000	739536.489991
86.9334	-3.5482	2.9524	-517.4200	55.0000	739536.489991
87.0336	-3.5482	2.9524	-517.4200	55.0000	739536.489991
87.1504	-3.5482	2.9524	-517.4200	55.0000	739536.489991
87.2670	-3.4190	2.8986	-517.4200	55.0000	739536.489991
87.3671	-3.3082	2.8525	-517.4200	55.0000	739536.489991
87.4837	-3.1789	2.7988	-517.4200	55.0000	739536.489991
87.5837	-3.0681	2.7527	-517.4200	55.0000	739536.489991
87.7017	-2.9388	2.6990	-517.4200	55.0000	739536.489991
87.8018	-2.8280	2.6529	-517.4200	55.0000	739536.489991
87.9173	-2.7172	2.6068	-517.4200	55.0000	739536.489991
88.0340	-2.7172	2.6068	-524.7400	55.0000	739536.489991
88.1502	-2.7172	2.6068	-533.2800	55.0000	739536.489991
88.2504	-2.7172	2.6068	-536.9400	55.0000	739536.489991
88.3670	-2.7172	2.6068	-536.9400	55.0000	739536.489991
88.4836	-2.5974	2.6004	-536.9400	55.0000	739536.489991
88.6004	-2.4576	2.5929	-536.9400	55.0000	739536.489991
88.7170	-2.3178	2.5855	-536.9400	55.0000	739536.489991
88.8336	-2.1780	2.5780	-536.9400	55.0000	739536.489991
88.9338	-2.0582	2.5716	-536.9400	55.0000	739536.489991
89.0502	-1.9383	2.5652	-536.9400	55.0000	739536.489991
89.1504	-1.8185	2.5588	-536.9400	55.0000	739536.489991
89.2670	-1.6787	2.5513	-536.9400	55.0000	739536.489991
89.3834	-1.5389	2.5438	-536.9400	55.0000	739536.489991
89.4835	-1.4191	2.5374	-536.9400	55.0000	739536.489991
89.5838	-1.2992	2.5310	-536.9400	55.0000	739536.489991
89.7017	-1.2793	2.5299	-539.3800	55.0000	739536.489991
89.8187	-1.2793	2.5299	-547.9200	55.0000	739536.489991
89.9338	-1.2793	2.5299	-556.4600	55.0000	739536.489991
90.0501	-1.2793	2.5299	-565.0000	55.0000	739536.489991
90.1670	-1.2793	2.5299	-573.5400	55.0000	739536.489991
90.2836	-1.2793	2.5299	-580.8600	55.0000	739536.489991
90.4003	-1.2793	2.5299	-580.8600	55.0000	739536.489991
90.5188	-1.2490	2.5561	-580.8600	55.0000	739536.489991
90.6335	-1.1431	2.6477	-580.8600	55.0000	739536.489991
90.7337	-1.0524	2.7262	-580.8600	55.0000	739536.489991
90.8502	-0.9465	2.8178	-580.8600	55.0000	739536.489991
90.9504	-0.9465	2.8178	-585.7400	55.0000	739536.489991
91.0668	-0.9465	2.8178	-594.2800	55.0000	739536.489991
91.1669	-0.9465	2.8178	-601.6000	55.0000	739536.489991
91.2671	-0.9465	2.8178	-608.9200	55.0000	739536.489991
91.3836	-0.9465	2.8178	-616.2400	55.0000	739536.489991
91.5003	-0.9465	2.8178	-616.2400	55.0000	739536.489991
91.6004	-0.9465	2.8178	-616.2400	55.0000	739536.489991
91.7178	-0.9465	2.8178	-616.2400	55.0000	739536.489991
91.8188	-0.9465	2.8178	-616.2400	55.0000	739536.489991
91.9334	-0.9703	2.7207	-616.2400	55.0000	739536.489991
92.0337	-0.9988	2.6041	-616.2400	55.0000	739536.489991
92.1508	-1.0321	2.4681	-616.2400	55.0000	739536.489991
92.2669	-1.0654	2.3321	-616.2400	55.0000	739536.489991
92.3839	-1.0762	2.2936	-607.7000	55.0000	739536.489991
92.5003	-1.0762	2.2936	-599.1600	55.0000	739536.489991
92.6171	-1.0762	2.2936	-590.6200	55.0000	739536.489991
92.7187	-1.0762	2.2936	-583.3000	55.0000	739536.489991
92.8335	-1.0762	2.2936	-574.7600	55.0000	739536.489991
92.9337	-1.0762	2.2936	-567.4400	55.0000	739536.489991
93.0339	-1.0762	2.2936	-560.1200	55.0000	739536.489991
93.1341	-1.0762	2.2936	-552.8000	55.0000	739536.489991
93.2504	-1.0762	2.2936	-544.2600	55.0000	739536.489991
93.3670	-1.0762	2.2936	-535.7200	55.0000	739536.489991
93.4835	-1.0762	2.2936	-527.1800	55.0000	739536.489991
93.5838	-1.0762	2.2936	-519.8600	55.0000	739536.489991
93.7020	-1.0762	2.2936	-511.3200	55.0000	739536.489991
93.8169	-1.0762	2.2936	-502.7800	55.0000	739536.489991
93.9338	-1.0762	2.2936	-494.2400	55.0000	739536.489991
94.0503	-1.0762	2.2936	-485.7000	55.0000	739536.489991
94.1671	-1.0762	2.2936	-477.1600	55.0000	739536.489991
94.2836	-1.0762	2.2936	-477.1600	55.0000	739536.489991
94.3837	-1.0762	2.2936	-477.1600	55.0000	739536.489991
94.5004	-1.0762	2.2936	-477.1600	55.0000	739536.489991
94.6188	-1.0762	2.2936	-477.1600	55.0000	739536.489991
94.7337	-1.0762	2.2936	-477.1600	55.0000	739536.489991
94.8505	-1.0670	2.2758	-477.1600	55.0000	739536.489991
94.9670	-1.0031	2.1513	-477.1600	55.0000	739536.489991
95.0835	-0.9925	2.1248	-477.1600	55.0000	739536.489991
95.1836	-0.9925	2.1248	-477.1600	55.0000	739536.489991
95.2837	-0.9925	2.1248	-483.2600	55.0000	739536.489991
95.4004	-0.9925	2.1248	-489.3600	55.0000	739536.489991
95.5170	-0.9903	2.1247	-489.3600	55.0000	739536.489991
95.6181	-0.9859	2.1244	-489.3600	55.0000	739536.489991
95.7336	-0.9780	2.1231	-489.3600	55.0000	739536.489991
95.8503	-0.9660	2.1206	-489.3600	55.0000	739536.489991
95.9669	-0.9541	2.1164	-489.3600	55.0000	739536.489991
96.0836	-0.9541	2.1164	-480.8200	55.0000	739536.489991
96.1837	-0.9541	2.1164	-473.5000	55.0000	739536.489991
96.3006	-0.9541	2.1164	-464.9600	55.0000	739536.489991
96.4186	-0.9541	2.1164	-462.5200	55.0000	739536.489991
96.5189	-0.9541	2.1164	-462.5200	55.0000	739536.489991
96.6334	-0.9384	2.1092	-462.5200	55.0000	739536.489991
96.7336	-0.9097	2.0869	-462.5200	55.0000	739536.489991
96.8502	-0.8769	2.0263	-462.5200	55.0000	739536.489991
96.9670	-0.8465	1.8897	-462.5200	55.0000	739536.489991
97.0836	-0.8162	1.7530	-462.5200	55.0000	739536.489991
97.2004	-0.7858	1.6163	-462.5200	55.0000	739536.489991
97.3170	-0.7555	1.4796	-462.5200	55.0000	739536.489991
97.4338	-0.7251	1.3430	-462.5200	55.0000	739536.489991
97.5502	-0.6948	1.2063	-462.5200	55.0000	739536.489991
97.6670	-0.6644	1.0696	-462.5200	55.0000	739536.489991
97.7837	-0.6341	0.9330	-462.5200	55.0000	739536.489991
97.9004	-0.6037	0.7963	-462.5200	55.0000	739536.489991
98.0185	-0.5734	0.6596	-462.5200	55.0000	739536.489991
98.1189	-0.5604	0.6010	-462.5200	55.0000	739536.489991
98.2337	-0.5604	0.6010	-462.5200	55.0000	739536.489991
98.3352	-0.5647	0.6206	-462.5200	55.0000	739536.489991
98.4669	-0.5950	0.7572	-462.5200	55.0000	739536.489991
98.5838	-0.6297	0.9134	-462.5200	55.0000	739536.489991
98.7002	-0.6601	1.0501	-462.5200	55.0000	739536.489991
98.8003	-0.6861	1.1673	-462.5200	55.0000	739536.489991
98.9003	-0.6991	1.2258	-462.5200	55.0000	739536.489991
99.0169	-0.6991	1.2258	-458.8600	55.0000	739536.489991
99.1336	-0.6991	1.2258	-450.3200	55.0000	739536.489991
99.2503	-0.6991	1.2258	-441.7800	55.0000	739536.489991
99.3669	-0.6991	1.2258	-433.2400	55.0000	739536.489991
99.4670	-0.6991	1.2258	-425.9200	55.0000	739536.489991
99.5836	-0.6991	1.2258	-417.3800	55.0000	739536.489991
99.7004	-0.6991	1.2258	-408.8400	55.0000	739536.489991
99.8005	-0.6991	1.2258	-408.8400	55.0000	739536.489991
99.9169	-0.7649	1.1505	-408.8400	55.0000	739536.489991
100.0186	-0.8439	1.0602	-408.8400	55.0000	739536.489991
100.1339	-0.8687	1.0021	-408.8400	55.0000	739536.489991
100.2503	-0.8710	0.9539	-408.8400	55.0000	739536.489991
100.3504	-0.8973	0.9237	-406.4000	55.0000	739536.489991
100.4669	-0.8973	0.9237	-397.8600	55.0000	739536.489991
100.5670	-0.8973	0.9237	-390.5400	55.0000	739536.489991
100.6674	-0.8973	0.9237	-383.2200	55.0000	739536.489991
100.7837	-0.8973	0.9237	-374.6800	55.0000	739536.489991
100.9004	-0.8973	0.9237	-368.5800	55.0000	739536.489991
101.0170	-0.8973	0.9237	-368.5800	55.0000	739536.489991
101.1353	-0.8973	0.9237	-364.9200	55.0000	739536.489991
101.2503	-0.8973	0.9237	-356.3800	55.0000	739536.489991
101.3670	-0.8973	0.9237	-356.3800	55.0000	739536.489991
101.4839	-0.9019	0.9197	-356.3800	55.0000	739536.489991
101.6003	-0.9053	0.9068	-356.3800	55.0000	739536.489991
101.7170	-0.9137	0.8914	-356.3800	55.0000	739536.489991
101.8335	-0.9541	0.8786	-356.3800	55.0000	739536.489991
101.9338	-0.9882	0.8719	-356.3800	55.0000	739536.489991
102.0356	-0.9882	0.8719	-356.3800	55.0000	739536.489991
102.1502	-0.9882	0.8719	-356.3800	55.0000	739536.489991
102.2503	-0.9882	0.8719	-362.4800	55.0000	739536.489991
102.3504	-1.0676	0.8620	-367.3600	55.0000	739536.489991
102.4670	-1.2065	0.8441	-367.3600	55.0000	739536.489991
102.5671	-1.3255	0.8287	-367.3600	55.0000	739536.489991
102.6837	-1.4643	0.8108	-367.3600	55.0000	739536.489991
102.8003	-1.6032	0.7929	-367.3600	55.0000	739536.489991
102.9186	-1.7420	0.7749	-367.3600	55.0000	739536.489991
103.0353	-1.8809	0.7570	-367.3600	55.0000	739536.489991
103.1504	-2.0197	0.7391	-367.3600	55.0000	739536.489991
103.2513	-2.1387	0.7237	-367.3600	55.0000	739536.489991
103.3669	-2.2776	0.7058	-367.3600	55.0000	739536.489991
103.4838	-2.4164	0.6878	-367.3600	55.0000	739536.489991
103.6002	-2.5553	0.6699	-367.3600	55.0000	739536.489991
103.7003	-2.6743	0.6545	-367.3600	55.0000	739536.489991
103.8011	-2.7933	0.6392	-367.3600	55.0000	739536.489991
103.9169	-2.8330	0.6340	-362.4800	55.0000	739536.489991
104.0172	-2.8330	0.6340	-355.1600	55.0000	739536.489991
104.1337	-2.8330	0.6340	-346.6200	55.0000	739536.489991
104.2338	-2.8330	0.6340	-339.3000	55.0000	739536.489991
104.3353	-2.8330	0.6340	-331.9800	55.0000	739536.489991
104.4354	-2.8330	0.6340	-324.6600	55.0000	739536.489991
104.5504	-2.8330	0.6340	-316.1200	55.0000	739536.489991
104.6507	-2.8330	0.6340	-308.8000	55.0000	739536.489991
104.7509	-2.8330	0.6340	-308.8000	55.0000	739536.489991
104.8670	-2.8956	0.7120	-308.8000	55.0000	739536.489991
104.9837	-2.9834	0.8211	-308.8000	55.0000	739536.489991
105.1003	-3.0612	0.8899	-308.8000	55.0000	739536.489991
105.2005	-3.1327	0.9637	-308.8000	55.0000	739536.489991
105.3171	-3.1954	1.0416	-306.3600	55.0000	739536.489991
105.4337	-3.1954	1.0416	-297.8200	55.0000	739536.489991
105.5506	-3.1954	1.0416	-289.2800	55.0000	739536.489991
105.6672	-3.1954	1.0416	-280.7400	55.0000	739536.489991
105.7838	-3.1954	1.0416	-272.2000	55.0000	739536.489991
105.9004	-3.1954	1.0416	-263.6600	55.0000	739536.489991
106.0172	-3.1954	1.0416	-263.6600	55.0000	739536.489991
106.1336	-3.1954	1.0416	-263.6600	55.0000	739536.489991
106.2337	-3.1954	1.0416	-263.6600	55.0000	739536.489991
106.3503	-3.1954	1.0416	-258.7800	55.0000	739536.489991
106.4670	-3.1954	1.0416	-250.2400	55.0000	739536.489991
106.5674	-3.1954	1.0416	-242.9200	55.0000	739536.489991
106.6837	-3.1954	1.0416	-234.3800	55.0000	739536.489991
106.8007	-3.1954	1.0416	-230.7200	55.0000	739536.489991
106.9170	-3.1954	1.0416	-230.7200	55.0000	739536.489991
107.0340	-3.1954	1.0416	-230.7200	55.0000	739536.489991
107.1352	-3.1321	1.1190	-230.7200	55.0000	739536.489991
107.2501	-3.0434	1.2274	-230.7200	55.0000	739536.489991
107.3502	-2.9675	1.3203	-230.7200	55.0000	739536.489991
107.4505	-2.8915	1.4132	-230.7200	55.0000	739536.489991
107.5670	-2.8028	1.5215	-230.7200	55.0000	739536.489991
107.6840	-2.7772	1.5522	-223.4000	55.0000	739536.489991
107.8003	-2.7772	1.5522	-214.8600	55.0000	739536.489991
107.9169	-2.7772	1.5522	-208.7600	55.0000	739536.489991
108.0170	-2.7772	1.5522	-208.7600	55.0000	739536.489991
108.1171	-2.7772	1.5522	-208.7600	55.0000	739536.489991
108.2172	-2.7071	1.5907	-208.7600	55.0000	739536.489991
108.3335	-2.5843	1.6581	-208.7600	55.0000	739536.489991
108.4504	-2.4616	1.7254	-208.7600	55.0000	739536.489991
108.5521	-2.3564	1.7832	-208.7600	55.0000	739536.489991
108.6522	-2.2512	1.8409	-208.7600	55.0000	739536.489991
108.7670	-2.1285	1.9083	-208.7600	55.0000	739536.489991
108.8837	-2.0057	1.9756	-208.7600	55.0000	739536.489991
109.0006	-1.8830	2.0430	-208.7600	55.0000	739536.489991
109.1171	-1.7603	2.1104	-208.7600	55.0000	739536.489991
109.2339	-1.6376	2.1777	-208.7600	55.0000	739536.489991
109.3522	-1.5148	2.2451	-208.7600	55.0000	739536.489991
109.4670	-1.3921	2.3124	-208.7600	55.0000	739536.489991
109.5837	-1.2694	2.3798	-208.7600	55.0000	739536.489991
109.7004	-1.1466	2.4472	-208.7600	55.0000	739536.489991
109.8005	-1.1466	2.4472	-208.7600	55.0000	739536.489991
109.9170	-1.1466	2.4472	-211.2000	55.0000	739536.489991
110.0171	-1.1466	2.4472	-218.5200	55.0000	739536.489991
110.1337	-1.1466	2.4472	-227.0600	55.0000	739536.489991
110.2503	-1.1466	2.4472	-227.0600	55.0000	739536.489991
110.3670	-1.1466	2.4472	-227.0600	55.0000	739536.489991
110.4766	-1.0649	2.5350	-227.0600	55.0000	739536.489991
110.5836	-0.9695	2.6375	-227.0600	55.0000	739536.489991
110.7003	-0.8741	2.7400	-227.0600	55.0000	739536.489991
110.8170	-0.7788	2.8425	-227.0600	55.0000	739536.489991
110.9357	-0.6834	2.9450	-227.0600	55.0000	739536.489991
111.0501	-0.6834	2.9450	-234.3800	55.0000	739536.489991
111.1519	-0.6834	2.9450	-241.7000	55.0000	739536.489991
111.2520	-0.6834	2.9450	-249.0200	55.0000	739536.489991
111.3523	-0.6834	2.9450	-256.3400	55.0000	739536.489991
111.4668	-0.6834	2.9450	-264.8800	55.0000	739536.489991
111.5670	-0.6834	2.9450	-266.1000	55.0000	739536.489991
111.6837	-0.6834	2.9450	-266.1000	55.0000	739536.489991
111.8003	-0.6834	2.9450	-266.1000	55.0000	739536.489991
111.9170	-0.6834	2.9450	-266.1000	55.0000	739536.489991
112.0337	-0.6902	2.8452	-266.1000	55.0000	739536.489991
112.1504	-0.6997	2.7055	-266.1000	55.0000	739536.489991
112.2519	-0.7079	2.5858	-266.1000	55.0000	739536.489991
112.3671	-0.7174	2.4461	-266.1000	55.0000	739536.489991
112.4837	-0.7269	2.3064	-266.1000	55.0000	739536.489991
112.6002	-0.7365	2.1668	-266.1000	55.0000	739536.489991
112.7171	-0.7460	2.0271	-266.1000	55.0000	739536.489991
112.8336	-0.7555	1.8874	-266.1000	55.0000	739536.489991
112.9509	-0.7650	1.7477	-266.1000	55.0000	739536.489991
113.0523	-0.7732	1.6280	-266.1000	55.0000	739536.489991
113.1672	-0.7759	1.5881	-266.1000	55.0000	739536.489991
113.2837	-0.7759	1.5881	-261.2200	55.0000	739536.489991
113.4004	-0.7759	1.5881	-252.6800	55.0000	739536.489991
113.5170	-0.7759	1.5881	-244.1400	55.0000	739536.489991
113.6335	-0.7759	1.5881	-235.6000	55.0000	739536.489991
113.7519	-0.7759	1.5881	-227.0600	55.0000	739536.489991
113.8521	-0.7759	1.5881	-219.7400	55.0000	739536.489991
113.9670	-0.7759	1.5881	-211.2000	55.0000	739536.489991
114.0671	-0.7759	1.5881	-203.8800	55.0000	739536.489991
114.1835	-0.7759	1.5881	-195.3400	55.0000	739536.489991
114.2837	-0.7759	1.5881	-188.0200	55.0000	739536.489991
114.4007	-0.7759	1.5881	-179.4800	55.0000	739536.489991
114.5169	-0.7759	1.5881	-170.9400	55.0000	739536.489991
114.6170	-0.7759	1.5881	-163.6200	55.0000	739536.489991
114.7337	-0.7759	1.5881	-155.0800	55.0000	739536.489991
114.8503	-0.7759	1.5881	-146.5400	55.0000	739536.489991
114.9679	-0.7759	1.5881	-138.0000	55.0000	739536.489991
115.0835	-0.7759	1.5881	-134.3400	55.0000	739536.489991
115.1837	-0.7759	1.5881	-134.3400	55.0000	739536.489991
115.2838	-0.7759	1.5881	-134.3400	55.0000	739536.489991
115.4004	-0.7759	1.5881	-125.8000	55.0000	739536.489991
115.5172	-0.7759	1.5881	-120.9200	55.0000	739536.489991
115.6335	-0.7759	1.5881	-120.9200	55.0000	739536.489991
115.7504	-0.7553	1.5538	-120.9200	55.0000	739536.489991
115.8671	-0.6834	1.4337	-120.9200	55.0000	739536.489991
115.9674	-0.6218	1.3307	-120.9200	55.0000	739536.489991
116.0838	-0.5498	1.2106	-120.9200	55.0000	739536.489991
116.2005	-0.4779	1.0905	-120.9200	55.0000	739536.489991
116.3170	-0.4059	0.9704	-120.9200	55.0000	739536.489991
116.4171	-0.3443	0.8675	-120.9200	55.0000	739536.489991
116.5335	-0.2723	0.7474	-120.9200	55.0000	739536.489991
116.6501	-0.2004	0.6273	-120.9200	55.0000	739536.489991
116.7504	-0.1387	0.5243	-120.9200	55.0000	739536.489991
116.8505	-0.1269	0.4846	-120.9200	55.0000	739536.489991
116.9670	-0.1269	0.4846	-120.9200	55.0000	739536.489991
117.0836	-0.1269	0.4846	-120.9200	55.0000	739536.489991
117.2004	-0.1578	0.5360	-120.9200	55.0000	739536.489991
117.3170	-0.2297	0.6561	-120.9200	55.0000	739536.489991
117.4171	-0.2913	0.7591	-120.9200	55.0000	739536.489991
117.5335	-0.3633	0.8792	-120.9200	55.0000	739536.489991
117.6512	-0.4352	0.9993	-120.9200	55.0000	739536.489991
117.7669	-0.5072	1.1194	-120.9200	55.0000	739536.489991
117.8671	-0.5688	1.2223	-120.9200	55.0000	739536.489991
117.9840	-0.6408	1.3424	-120.9200	55.0000	739536.489991
118.1003	-0.7127	1.4626	-120.9200	55.0000	739536.489991
118.2171	-0.7846	1.5827	-120.9200	55.0000	739536.489991
118.3335	-0.8566	1.7028	-120.9200	55.0000	739536.489991
118.4338	-0.8669	1.7628	-120.9200	55.0000	739536.489991
118.5521	-0.8669	1.8229	-120.9200	55.0000	739536.489991
118.6668	-0.8669	1.8400	-120.9200	55.0000	739536.489991
118.7674	-0.8669	1.8400	-118.4800	55.0000	739536.489991
118.8836	-0.8669	1.8400	-109.9400	55.0000	739536.489991
119.0008	-0.8669	1.8400	-101.4000	55.0000	739536.489991
119.1171	-0.8669	1.8400	-92.8600	55.0000	739536.489991
119.2337	-0.8669	1.8400	-90.4200	55.0000	739536.489991
119.3518	-0.8664	1.7800	-90.4200	55.0000	739536.489991
119.4687	-0.8654	1.6400	-90.4200	55.0000	739536.489991
119.5843	-0.8644	1.5000	-90.4200	55.0000	739536.489991
119.7004	-0.8633	1.3600	-90.4200	55.0000	739536.489991
119.8170	-0.8623	1.2200	-90.4200	55.0000	739536.489991
119.9172	-0.8614	1.1000	-90.4200	55.0000	739536.489991
120.0338	-0.8608	0.9600	-89.2000	55.0000	739536.489991
120.1505	-0.8608	0.9600	-80.6600	55.0000	739536.489991
120.2522	-0.8608	0.9600	-73.3400	55.0000	739536.489991
120.3669	-0.8608	0.9600	-64.8000	55.0000	739536.489991
120.4670	-0.8608	0.9600	-57.4800	55.0000	739536.489991
120.5836	-0.8608	0.9600	-50.1600	55.0000	739536.489991
120.7003	-0.8608	0.9600	-50.1600	55.0000	739536.489991
120.8169	-0.8608	0.9600	-45.2800	55.0000	739536.489991
120.9171	-0.8608	0.9600	-37.9600	55.0000	739536.489991
121.0337	-0.8608	0.9600	-29.4200	55.0000	739536.489991
121.1343	-0.8608	0.9600	-22.1000	55.0000	739536.489991
121.2503	-0.8608	0.9600	-13.5600	55.0000	739536.489991
121.3504	-0.8608	0.9600	-13.5600	55.0000	739536.489991
121.4672	-0.8608	0.9600	-13.5600	55.0000	739536.489991
121.5687	-0.8803	0.9554	-13.5600	55.0000	739536.489991
121.6835	-0.8764	0.9372	-13.5600	55.0000	739536.489991
121.7845	-0.8842	0.9180	-13.5600	55.0000	739536.489991
121.9004	-0.9420	0.8892	-13.5600	55.0000	739536.489991
122.0170	-0.9762	0.8754	-13.5600	55.0000	739536.489991
122.1335	-0.9762	0.8754	-13.5600	55.0000	739536.489991
122.2337	-1.0151	0.8661	-13.5600	55.0000	739536.489991
122.3338	-1.1317	0.8379	-13.5600	55.0000	739536.489991
122.4504	-1.2678	0.8051	-13.5600	55.0000	739536.489991
122.5519	-1.3845	0.7770	-13.5600	55.0000	739536.489991
122.6671	-1.5206	0.7442	-13.5600	55.0000	739536.489991
122.7837	-1.6567	0.7113	-13.5600	55.0000	739536.489991
122.9004	-1.7928	0.6785	-13.5600	55.0000	739536.489991
123.0170	-1.9289	0.6457	-13.5600	55.0000	739536.489991
123.1337	-2.0650	0.6129	-13.5600	55.0000	739536.489991
123.2504	-2.2011	0.5800	-13.5600	55.0000	739536.489991
123.3507	-2.3177	0.5519	-13.5600	55.0000	739536.489991
123.4673	-2.3177	0.5519	-9.9000	55.0000	739536.489991
123.5849	-2.3177	0.5519	-1.3600	55.0000	739536.489991
123.7001	-2.3177	0.5519	7.1800	55.0000	739536.489991
123.8004	-2.3177	0.5519	10.8400	55.0000	739536.489991
123.9169	-2.3374	0.5557	10.8400	55.0000	739536.489991
124.0170	-2.4552	0.5782	10.8400	55.0000	739536.489991
124.1171	-2.5731	0.6008	10.8400	55.0000	739536.489991
124.2339	-2.7106	0.6271	10.8400	55.0000	739536.489991
124.3502	-2.8481	0.6534	10.8400	55.0000	739536.489991
124.4505	-2.9660	0.6760	10.8400	55.0000	739536.489991
124.5510	-3.0445	0.6911	10.8400	55.0000	739536.489991
124.6671	-3.0445	0.6911	18.1600	55.0000	739536.489991
124.7838	-3.0445	0.6911	26.7000	55.0000	739536.489991
124.8844	-3.0445	0.6911	34.0200	55.0000	739536.489991
125.0003	-3.0445	0.6911	42.5600	55.0000	739536.489991
125.1169	-3.0445	0.6911	51.1000	55.0000	739536.489991
125.2171	-3.0445	0.6911	58.4200	55.0000	739536.489991
125.3335	-3.0445	0.6911	65.7400	55.0000	739536.489991
125.4337	-3.0445	0.6911	65.7400	55.0000	739536.489991
125.5504	-3.0445	0.6911	65.7400	55.0000	739536.489991
125.6572	-3.0610	0.7275	65.7400	55.0000	739536.489991
125.7670	-3.1185	0.8552	65.7400	55.0000	739536.489991
125.8672	-3.1678	0.9646	65.7400	55.0000	739536.489991
125.9685	-3.2171	1.0740	65.7400	55.0000	739536.489991
126.0835	-3.2664	1.1834	65.7400	55.0000	739536.489991
126.2004	-3.2664	1.1834	74.2800	55.0000	739536.489991
126.3170	-3.2664	1.1834	82.8200	55.0000	739536.489991
126.4337	-3.2664	1.1834	91.3600	55.0000	739536.489991
126.5504	-3.2664	1.1834	93.8000	55.0000	739536.489991
126.6685	-3.2571	1.3231	93.8000	55.0000	739536.489991
126.7838	-3.2478	1.4628	93.8000	55.0000	739536.489991
126.9005	-3.2386	1.6024	93.8000	55.0000	739536.489991
127.0170	-3.2293	1.7421	93.8000	55.0000	739536.489991
127.1172	-3.2213	1.8619	93.8000	55.0000	739536.489991
127.2337	-3.2213	1.8619	91.3600	55.0000	739536.489991
127.3504	-3.2213	1.8619	82.8200	55.0000	739536.489991
127.4687	-3.2288	1.9214	82.8200	55.0000	739536.489991
127.5836	-3.2463	2.0603	82.8200	55.0000	739536.489991
127.6842	-3.2613	2.1794	82.8200	55.0000	739536.489991
127.8004	-3.2788	2.3183	82.8200	55.0000	739536.489991
127.9172	-3.2963	2.4572	82.8200	55.0000	739536.489991
128.0337	-3.3138	2.5961	82.8200	55.0000	739536.489991
128.1503	-3.3313	2.7350	82.8200	55.0000	739536.489991
128.2503	-3.3463	2.8540	82.8200	55.0000	739536.489991
128.3671	-3.3638	2.9929	82.8200	55.0000	739536.489991
128.4672	-3.3788	3.1120	82.8200	55.0000	739536.489991
128.5685	-3.3938	3.2311	82.8200	55.0000	739536.489991
128.6842	-3.4113	3.3700	82.8200	55.0000	739536.489991
128.8006	-3.4288	3.5089	82.8200	55.0000	739536.489991
128.9170	-3.4438	3.6279	82.8200	55.0000	739536.489991
129.0336	-3.4438	3.6279	88.9200	55.0000	739536.489991
129.1504	-3.4438	3.6279	97.4600	55.0000	739536.489991
129.2685	-3.4438	3.6279	106.0000	55.0000	739536.489991
129.3685	-3.4438	3.6279	113.3200	55.0000	739536.489991
129.4837	-3.4438	3.6279	118.2000	55.0000	739536.489991
129.5841	-3.4438	3.6279	118.2000	55.0000	739536.489991
129.6852	-3.4155	3.6808	118.2000	55.0000	739536.489991
129.7855	-3.3588	3.7866	118.2000	55.0000	739536.489991
129.9003	-3.2926	3.9099	118.2000	55.0000	739536.489991
130.0008	-3.2359	4.0157	118.2000	55.0000	739536.489991
130.1170	-3.1697	4.1391	118.2000	55.0000	739536.489991
130.2337	-3.1036	4.2625	118.2000	55.0000	739536.489991
130.3507	-3.0374	4.3858	118.2000	55.0000	739536.489991
130.4684	-2.9996	4.4563	118.2000	55.0000	739536.489991
130.5852	-2.9996	4.4563	118.2000	55.0000	739536.489991
130.7002	-2.9996	4.4563	118.2000	55.0000	739536.489991
130.8007	-2.9524	4.5445	118.2000	55.0000	739536.489991
130.9170	-2.8862	4.6679	118.2000	55.0000	739536.489991
131.0171	-2.8389	4.7560	118.2000	55.0000	739536.489991
131.1337	-2.8389	4.7560	118.2000	55.0000	739536.489991
131.2339	-2.8389	4.7560	118.2000	55.0000	739536.489991
131.3504	-2.8389	4.7560	116.9800	55.0000	739536.489991
131.4505	-2.8389	4.7560	109.6600	55.0000	739536.489991
131.5685	-2.8389	4.7560	106.0000	55.0000	739536.489991
131.6838	-2.8389	4.7560	106.0000	55.0000	739536.489991
131.7839	-2.8389	4.7560	106.0000	55.0000	739536.489991
131.9003	-2.8224	4.8137	106.0000	55.0000	739536.489991
132.0170	-2.7948	4.9098	106.0000	55.0000	739536.489991
132.1337	-2.7948	4.9098	106.0000	55.0000	739536.489991
132.2338	-2.7948	4.9098	98.6800	55.0000	739536.489991
132.3506	-2.7948	4.9098	90.1400	55.0000	739536.489991
132.4667	-2.7948	4.9098	81.6000	55.0000	739536.489991
132.5671	-2.7948	4.9098	75.5000	55.0000	739536.489991
132.6855	-2.7948	4.9098	75.5000	55.0000	739536.489991
132.8003	-2.7948	4.9098	75.5000	55.0000	739536.489991
132.9170	-2.7948	4.9098	69.4000	55.0000	739536.489991
133.0173	-2.7948	4.9098	62.0800	55.0000	739536.489991
133.1363	-2.7948	4.9098	53.5400	55.0000	739536.489991
133.2503	-2.7948	4.9098	45.0000	55.0000	739536.489991
133.3672	-2.7948	4.9098	40.1200	55.0000	739536.489991
133.4837	-2.8101	4.9227	40.1200	55.0000	739536.489991
133.6017	-2.8783	4.9706	40.1200	55.0000	739536.489991
133.7171	-2.8831	4.9552	40.1200	55.0000	739536.489991
133.8337	-2.8940	4.9336	40.1200	55.0000	739536.489991
133.9339	-2.9084	4.9149	40.1200	55.0000	739536.489991
134.0505	-2.9084	4.9149	40.1200	55.0000	739536.489991
134.1669	-2.9084	4.9149	40.1200	55.0000	739536.489991
134.2838	-2.9084	4.9149	48.6600	55.0000	739536.489991
134.4004	-2.9084	4.9149	57.2000	55.0000	739536.489991
134.5170	-2.9084	4.9149	65.7400	55.0000	739536.489991
134.6336	-2.9084	4.9149	74.2800	55.0000	739536.489991
134.7338	-2.9084	4.9149	81.6000	55.0000	739536.489991
134.8503	-2.9084	4.9149	90.1400	55.0000	739536.489991
134.9672	-2.9084	4.9149	98.6800	55.0000	739536.489991
135.0853	-2.9084	4.9149	98.6800	55.0000	739536.489991
135.2003	-2.9084	4.9149	98.6800	55.0000	739536.489991
135.3007	-2.8865	4.9451	98.6800	55.0000	739536.489991
135.4171	-2.8624	5.0616	98.6800	55.0000	739536.489991
135.5336	-2.8413	5.2000	98.6800	55.0000	739536.489991
135.6338	-2.8232	5.3186	98.6800	55.0000	739536.489991
135.7504	-2.8232	5.3186	97.4600	55.0000	739536.489991
135.8670	-2.8232	5.3186	88.9200	55.0000	739536.489991
135.9852	-2.8232	5.3186	80.3800	55.0000	739536.489991
136.1009	-2.8232	5.3186	71.8400	55.0000	739536.489991
136.2169	-2.8232	5.3186	63.3000	55.0000	739536.489991
136.3171	-2.8232	5.3186	55.9800	55.0000	739536.489991
136.4338	-2.8232	5.3186	53.5400	55.0000	739536.489991
136.5504	-2.8232	5.3186	53.5400	55.0000	739536.489991
136.6672	-2.8826	5.3991	53.5400	55.0000	739536.489991
136.7836	-2.9658	5.5116	53.5400	55.0000	739536.489991
136.9003	-3.0490	5.6242	53.5400	55.0000	739536.489991
137.0006	-3.0609	5.6403	52.3200	55.0000	739536.489991
137.1169	-3.0609	5.6403	43.7800	55.0000	739536.489991
137.2171	-3.0609	5.6403	36.4600	55.0000	739536.489991
137.3337	-3.0609	5.6403	27.9200	55.0000	739536.489991
137.4504	-3.0609	5.6403	19.3800	55.0000	739536.489991
137.5505	-3.0609	5.6403	12.0600	55.0000	739536.489991
137.6670	-3.0609	5.6403	9.6200	55.0000	739536.489991
137.7835	-3.0609	5.6403	9.6200	55.0000	739536.489991
137.8838	-3.0806	5.6437	9.6200	55.0000	739536.489991
137.9840	-3.1989	5.6637	9.6200	55.0000	739536.489991
138.0869	-3.3172	5.6838	9.6200	55.0000	739536.489991
138.2002	-3.4553	5.7072	9.6200	55.0000	739536.489991
138.3007	-3.5736	5.7272	9.6200	55.0000	739536.489991
138.4170	-3.6525	5.7406	9.6200	55.0000	739536.489991
138.5338	-3.6525	5.7406	8.4000	55.0000	739536.489991
138.6503	-3.6525	5.7406	-0.1400	55.0000	739536.489991
138.7506	-3.6525	5.7406	-7.4600	55.0000	739536.489991
138.8668	-3.6525	5.7406	-16.0000	55.0000	739536.489991
138.9671	-3.6525	5.7406	-23.3200	55.0000	739536.489991
139.0838	-3.6525	5.7406	-31.8600	55.0000	739536.489991
139.1853	-3.6525	5.7406	-35.5200	55.0000	739536.489991
139.3005	-3.6525	5.7406	-35.5200	55.0000	739536.489991
139.4198	-3.7013	5.7057	-35.5200	55.0000	739536.489991
139.5338	-3.8152	5.6244	-35.5200	55.0000	739536.489991
139.6502	-3.9292	5.5431	-35.5200	55.0000	739536.489991
139.7503	-4.0269	5.4733	-35.5200	55.0000	739536.489991
139.8670	-4.1408	5.3920	-35.5200	55.0000	739536.489991
139.9836	-4.2548	5.3107	-35.5200	55.0000	739536.489991
140.0836	-4.3524	5.2410	-35.5200	55.0000	739536.489991
140.1839	-4.4501	5.1712	-35.5200	55.0000	739536.489991
140.3003	-4.4989	5.1364	-35.5200	55.0000	739536.489991
140.4170	-4.4989	5.1364	-35.5200	55.0000	739536.489991
140.5171	-4.5640	5.0899	-35.5200	55.0000	739536.489991
140.6338	-4.6780	5.0086	-35.5200	55.0000	739536.489991
140.7504	-4.7919	4.9272	-35.5200	55.0000	739536.489991
140.8669	-4.8733	4.8691	-35.5200	55.0000	739536.489991
140.9669	-4.8733	4.8691	-35.5200	55.0000	739536.489991
141.0671	-4.8733	4.8691	-35.5200	55.0000	739536.489991
141.1837	-4.8733	4.8691	-35.5200	55.0000	739536.489991
141.3005	-4.8733	4.8691	-35.5200	55.0000	739536.489991
141.4023	-4.8571	4.8807	-35.5200	55.0000	739536.489991
141.5169	-4.7431	4.9621	-35.5200	55.0000	739536.489991
141.6170	-4.6454	5.0318	-35.5200	55.0000	739536.489991
141.7335	-4.5315	5.1131	-35.5200	55.0000	739536.489991
141.8336	-4.4338	5.1829	-35.5200	55.0000	739536.489991
141.9337	-4.3362	5.2526	-35.5200	55.0000	739536.489991
142.0502	-4.2548	5.3107	-35.5200	55.0000	739536.489991
142.1529	-4.2548	5.3107	-35.5200	55.0000	739536.489991
142.2670	-4.2548	5.3107	-40.4000	55.0000	739536.489991
142.3838	-4.2548	5.3107	-48.9400	55.0000	739536.489991
142.5005	-4.2548	5.3107	-57.4800	55.0000	739536.489991
142.6178	-4.2548	5.3107	-63.5800	55.0000	739536.489991
142.7337	-4.2548	5.3107	-63.5800	55.0000	739536.489991
142.8504	-4.2548	5.3107	-63.5800	55.0000	739536.489991
142.9670	-4.3171	5.1853	-63.5800	55.0000	739536.489991
143.0839	-4.3793	5.0599	-63.5800	55.0000	739536.489991
143.2004	-4.4416	4.9345	-63.5800	55.0000	739536.489991
143.3173	-4.4594	4.8987	-63.5800	55.0000	739536.489991
143.4335	-4.4594	4.8987	-69.6800	55.0000	739536.489991
143.5339	-4.4594	4.8987	-77.0000	55.0000	739536.489991
143.6503	-4.4594	4.8987	-80.6600	55.0000	739536.489991
143.7669	-4.4659	4.8592	-80.6600	55.0000	739536.489991
143.8671	-4.4854	4.7408	-80.6600	55.0000	739536.489991
143.9839	-4.5081	4.6027	-80.6600	55.0000	739536.489991
144.1003	-4.5308	4.4645	-80.6600	55.0000	739536.489991
144.2011	-4.5503	4.3461	-80.6600	55.0000	739536.489991
144.3177	-4.5730	4.2080	-80.6600	55.0000	739536.489991
144.4343	-4.5958	4.0699	-80.6600	55.0000	739536.489991
144.5504	-4.6185	3.9317	-80.6600	55.0000	739536.489991
144.6506	-4.6380	3.8133	-80.6600	55.0000	739536.489991
144.7672	-4.6607	3.6752	-80.6600	55.0000	739536.489991
144.8836	-4.6834	3.5370	-80.6600	55.0000	739536.489991
144.9838	-4.7029	3.4186	-80.6600	55.0000	739536.489991
145.1021	-4.7029	3.4186	-85.5400	55.0000	739536.489991
145.2023	-4.7029	3.4186	-92.8600	55.0000	739536.489991
145.3170	-4.7029	3.4186	-96.5200	55.0000	739536.489991
145.4171	-4.6961	3.3590	-96.5200	55.0000	739536.489991
145.5173	-4.6824	3.2398	-96.5200	55.0000	739536.489991
145.6253	-4.6688	3.1205	-96.5200	55.0000	739536.489991
145.7335	-4.6529	2.9814	-96.5200	55.0000	739536.489991
145.8337	-4.6393	2.8622	-96.5200	55.0000	739536.489991
145.9507	-4.6234	2.7231	-96.5200	55.0000	739536.489991
146.0670	-4.6075	2.5840	-96.5200	55.0000	739536.489991
146.1672	-4.5939	2.4648	-96.5200	55.0000	739536.489991
146.2839	-4.5780	2.3257	-96.5200	55.0000	739536.489991
146.4004	-4.5621	2.1866	-96.5200	55.0000	739536.489991
146.5005	-4.5484	2.0674	-96.5200	55.0000	739536.489991
146.6021	-4.5348	1.9482	-96.5200	55.0000	739536.489991
146.7170	-4.5189	1.8091	-96.5200	55.0000	739536.489991
146.8336	-4.5030	1.6700	-96.5200	55.0000	739536.489991
146.9502	-4.4871	1.5309	-96.5200	55.0000	739536.489991
147.0504	-4.4735	1.4117	-96.5200	55.0000	739536.489991
147.1669	-4.4735	1.4117	-96.5200	55.0000	739536.489991
147.2670	-4.4735	1.4117	-90.4200	55.0000	739536.489991
147.3837	-4.4735	1.4117	-81.8800	55.0000	739536.489991
147.4841	-4.4735	1.4117	-74.5600	55.0000	739536.489991
147.6021	-4.4735	1.4117	-66.0200	55.0000	739536.489991
147.7022	-4.4735	1.4117	-58.7000	55.0000	739536.489991
147.8171	-4.4735	1.4117	-50.1600	55.0000	739536.489991
147.9337	-4.4735	1.4117	-47.7200	55.0000	739536.489991
148.0504	-4.4735	1.4117	-47.7200	55.0000	739536.489991
148.1673	-4.5139	1.3673	-47.7200	55.0000	739536.489991
148.2837	-4.6081	1.2637	-47.7200	55.0000	739536.489991
148.3840	-4.6888	1.1749	-47.7200	55.0000	739536.489991
148.5022	-4.7830	1.0713	-47.7200	55.0000	739536.489991
148.6170	-4.8772	0.9677	-47.7200	55.0000	739536.489991
148.7171	-4.8903	0.9286	-47.7200	55.0000	739536.489991
148.8342	-4.8903	0.9286	-39.1800	55.0000	739536.489991
148.9504	-4.8903	0.9286	-30.6400	55.0000	739536.489991
149.0670	-4.8903	0.9286	-30.6400	55.0000	739536.489991
149.1838	-4.8903	0.9286	-30.6400	55.0000	739536.489991
149.3003	-4.8903	0.9286	-30.6400	55.0000	739536.489991
149.4003	-4.8903	0.9286	-34.3000	55.0000	739536.489991
149.5004	-4.8903	0.9286	-39.1800	55.0000	739536.489991
149.6171	-4.8903	0.9286	-39.1800	55.0000	739536.489991
149.7338	-4.9059	0.9159	-39.1800	55.0000	739536.489991
149.8506	-4.9953	0.8331	-39.1800	55.0000	739536.489991
149.9668	-5.1038	0.7447	-39.1800	55.0000	739536.489991
150.0671	-5.1968	0.6689	-39.1800	55.0000	739536.489991
150.1672	-5.2898	0.5931	-39.1800	55.0000	739536.489991
150.2836	-5.3984	0.5046	-39.1800	55.0000	739536.489991
150.3838	-5.4914	0.4288	-39.1800	55.0000	739536.489991
150.5021	-5.5999	0.3404	-39.1800	55.0000	739536.489991
150.6021	-5.6929	0.2646	-39.1800	55.0000	739536.489991
150.7168	-5.8015	0.1761	-39.1800	55.0000	739536.489991
150.8172	-5.8945	0.1003	-39.1800	55.0000	739536.489991
150.9173	-5.9875	0.0245	-39.1800	55.0000	739536.489991
151.0339	-6.0960	-0.0640	-39.1800	55.0000	739536.489991
