T	X	Y	HEADING	PERPSECTIVE_ANGLE	NOW_NUM
0.1087	0.0000	0.0000	45.0000	55.0000	739536.489991
0.2255	0.0000	0.0000	45.0000	55.0000	739536.489991
0.3271	0.0000	0.0000	45.0000	55.0000	739536.489991
0.4272	0.0000	0.0000	45.0000	55.0000	739536.489991
0.5440	0.0000	0.0000	45.0000	55.0000	739536.489991
0.6441	0.0000	0.0000	51.1000	55.0000	739536.489991
0.7605	0.0000	0.0000	59.6400	55.0000	739536.489991
0.8774	0.0000	0.0000	59.6400	55.0000	739536.489991
0.9940	-0.0708	0.1208	59.6400	55.0000	739536.489991
1.1105	-0.1415	0.2416	59.6400	55.0000	739536.489991
1.2107	-0.2022	0.3451	59.6400	55.0000	739536.489991
1.3110	-0.2628	0.4487	59.6400	55.0000	739536.489991
1.4274	-0.3336	0.5695	59.6400	55.0000	739536.489991
1.5440	-0.4043	0.6903	59.6400	55.0000	739536.489991
1.6605	-0.4751	0.8111	59.6400	55.0000	739536.489991
1.7607	-0.5358	0.9146	59.6400	55.0000	739536.489991
1.8774	-0.6065	1.0354	59.6400	55.0000	739536.489991
1.9939	-0.6773	1.1562	59.6400	55.0000	739536.489991
2.1110	-0.7480	1.2770	59.6400	55.0000	739536.489991
2.2272	-0.8188	1.3978	59.6400	55.0000	739536.489991
2.3273	-0.8390	1.4324	59.6400	55.0000	739536.489991
2.4442	-0.8390	1.4324	59.6400	55.0000	739536.489991
2.5604	-0.8390	1.4324	59.6400	55.0000	739536.489991
2.6605	-0.8390	1.4324	59.6400	55.0000	739536.489991
2.7608	-0.8390	1.4324	53.5400	55.0000	739536.489991
2.8609	-0.9124	1.5273	52.3200	55.0000	739536.489991
2.9775	-0.9979	1.6381	52.3200	55.0000	739536.489991
3.0950	-1.0835	1.7489	52.3200	55.0000	739536.489991
3.2108	-1.1691	1.8597	52.3200	55.0000	739536.489991
3.3275	-1.2547	1.9705	52.3200	55.0000	739536.489991
3.4444	-1.3402	2.0813	52.3200	55.0000	739536.489991
3.5608	-1.4258	2.1921	52.3200	55.0000	739536.489991
3.6609	-1.4869	2.2713	52.3200	55.0000	739536.489991
3.7775	-1.4869	2.2713	58.4200	55.0000	739536.489991
3.8777	-1.4869	2.2713	65.7400	55.0000	739536.489991
3.9941	-1.4869	2.2713	74.2800	55.0000	739536.489991
4.0942	-1.4869	2.2713	77.9400	55.0000	739536.489991
4.2109	-1.4869	2.2713	77.9400	55.0000	739536.489991
4.3275	-1.4869	2.2713	77.9400	55.0000	739536.489991
4.4276	-1.4953	2.3104	77.9400	55.0000	739536.489991
4.5443	-1.5246	2.4473	77.9400	55.0000	739536.489991
4.6607	-1.5538	2.5842	77.9400	55.0000	739536.489991
4.7777	-1.5831	2.7211	77.9400	55.0000	739536.489991
4.8790	-1.6081	2.8385	77.9400	55.0000	739536.489991
4.9946	-1.6374	2.9754	77.9400	55.0000	739536.489991
5.1109	-1.6666	3.1123	77.9400	55.0000	739536.489991
5.2276	-1.6959	3.2492	77.9400	55.0000	739536.489991
5.3536	-1.7251	3.3861	77.9400	55.0000	739536.489991
5.4608	-1.7544	3.5230	77.9400	55.0000	739536.489991
5.5790	-1.7836	3.6599	77.9400	55.0000	739536.489991
5.6790	-1.8087	3.7773	77.9400	55.0000	739536.489991
5.7942	-1.8380	3.9142	77.9400	55.0000	739536.489991
5.9110	-1.8672	4.0511	77.9400	55.0000	739536.489991
6.0273	-1.8672	4.0511	77.9400	55.0000	739536.489991
6.1274	-1.8672	4.0511	77.9400	55.0000	739536.489991
6.2276	-1.8672	4.0511	71.8400	55.0000	739536.489991
6.3442	-1.8672	4.0511	63.3000	55.0000	739536.489991
6.4609	-1.8672	4.0511	54.7600	55.0000	739536.489991
6.5790	-1.8672	4.0511	52.3200	55.0000	739536.489991
6.6943	-1.8672	4.0511	52.3200	55.0000	739536.489991
6.8110	-1.8672	4.0511	52.3200	55.0000	739536.489991
6.9111	-1.9283	4.1303	52.3200	55.0000	739536.489991
7.0278	-1.9895	4.2094	52.3200	55.0000	739536.489991
7.1442	-1.9895	4.2094	46.2200	55.0000	739536.489991
7.2443	-1.9895	4.2094	38.9000	55.0000	739536.489991
7.3454	-1.9895	4.2094	31.5800	55.0000	739536.489991
7.4608	-1.9895	4.2094	23.0400	55.0000	739536.489991
7.5774	-1.9895	4.2094	14.5000	55.0000	739536.489991
7.6792	-1.9895	4.2094	7.1800	55.0000	739536.489991
7.7942	-1.9895	4.2094	-0.1400	55.0000	739536.489991
7.8942	-1.9895	4.2094	-0.1400	55.0000	739536.489991
8.0110	-1.9895	4.2094	-0.1400	55.0000	739536.489991
8.1111	-2.0695	4.2092	-0.1400	55.0000	739536.489991
8.2276	-2.2095	4.2089	-0.1400	55.0000	739536.489991
8.3443	-2.3495	4.2085	-0.1400	55.0000	739536.489991
8.4609	-2.4895	4.2082	-0.1400	55.0000	739536.489991
8.5777	-2.6295	4.2078	-0.1400	55.0000	739536.489991
8.6792	-2.7495	4.2075	-0.1400	55.0000	739536.489991
8.7943	-2.8895	4.2072	-0.1400	55.0000	739536.489991
8.9110	-3.0295	4.2069	-0.1400	55.0000	739536.489991
9.0277	-3.1295	4.2066	-2.5800	55.0000	739536.489991
9.1441	-3.1295	4.2066	-11.1200	55.0000	739536.489991
9.2610	-3.1295	4.2066	-19.6600	55.0000	739536.489991
9.3775	-3.1295	4.2066	-28.2000	55.0000	739536.489991
9.4790	-3.1295	4.2066	-35.5200	55.0000	739536.489991
9.5943	-3.1295	4.2066	-37.9600	55.0000	739536.489991
9.6964	-3.2241	4.1328	-37.9600	55.0000	739536.489991
9.8108	-3.3344	4.0467	-37.9600	55.0000	739536.489991
9.9110	-3.4291	3.9729	-37.9600	55.0000	739536.489991
10.0276	-3.5394	3.8868	-37.9600	55.0000	739536.489991
10.1442	-3.6498	3.8006	-37.9600	55.0000	739536.489991
10.2609	-3.6656	3.7883	-35.5200	55.0000	739536.489991
10.3791	-3.6656	3.7883	-26.9800	55.0000	739536.489991
10.4944	-3.6656	3.7883	-18.4400	55.0000	739536.489991
10.6109	-3.6656	3.7883	-9.9000	55.0000	739536.489991
10.7276	-3.6656	3.7883	-3.8000	55.0000	739536.489991
10.8443	-3.6656	3.7883	-3.8000	55.0000	739536.489991
10.9609	-3.7255	3.7844	-3.8000	55.0000	739536.489991
11.0610	-3.8452	3.7764	-3.8000	55.0000	739536.489991
11.1775	-3.9849	3.7671	-3.8000	55.0000	739536.489991
11.2779	-4.1046	3.7592	-3.8000	55.0000	739536.489991
11.3944	-4.1246	3.7579	-0.1400	55.0000	739536.489991
11.5107	-4.1246	3.7579	8.4000	55.0000	739536.489991
11.6109	-4.1246	3.7579	15.7200	55.0000	739536.489991
11.7275	-4.1246	3.7579	24.2600	55.0000	739536.489991
11.8442	-4.1246	3.7579	32.8000	55.0000	739536.489991
11.9610	-4.1246	3.7579	41.3400	55.0000	739536.489991
12.0776	-4.1246	3.7579	49.8800	55.0000	739536.489991
12.1777	-4.1246	3.7579	54.7600	55.0000	739536.489991
12.2943	-4.1246	3.7579	54.7600	55.0000	739536.489991
12.4122	-4.1246	3.7579	55.9800	55.0000	739536.489991
12.5275	-4.1246	3.7579	64.5200	55.0000	739536.489991
12.6442	-4.1246	3.7579	66.9600	55.0000	739536.489991
12.7608	-4.1246	3.7579	66.9600	55.0000	739536.489991
12.8609	-4.1246	3.7579	66.9600	55.0000	739536.489991
12.9611	-4.1246	3.7579	70.6200	55.0000	739536.489991
13.0776	-4.1246	3.7579	79.1600	55.0000	739536.489991
13.1777	-4.1246	3.7579	86.4800	55.0000	739536.489991
13.2963	-4.1246	3.7579	95.0200	55.0000	739536.489991
13.4075	-4.1246	3.7579	102.3400	55.0000	739536.489991
13.5109	-4.1246	3.7579	110.8800	55.0000	739536.489991
13.6275	-4.1246	3.7579	119.4200	55.0000	739536.489991
13.7441	-4.1246	3.7579	127.9600	55.0000	739536.489991
13.8609	-4.1246	3.7579	136.5000	55.0000	739536.489991
13.9789	-4.1246	3.7579	145.0400	55.0000	739536.489991
14.0959	-4.1246	3.7579	147.4800	55.0000	739536.489991
14.2116	-4.1246	3.7579	147.4800	55.0000	739536.489991
14.3275	-4.0065	3.8331	147.4800	55.0000	739536.489991
14.4441	-3.8885	3.9084	147.4800	55.0000	739536.489991
14.5442	-3.7873	3.9729	147.4800	55.0000	739536.489991
14.6446	-3.6861	4.0374	147.4800	55.0000	739536.489991
14.7609	-3.5681	4.1127	147.4800	55.0000	739536.489991
14.8776	-3.4500	4.1879	147.4800	55.0000	739536.489991
14.9957	-3.3320	4.2632	147.4800	55.0000	739536.489991
15.1109	-3.2139	4.3385	147.4800	55.0000	739536.489991
15.2277	-3.0959	4.4137	147.4800	55.0000	739536.489991
15.3278	-2.9947	4.4782	147.4800	55.0000	739536.489991
15.4443	-2.8766	4.5535	147.4800	55.0000	739536.489991
15.5610	-2.7586	4.6288	147.4800	55.0000	739536.489991
15.6776	-2.6405	4.7040	147.4800	55.0000	739536.489991
15.7944	-2.5225	4.7793	147.4800	55.0000	739536.489991
15.9107	-2.4044	4.8545	147.4800	55.0000	739536.489991
16.0109	-2.3033	4.9191	147.4800	55.0000	739536.489991
16.1109	-2.3033	4.9191	152.3600	55.0000	739536.489991
16.2278	-2.3033	4.9191	160.9000	55.0000	739536.489991
16.3443	-2.3033	4.9191	160.9000	55.0000	739536.489991
16.4610	-2.1710	4.9649	160.9000	55.0000	739536.489991
16.5775	-2.0387	5.0107	160.9000	55.0000	739536.489991
16.6776	-1.9253	5.0499	160.9000	55.0000	739536.489991
16.7777	-1.8119	5.0892	160.9000	55.0000	739536.489991
16.8942	-1.6796	5.1350	160.9000	55.0000	739536.489991
16.9950	-1.5662	5.1743	160.9000	55.0000	739536.489991
17.1110	-1.4339	5.2201	160.9000	55.0000	739536.489991
17.2274	-1.3016	5.2659	160.9000	55.0000	739536.489991
17.3275	-1.1882	5.3052	160.9000	55.0000	739536.489991
17.4277	-1.0748	5.3444	160.9000	55.0000	739536.489991
17.5441	-0.9803	5.3772	158.4600	55.0000	739536.489991
17.6442	-0.9803	5.3772	151.1400	55.0000	739536.489991
17.7609	-0.9803	5.3772	143.8200	55.0000	739536.489991
17.8774	-0.9803	5.3772	143.8200	55.0000	739536.489991
17.9775	-0.9158	5.4244	143.8200	55.0000	739536.489991
18.0781	-0.8189	5.4952	143.8200	55.0000	739536.489991
18.1943	-0.7059	5.5779	143.8200	55.0000	739536.489991
18.2958	-0.6090	5.6487	143.8200	55.0000	739536.489991
18.4109	-0.4960	5.7314	143.8200	55.0000	739536.489991
18.5116	-0.3992	5.8022	143.8200	55.0000	739536.489991
18.6274	-0.2862	5.8848	143.8200	55.0000	739536.489991
18.7443	-0.1732	5.9675	143.8200	55.0000	739536.489991
18.8609	-0.0602	6.0501	143.8200	55.0000	739536.489991
18.9775	0.0528	6.1328	143.8200	55.0000	739536.489991
19.0776	0.0528	6.1328	143.8200	55.0000	739536.489991
19.1942	0.0528	6.1328	143.8200	55.0000	739536.489991
19.3127	0.1013	6.1682	143.8200	55.0000	739536.489991
