T	X	Y	HEADING	PERPSECTIVE_ANGLE	NOW_NUM
0.1119	0.0000	0.0000	45.0000	55.0000	739568.628950
0.2147	0.0000	0.0000	45.0000	55.0000	739568.628950
0.3185	0.0000	0.0000	45.0000	55.0000	739568.628950
0.4187	0.0000	0.0000	45.0000	55.0000	739568.628950
0.5352	0.0000	0.0000	45.0000	55.0000	739568.628950
0.6522	0.0000	0.0000	45.0000	55.0000	739568.628950
0.7687	0.0000	0.0000	45.0000	55.0000	739568.628950
0.8687	0.0000	0.0000	45.0000	55.0000	739568.628950
0.9689	0.0000	0.0000	45.0000	55.0000	739568.628950
1.0856	0.0000	0.0000	45.0000	55.0000	739568.628950
1.1857	0.0000	0.0000	45.0000	55.0000	739568.628950
1.2858	0.0000	0.0000	45.0000	55.0000	739568.628950
1.3861	0.0000	0.0000	45.0000	55.0000	739568.628950
1.5027	0.0000	0.0000	45.0000	55.0000	739568.628950
1.6027	0.0000	0.0000	45.0000	55.0000	739568.628950
1.7029	0.0000	0.0000	45.0000	55.0000	739568.628950
1.8030	0.0000	0.0000	45.0000	55.0000	739568.628950
1.9197	0.0000	0.0000	45.0000	55.0000	739568.628950
2.0198	0.0000	0.0000	45.0000	55.0000	739568.628950
2.1199	0.0000	0.0000	45.0000	55.0000	739568.628950
2.2201	-0.1061	0.1061	45.0000	55.0000	739568.628950
2.3204	-0.2333	0.2333	45.0000	55.0000	739568.628950
2.4368	-0.3818	0.3818	45.0000	55.0000	739568.628950
2.5371	-0.4879	0.4879	45.0000	55.0000	739568.628950
2.6538	-0.4879	0.4879	45.0000	55.0000	739568.628950
2.7705	-0.4879	0.4879	45.0000	55.0000	739568.628950
2.8706	-0.5515	0.5515	45.0000	55.0000	739568.628950
2.9710	-0.6788	0.6788	45.0000	55.0000	739568.628950
3.0873	-0.8273	0.8273	45.0000	55.0000	739568.628950
3.1874	-0.9546	0.9546	45.0000	55.0000	739568.628950
3.2876	-1.0394	1.0394	45.0000	55.0000	739568.628950
3.3879	-1.0394	1.0394	45.0000	55.0000	739568.628950
3.4880	-1.0394	1.0394	45.0000	55.0000	739568.628950
3.5886	-1.0819	1.0819	45.0000	55.0000	739568.628950
3.7049	-1.2304	1.2304	45.0000	55.0000	739568.628950
3.8050	-1.2516	1.2516	45.0000	55.0000	739568.628950
3.9214	-1.2516	1.2516	45.0000	55.0000	739568.628950
4.0382	-1.2516	1.2516	45.0000	55.0000	739568.628950
4.1385	-1.2516	1.2516	45.0000	55.0000	739568.628950
4.2551	-1.2516	1.2516	45.0000	55.0000	739568.628950
4.3552	-1.2516	1.2516	50.0000	55.0000	739568.628950
4.4555	-1.2516	1.2516	57.5000	55.0000	739568.628950
4.5721	-1.2516	1.2516	58.7500	55.0000	739568.628950
4.6721	-1.2516	1.2516	58.7500	55.0000	739568.628950
4.7722	-1.2516	1.2516	63.7500	55.0000	739568.628950
4.8723	-1.2516	1.2516	71.2500	55.0000	739568.628950
4.9726	-1.2516	1.2516	76.2500	55.0000	739568.628950
5.0892	-1.2516	1.2516	76.2500	55.0000	739568.628950
5.1893	-1.2516	1.2516	76.2500	55.0000	739568.628950
5.2894	-1.2516	1.2516	76.2500	55.0000	739568.628950
5.3894	-1.2516	1.2516	76.2500	55.0000	739568.628950
5.5062	-1.2516	1.2516	76.2500	55.0000	739568.628950
5.6063	-1.2516	1.2516	76.2500	55.0000	739568.628950
5.7064	-1.2730	1.3390	76.2500	55.0000	739568.628950
5.8233	-1.3158	1.5138	76.2500	55.0000	739568.628950
5.9399	-1.3158	1.5138	76.2500	55.0000	739568.628950
6.0567	-1.3158	1.5138	76.2500	55.0000	739568.628950
6.1571	-1.3585	1.6887	76.2500	55.0000	739568.628950
6.2736	-1.3871	1.8052	76.2500	55.0000	739568.628950
6.3903	-1.3871	1.8052	76.2500	55.0000	739568.628950
6.4918	-1.4085	1.8927	76.2500	55.0000	739568.628950
6.6087	-1.4584	2.0966	76.2500	55.0000	739568.628950
6.7239	-1.4655	2.1258	76.2500	55.0000	739568.628950
6.8241	-1.4655	2.1258	76.2500	55.0000	739568.628950
6.9408	-1.5011	2.2715	76.2500	55.0000	739568.628950
7.0409	-1.5439	2.4463	76.2500	55.0000	739568.628950
7.1409	-1.5582	2.5046	76.2500	55.0000	739568.628950
7.2411	-1.5582	2.5046	76.2500	55.0000	739568.628950
7.3412	-1.5582	2.5046	76.2500	55.0000	739568.628950
7.4579	-1.6010	2.6795	76.2500	55.0000	739568.628950
7.5580	-1.6366	2.8252	76.2500	55.0000	739568.628950
7.6582	-1.6366	2.8252	76.2500	55.0000	739568.628950
7.7749	-1.6366	2.8252	76.2500	55.0000	739568.628950
7.8916	-1.6438	2.8543	76.2500	55.0000	739568.628950
7.9918	-1.6865	3.0291	76.2500	55.0000	739568.628950
8.1085	-1.7365	3.2331	76.2500	55.0000	739568.628950
8.2089	-1.7792	3.4080	76.2500	55.0000	739568.628950
8.3253	-1.8292	3.6119	76.2500	55.0000	739568.628950
8.4254	-1.8719	3.7868	76.2500	55.0000	739568.628950
8.5255	-1.8791	3.8159	76.2500	55.0000	739568.628950
8.6256	-1.8791	3.8159	76.2500	55.0000	739568.628950
8.7259	-1.8791	3.8159	76.2500	55.0000	739568.628950
8.8261	-1.8791	3.8159	76.2500	55.0000	739568.628950
8.9427	-1.8791	3.8159	76.2500	55.0000	739568.628950
9.0593	-1.8933	3.8742	76.2500	55.0000	739568.628950
9.1596	-1.9032	3.8871	76.2500	55.0000	739568.628950
9.2762	-1.9041	3.8838	76.2500	55.0000	739568.628950
9.3763	-1.9041	3.8838	76.2500	55.0000	739568.628950
9.4932	-1.9041	3.8838	76.2500	55.0000	739568.628950
9.6097	-1.9041	3.8838	76.2500	55.0000	739568.628950
9.7101	-1.9041	3.8838	76.2500	55.0000	739568.628950
9.8267	-1.9041	3.8838	76.2500	55.0000	739568.628950
9.9271	-1.9041	3.8838	76.2500	55.0000	739568.628950
10.0436	-1.9041	3.8838	76.2500	55.0000	739568.628950
10.1437	-1.9041	3.8838	76.2500	55.0000	739568.628950
10.2438	-1.9126	3.9023	76.2500	55.0000	739568.628950
10.3438	-1.9169	3.8803	76.2500	55.0000	739568.628950
10.4606	-1.9304	3.8910	76.2500	55.0000	739568.628950
10.5608	-1.9304	3.8910	76.2500	55.0000	739568.628950
10.6609	-1.9304	3.8910	76.2500	55.0000	739568.628950
10.7610	-1.9304	3.8910	76.2500	55.0000	739568.628950
10.8776	-1.9304	3.8910	76.2500	55.0000	739568.628950
10.9778	-1.9304	3.8910	76.2500	55.0000	739568.628950
11.0945	-1.9304	3.8910	76.2500	55.0000	739568.628950
11.1946	-1.9090	3.8036	76.2500	55.0000	739568.628950
11.2948	-1.8662	3.6287	76.2500	55.0000	739568.628950
11.4115	-1.8591	3.5996	76.2500	55.0000	739568.628950
11.5116	-1.8448	3.5413	76.2500	55.0000	739568.628950
11.6117	-1.8020	3.3665	76.2500	55.0000	739568.628950
11.7284	-1.7877	3.3082	76.2500	55.0000	739568.628950
11.8284	-1.7877	3.3082	76.2500	55.0000	739568.628950
11.9286	-1.7877	3.3082	76.2500	55.0000	739568.628950
12.0454	-1.7877	3.3082	76.2500	55.0000	739568.628950
12.1621	-1.7877	3.3082	77.5000	55.0000	739568.628950
12.2622	-1.7877	3.3082	85.0000	55.0000	739568.628950
12.3623	-1.7877	3.3082	88.7500	55.0000	739568.628950
12.4623	-1.7877	3.3082	88.7500	55.0000	739568.628950
12.5625	-1.7877	3.3082	88.7500	55.0000	739568.628950
12.6626	-1.7877	3.3082	88.7500	55.0000	739568.628950
12.7628	-1.7877	3.3082	88.7500	55.0000	739568.628950
12.8795	-1.7877	3.3082	88.7500	55.0000	739568.628950
12.9796	-1.7904	3.4282	88.7500	55.0000	739568.628950
13.0963	-1.7949	3.6381	88.7500	55.0000	739568.628950
13.1965	-1.7989	3.8181	88.7500	55.0000	739568.628950
13.2966	-1.8028	3.9980	88.7500	55.0000	739568.628950
13.4131	-1.8041	4.0580	88.7500	55.0000	739568.628950
13.5134	-1.8041	4.0580	88.7500	55.0000	739568.628950
13.6300	-1.8041	4.0580	88.7500	55.0000	739568.628950
13.7302	-1.8048	4.0880	88.7500	55.0000	739568.628950
13.8303	-1.8087	4.2680	88.7500	55.0000	739568.628950
13.9304	-1.8126	4.4479	88.7500	55.0000	739568.628950
14.0471	-1.8152	4.5679	88.7500	55.0000	739568.628950
14.1640	-1.8152	4.5679	88.7500	55.0000	739568.628950
14.2641	-1.8152	4.5679	88.7500	55.0000	739568.628950
14.3808	-1.8165	4.6279	88.7500	55.0000	739568.628950
14.4811	-1.8205	4.8078	88.7500	55.0000	739568.628950
14.5976	-1.8218	4.8678	88.7500	55.0000	739568.628950
14.6978	-1.8218	4.8678	88.7500	55.0000	739568.628950
14.8146	-1.8218	4.8678	88.7500	55.0000	739568.628950
14.9314	-1.8218	4.8678	88.7500	55.0000	739568.628950
15.0480	-1.8218	4.8678	92.5000	55.0000	739568.628950
15.1482	-1.8218	4.8678	100.0000	55.0000	739568.628950
15.2648	-1.8218	4.8678	107.5000	55.0000	739568.628950
15.3651	-1.8218	4.8678	107.5000	55.0000	739568.628950
15.4818	-1.8218	4.8678	107.5000	55.0000	739568.628950
15.5819	-1.8218	4.8678	113.7500	55.0000	739568.628950
15.6987	-1.8218	4.8678	122.5000	55.0000	739568.628950
15.7988	-1.8218	4.8678	130.0000	55.0000	739568.628950
15.9156	-1.8218	4.8678	132.5000	55.0000	739568.628950
16.0157	-1.8218	4.8678	132.5000	55.0000	739568.628950
16.1323	-1.8218	4.8678	132.5000	55.0000	739568.628950
16.2326	-1.8218	4.8678	132.5000	55.0000	739568.628950
16.3493	-1.8218	4.8678	132.5000	55.0000	739568.628950
16.4661	-1.8218	4.8678	132.5000	55.0000	739568.628950
16.5661	-1.8218	4.8678	132.5000	55.0000	739568.628950
16.6828	-1.8218	4.8678	127.5000	55.0000	739568.628950
16.7831	-1.8218	4.8678	122.5000	55.0000	739568.628950
16.8997	-1.8218	4.8678	122.5000	55.0000	739568.628950
16.9998	-1.8218	4.8678	122.5000	55.0000	739568.628950
17.1165	-1.8218	4.8678	113.7500	55.0000	739568.628950
17.2168	-1.8218	4.8678	106.2500	55.0000	739568.628950
17.3335	-1.8218	4.8678	102.5000	55.0000	739568.628950
17.4501	-1.8218	4.8678	98.7500	55.0000	739568.628950
17.5503	-1.8218	4.8678	98.7500	55.0000	739568.628950
17.6670	-1.8218	4.8678	95.0000	55.0000	739568.628950
17.7672	-1.8218	4.8678	87.5000	55.0000	739568.628950
17.8839	-1.8218	4.8678	78.7500	55.0000	739568.628950
18.0006	-1.8218	4.8678	72.5000	55.0000	739568.628950
18.1009	-1.8218	4.8678	72.5000	55.0000	739568.628950
18.2183	-1.8218	4.8678	72.5000	55.0000	739568.628950
18.3342	-1.8218	4.8678	72.5000	55.0000	739568.628950
18.4343	-1.8218	4.8678	72.5000	55.0000	739568.628950
18.5344	-1.8308	4.8964	72.5000	55.0000	739568.628950
18.6512	-1.8939	5.0967	72.5000	55.0000	739568.628950
18.7513	-1.9030	5.1253	72.5000	55.0000	739568.628950
18.8680	-1.9030	5.1253	72.5000	55.0000	739568.628950
18.9685	-1.9030	5.1253	72.5000	55.0000	739568.628950
19.0849	-1.9120	5.1539	72.5000	55.0000	739568.628950
19.2017	-1.9751	5.3542	72.5000	55.0000	739568.628950
19.3019	-1.9932	5.4114	72.5000	55.0000	739568.628950
19.4187	-1.9932	5.4114	72.5000	55.0000	739568.628950
19.5354	-1.9932	5.4114	72.5000	55.0000	739568.628950
19.6354	-1.9932	5.4114	72.5000	55.0000	739568.628950
19.7355	-1.9932	5.4114	75.0000	55.0000	739568.628950
19.8523	-1.9932	5.4114	83.7500	55.0000	739568.628950
19.9690	-1.9932	5.4114	83.7500	55.0000	739568.628950
20.0693	-1.9932	5.4114	83.7500	55.0000	739568.628950
20.1859	-1.9932	5.4114	88.7500	55.0000	739568.628950
20.2861	-1.9932	5.4114	96.2500	55.0000	739568.628950
20.4028	-1.9932	5.4114	105.0000	55.0000	739568.628950
20.5197	-1.9932	5.4114	113.7500	55.0000	739568.628950
20.6363	-1.9932	5.4114	122.5000	55.0000	739568.628950
20.7364	-1.9932	5.4114	130.0000	55.0000	739568.628950
20.8366	-1.9932	5.4114	137.5000	55.0000	739568.628950
20.9533	-1.9932	5.4114	140.0000	55.0000	739568.628950
21.0699	-1.9932	5.4114	140.0000	55.0000	739568.628950
21.1702	-1.9932	5.4114	140.0000	55.0000	739568.628950
21.2873	-1.9932	5.4114	148.7500	55.0000	739568.628950
21.4036	-1.9932	5.4114	152.5000	55.0000	739568.628950
21.5045	-1.9932	5.4114	152.5000	55.0000	739568.628950
21.6204	-1.9932	5.4114	152.5000	55.0000	739568.628950
21.7215	-1.9932	5.4114	152.5000	55.0000	739568.628950
21.8373	-1.9932	5.4114	152.5000	55.0000	739568.628950
21.9384	-1.9932	5.4114	152.5000	55.0000	739568.628950
22.0545	-1.9932	5.4114	152.5000	55.0000	739568.628950
22.1548	-1.8601	5.4807	152.5000	55.0000	739568.628950
22.2710	-1.6739	5.5777	152.5000	55.0000	739568.628950
22.3715	-1.5142	5.6608	152.5000	55.0000	739568.628950
22.4884	-1.3811	5.7300	152.5000	55.0000	739568.628950
22.6047	-1.3811	5.7300	152.5000	55.0000	739568.628950
22.7047	-1.3811	5.7300	152.5000	55.0000	739568.628950
22.8052	-1.3811	5.7300	152.5000	55.0000	739568.628950
22.9218	-1.3811	5.7300	152.5000	55.0000	739568.628950
23.0384	-1.3811	5.7300	152.5000	55.0000	739568.628950
23.1387	-1.3811	5.7300	152.5000	55.0000	739568.628950
23.2552	-1.3811	5.7300	152.5000	55.0000	739568.628950
23.3555	-1.3811	5.7300	152.5000	55.0000	739568.628950
23.4555	-1.4876	5.6746	152.5000	55.0000	739568.628950
23.5723	-1.6472	5.5915	152.5000	55.0000	739568.628950
23.6723	-1.6472	5.5915	152.5000	55.0000	739568.628950
23.7892	-1.6472	5.5915	152.5000	55.0000	739568.628950
23.9058	-1.6472	5.5915	152.5000	55.0000	739568.628950
24.0060	-1.6472	5.5915	152.5000	55.0000	739568.628950
24.1060	-1.6472	5.5915	156.2500	55.0000	739568.628950
24.2062	-1.6472	5.5915	163.7500	55.0000	739568.628950
24.3063	-1.6472	5.5915	167.5000	55.0000	739568.628950
24.4229	-1.6472	5.5915	167.5000	55.0000	739568.628950
24.5231	-1.6472	5.5915	167.5000	55.0000	739568.628950
24.6231	-1.6472	5.5915	167.5000	55.0000	739568.628950
24.7232	-1.6472	5.5915	167.5000	55.0000	739568.628950
24.8234	-1.6472	5.5915	167.5000	55.0000	739568.628950
24.9235	-1.5594	5.6110	167.5000	55.0000	739568.628950
25.0402	-1.3544	5.6564	167.5000	55.0000	739568.628950
25.1571	-1.2372	5.6824	167.5000	55.0000	739568.628950
25.2737	-1.2372	5.6824	167.5000	55.0000	739568.628950
25.3740	-1.1786	5.6954	167.5000	55.0000	739568.628950
25.4906	-0.9736	5.7409	167.5000	55.0000	739568.628950
25.5908	-0.9150	5.7538	167.5000	55.0000	739568.628950
25.6909	-0.9150	5.7538	167.5000	55.0000	739568.628950
25.8076	-0.9150	5.7538	167.5000	55.0000	739568.628950
25.9076	-0.7393	5.7928	167.5000	55.0000	739568.628950
26.0245	-0.6514	5.8123	167.5000	55.0000	739568.628950
26.1413	-0.6514	5.8123	167.5000	55.0000	739568.628950
26.2579	-0.5636	5.8318	167.5000	55.0000	739568.628950
26.3580	-0.3878	5.8707	167.5000	55.0000	739568.628950
26.4582	-0.2121	5.9097	167.5000	55.0000	739568.628950
26.5749	-0.0071	5.9551	167.5000	55.0000	739568.628950
26.6751	0.1687	5.9941	167.5000	55.0000	739568.628950
