T	X	Y	HEADING	PERPSECTIVE_ANGLE	NOW_NUM
0.1096	0.0000	0.0000	45.0000	55.0000	739648.456867
0.2112	0.0000	0.0000	45.0000	55.0000	739648.456867
0.3145	0.0000	0.0000	45.0000	55.0000	739648.456867
0.4146	0.0000	0.0000	45.0000	55.0000	739648.456867
0.5313	0.0000	0.0000	45.0000	55.0000	739648.456867
0.6477	0.0000	0.0000	45.0000	55.0000	739648.456867
0.7642	0.0000	0.0000	45.0000	55.0000	739648.456867
0.8644	0.0000	0.0000	45.0000	55.0000	739648.456867
0.9811	0.0000	0.0000	45.0000	55.0000	739648.456867
1.0813	0.0000	0.0000	45.0000	55.0000	739648.456867
1.1979	0.0000	0.0000	45.0000	55.0000	739648.456867
1.3145	0.0000	0.0000	46.2200	55.0000	739648.456867
1.4311	0.0000	0.0000	54.7600	55.0000	739648.456867
1.5476	0.0000	0.0000	63.3000	55.0000	739648.456867
1.6477	0.0000	0.0000	70.6200	55.0000	739648.456867
1.7478	0.0000	0.0000	77.9400	55.0000	739648.456867
1.8480	0.0000	0.0000	85.2600	55.0000	739648.456867
1.9647	0.0000	0.0000	88.9200	55.0000	739648.456867
2.0812	0.0000	0.0000	88.9200	55.0000	739648.456867
2.1978	0.0000	0.0000	88.9200	55.0000	739648.456867
2.3144	0.0000	0.0000	84.0400	55.0000	739648.456867
2.4147	0.0000	0.0000	76.7200	55.0000	739648.456867
2.5310	0.0000	0.0000	69.4000	55.0000	739648.456867
2.6310	0.0000	0.0000	69.4000	55.0000	739648.456867
2.7312	0.0000	0.0000	69.4000	55.0000	739648.456867
2.8314	-0.0141	0.0374	69.4000	55.0000	739648.456867
2.9315	-0.0563	0.1498	69.4000	55.0000	739648.456867
3.0318	-0.0985	0.2621	69.4000	55.0000	739648.456867
3.1480	-0.1478	0.3931	69.4000	55.0000	739648.456867
3.2646	-0.1970	0.5242	69.4000	55.0000	739648.456867
3.3648	-0.2181	0.5804	69.4000	55.0000	739648.456867
3.4813	-0.2181	0.5804	69.4000	55.0000	739648.456867
3.5814	-0.2252	0.5991	69.4000	55.0000	739648.456867
3.6821	-0.2674	0.7114	69.4000	55.0000	739648.456867
3.7980	-0.3167	0.8425	69.4000	55.0000	739648.456867
3.8981	-0.3237	0.8612	69.4000	55.0000	739648.456867
4.0148	-0.3589	0.9548	69.4000	55.0000	739648.456867
4.1314	-0.4081	1.0858	69.4000	55.0000	739648.456867
4.2316	-0.4504	1.1982	69.4000	55.0000	739648.456867
4.3484	-0.4855	1.2918	69.4000	55.0000	739648.456867
4.4645	-0.5348	1.4228	69.4000	55.0000	739648.456867
4.5646	-0.5730	1.5365	74.2800	55.0000	739648.456867
4.6814	-0.5993	1.6739	82.8200	55.0000	739648.456867
4.7817	-0.6054	1.7937	90.1400	55.0000	739648.456867
4.8980	-0.5931	1.9330	98.6800	55.0000	739648.456867
4.9984	-0.5871	1.9725	98.6800	55.0000	739648.456867
5.1147	-0.5660	2.1109	98.6800	55.0000	739648.456867
5.2148	-0.5479	2.2296	98.6800	55.0000	739648.456867
5.3313	-0.5267	2.3679	98.6800	55.0000	739648.456867
5.4315	-0.5086	2.4866	98.6800	55.0000	739648.456867
5.5481	-0.4875	2.6250	98.6800	55.0000	739648.456867
5.6646	-0.4664	2.7634	98.6800	55.0000	739648.456867
5.7649	-0.4483	2.8820	98.6800	55.0000	739648.456867
5.8814	-0.4271	3.0204	98.6800	55.0000	739648.456867
5.9815	-0.4090	3.1390	98.6800	55.0000	739648.456867
6.0816	-0.3909	3.2576	98.6800	55.0000	739648.456867
6.1981	-0.3698	3.3960	98.6800	55.0000	739648.456867
6.3147	-0.3487	3.5344	98.6800	55.0000	739648.456867
6.4154	-0.3305	3.6531	98.6800	55.0000	739648.456867
6.5314	-0.3094	3.7915	98.6800	55.0000	739648.456867
6.6481	-0.2883	3.9299	98.6800	55.0000	739648.456867
6.7491	-0.2702	4.0485	98.6800	55.0000	739648.456867
6.8647	-0.2491	4.1869	98.6800	55.0000	739648.456867
6.9648	-0.2370	4.2660	98.6800	55.0000	739648.456867
7.0813	-0.2304	4.3657	91.3600	55.0000	739648.456867
7.1815	-0.2364	4.4855	84.0400	55.0000	739648.456867
7.2979	-0.2628	4.6228	75.5000	55.0000	739648.456867
7.3989	-0.3013	4.7364	68.1800	55.0000	739648.456867
7.5147	-0.3642	4.8613	59.6400	55.0000	739648.456867
7.6317	-0.4449	4.9756	51.1000	55.0000	739648.456867
7.7481	-0.5417	5.0766	42.5600	55.0000	739648.456867
7.8648	-0.6524	5.1621	34.0200	55.0000	739648.456867
7.9813	-0.6524	5.1621	25.4800	55.0000	739648.456867
8.0815	-0.6524	5.1621	18.1600	55.0000	739648.456867
8.1981	-0.6524	5.1621	9.6200	55.0000	739648.456867
8.3146	-0.6524	5.1621	1.0800	55.0000	739648.456867
8.4314	-0.6524	5.1621	-7.4600	55.0000	739648.456867
8.5484	-0.6524	5.1621	-16.0000	55.0000	739648.456867
8.6648	-0.6524	5.1621	-19.6600	55.0000	739648.456867
8.7814	-0.6524	5.1621	-19.6600	55.0000	739648.456867
8.8980	-0.7842	5.1150	-19.6600	55.0000	739648.456867
9.0147	-0.8931	5.0741	-19.6600	55.0000	739648.456867
9.1314	-0.8880	5.0613	-19.6600	55.0000	739648.456867
9.2480	-0.8814	5.0458	-19.6600	55.0000	739648.456867
9.3646	-0.8728	5.0268	-19.6600	55.0000	739648.456867
9.4647	-0.8684	5.0062	-19.6600	55.0000	739648.456867
9.5814	-0.8685	4.9855	-19.6600	55.0000	739648.456867
9.6980	-0.8685	4.9855	-19.6600	55.0000	739648.456867
9.8151	-0.8685	4.9855	-17.2200	55.0000	739648.456867
9.9315	-0.8685	4.9855	-8.6800	55.0000	739648.456867
10.0482	-0.8685	4.9855	-0.1400	55.0000	739648.456867
10.1648	-0.8685	4.9855	8.4000	55.0000	739648.456867
10.2814	-0.8685	4.9855	16.9400	55.0000	739648.456867
10.3980	-0.8685	4.9855	25.4800	55.0000	739648.456867
10.4980	-0.8685	4.9855	29.1400	55.0000	739648.456867
10.6147	-0.8547	4.9996	29.1400	55.0000	739648.456867
10.7318	-0.8669	5.0485	29.1400	55.0000	739648.456867
10.8484	-0.9255	5.1108	29.1400	55.0000	739648.456867
10.9647	-1.0478	5.1790	29.1400	55.0000	739648.456867
11.0649	-1.1526	5.2374	29.1400	55.0000	739648.456867
11.1812	-1.2749	5.3056	29.1400	55.0000	739648.456867
11.2813	-1.3797	5.3640	29.1400	55.0000	739648.456867
11.3980	-1.4690	5.4090	21.8200	55.0000	739648.456867
11.4983	-1.4690	5.4090	14.5000	55.0000	739648.456867
11.6148	-1.4690	5.4090	5.9600	55.0000	739648.456867
11.7312	-1.4690	5.4090	-2.5800	55.0000	739648.456867
11.8314	-1.4690	5.4090	-9.9000	55.0000	739648.456867
11.9326	-1.4690	5.4090	-17.2200	55.0000	739648.456867
12.0481	-1.4690	5.4090	-25.7600	55.0000	739648.456867
12.1485	-1.4690	5.4090	-33.0800	55.0000	739648.456867
12.2650	-1.4690	5.4090	-41.6200	55.0000	739648.456867
12.3816	-1.4690	5.4090	-50.1600	55.0000	739648.456867
12.4980	-1.4690	5.4090	-53.8200	55.0000	739648.456867
12.5982	-1.5044	5.3605	-53.8200	55.0000	739648.456867
12.7147	-1.5871	5.2475	-53.8200	55.0000	739648.456867
12.8313	-1.6697	5.1345	-53.8200	55.0000	739648.456867
12.9314	-1.7405	5.0377	-53.8200	55.0000	739648.456867
13.0481	-1.8232	4.9247	-53.8200	55.0000	739648.456867
13.1648	-1.9058	4.8117	-53.8200	55.0000	739648.456867
13.2813	-1.9531	4.7471	-53.8200	55.0000	739648.456867
13.3814	-1.9531	4.7471	-53.8200	55.0000	739648.456867
13.4981	-1.9531	4.7471	-53.8200	55.0000	739648.456867
13.6148	-1.9531	4.7471	-53.8200	55.0000	739648.456867
13.7149	-1.9531	4.7471	-53.8200	55.0000	739648.456867
13.8313	-1.9531	4.7471	-53.8200	55.0000	739648.456867
13.9483	-1.9531	4.7471	-53.8200	55.0000	739648.456867
14.0649	-1.9531	4.7471	-53.8200	55.0000	739648.456867
14.1813	-1.9531	4.7471	-53.8200	55.0000	739648.456867
14.2814	-1.9531	4.7471	-53.8200	55.0000	739648.456867
14.3981	-2.0357	4.6341	-53.8200	55.0000	739648.456867
14.5148	-2.1184	4.5211	-53.8200	55.0000	739648.456867
14.6315	-2.2010	4.4081	-53.8200	55.0000	739648.456867
14.7482	-2.2836	4.2951	-53.8200	55.0000	739648.456867
14.8648	-2.3659	4.1818	-55.0400	55.0000	739648.456867
14.9815	-2.4361	4.0608	-63.5800	55.0000	739648.456867
15.0981	-2.4874	3.9307	-72.1200	55.0000	739648.456867
15.2147	-2.5189	3.7944	-80.6600	55.0000	739648.456867
15.3313	-2.5297	3.6549	-89.2000	55.0000	739648.456867
15.4315	-2.5225	3.5352	-96.5200	55.0000	739648.456867
15.5480	-2.4948	3.3981	-105.0600	55.0000	739648.456867
15.6647	-2.4471	3.2666	-113.6000	55.0000	739648.456867
15.7812	-2.3804	3.1437	-122.1400	55.0000	739648.456867
15.8814	-2.3093	3.0472	-129.4600	55.0000	739648.456867
15.9815	-2.2264	2.9605	-136.7800	55.0000	739648.456867
16.0980	-2.1339	2.8779	-141.6600	55.0000	739648.456867
16.2147	-2.1339	2.8469	-141.6600	55.0000	739648.456867
16.3315	-2.1339	2.8469	-135.5600	55.0000	739648.456867
16.4481	-2.1339	2.8469	-127.0200	55.0000	739648.456867
16.5646	-2.1339	2.8469	-118.4800	55.0000	739648.456867
16.6646	-2.1339	2.8469	-111.1600	55.0000	739648.456867
16.7664	-2.1339	2.8469	-103.8400	55.0000	739648.456867
16.8813	-2.1339	2.8469	-95.3000	55.0000	739648.456867
16.9979	-2.1339	2.8469	-86.7600	55.0000	739648.456867
17.0980	-2.1339	2.8469	-79.4400	55.0000	739648.456867
17.2146	-2.1339	2.8469	-75.7800	55.0000	739648.456867
17.3148	-2.1339	2.8469	-75.7800	55.0000	739648.456867
17.4148	-2.1388	2.8275	-75.7800	55.0000	739648.456867
17.5149	-2.1683	2.7112	-75.7800	55.0000	739648.456867
17.6315	-2.2027	2.5755	-75.7800	55.0000	739648.456867
17.7481	-2.2370	2.4398	-75.7800	55.0000	739648.456867
17.8482	-2.2665	2.3234	-75.7800	55.0000	739648.456867
17.9484	-2.2960	2.2071	-75.7800	55.0000	739648.456867
18.0647	-2.3304	2.0714	-75.7800	55.0000	739648.456867
18.1814	-2.3648	1.9357	-75.7800	55.0000	739648.456867
18.2980	-2.3992	1.8000	-75.7800	55.0000	739648.456867
18.4146	-2.4336	1.6643	-75.7800	55.0000	739648.456867
18.5313	-2.4581	1.5673	-75.7800	55.0000	739648.456867
18.6481	-2.4581	1.5673	-75.7800	55.0000	739648.456867
18.7647	-2.4581	1.5673	-75.7800	55.0000	739648.456867
18.8648	-2.4680	1.5286	-75.7800	55.0000	739648.456867
18.9814	-2.5023	1.3929	-75.7800	55.0000	739648.456867
19.0979	-2.5367	1.2572	-75.7800	55.0000	739648.456867
19.2147	-2.5711	1.1214	-75.7800	55.0000	739648.456867
19.3315	-2.6055	0.9857	-75.7800	55.0000	739648.456867
19.4316	-2.6350	0.8694	-75.7800	55.0000	739648.456867
19.5480	-2.6497	0.8112	-75.7800	55.0000	739648.456867
19.6646	-2.6497	0.8112	-75.7800	55.0000	739648.456867
19.7646	-2.6497	0.8112	-75.7800	55.0000	739648.456867
19.8649	-2.6497	0.8112	-75.7800	55.0000	739648.456867
19.9814	-2.6497	0.8112	-75.7800	55.0000	739648.456867
20.0818	-2.6203	0.9276	-75.7800	55.0000	739648.456867
20.1983	-2.5859	1.0633	-75.7800	55.0000	739648.456867
20.3151	-2.5515	1.1990	-75.7800	55.0000	739648.456867
20.4313	-2.5171	1.3347	-75.7800	55.0000	739648.456867
20.5315	-2.4876	1.4510	-75.7800	55.0000	739648.456867
20.6480	-2.4532	1.5867	-75.7800	55.0000	739648.456867
20.7481	-2.4237	1.7031	-75.7800	55.0000	739648.456867
20.8646	-2.3893	1.8388	-75.7800	55.0000	739648.456867
20.9652	-2.3599	1.9551	-75.7800	55.0000	739648.456867
21.0815	-2.3255	2.0908	-75.7800	55.0000	739648.456867
21.1979	-2.2911	2.2265	-75.7800	55.0000	739648.456867
21.2981	-2.2616	2.3428	-75.7800	55.0000	739648.456867
21.4146	-2.2187	2.4760	-68.4600	55.0000	739648.456867
21.5316	-2.1564	2.6012	-59.9200	55.0000	739648.456867
21.6317	-2.1353	2.6677	-52.6000	55.0000	739648.456867
21.7482	-2.1353	2.7194	-44.0600	55.0000	739648.456867
21.8646	-2.1353	2.7636	-35.5200	55.0000	739648.456867
21.9650	-2.1353	2.7947	-28.2000	55.0000	739648.456867
22.0815	-2.1353	2.8224	-19.6600	55.0000	739648.456867
22.1980	-2.1353	2.8403	-11.1200	55.0000	739648.456867
22.3147	-2.1353	2.8479	-2.5800	55.0000	739648.456867
22.4313	-2.1353	2.8451	5.9600	55.0000	739648.456867
22.5314	-2.1353	2.8344	13.2800	55.0000	739648.456867
22.6318	-2.1353	2.8163	20.6000	55.0000	739648.456867
22.7480	-2.1353	2.7862	29.1400	55.0000	739648.456867
22.8481	-2.1353	2.7532	36.4600	55.0000	739648.456867
22.9482	-2.1353	2.7141	43.7800	55.0000	739648.456867
23.0646	-2.1353	2.6616	52.3200	55.0000	739648.456867
23.1647	-2.1252	2.6029	59.6400	55.0000	739648.456867
23.2813	-2.1252	2.5398	68.1800	55.0000	739648.456867
23.3820	-2.1252	2.4828	73.0600	55.0000	739648.456867
23.4980	-2.1252	2.4732	73.0600	55.0000	739648.456867
23.6146	-2.1252	2.4732	73.0600	55.0000	739648.456867
23.7315	-2.1252	2.4732	73.0600	55.0000	739648.456867
23.8480	-2.1252	2.4252	75.5000	55.0000	739648.456867
23.9481	-2.1252	2.3662	82.8200	55.0000	739648.456867
24.0528	-2.1252	2.3063	88.9200	55.0000	739648.456867
24.1648	-2.1252	2.3063	88.9200	55.0000	739648.456867
24.2652	-2.1252	2.3063	88.9200	55.0000	739648.456867
24.3829	-2.1252	2.3063	88.9200	55.0000	739648.456867
24.4980	-2.1252	2.3063	88.9200	55.0000	739648.456867
24.6146	-2.1252	2.3063	88.9200	55.0000	739648.456867
24.7312	-2.1278	2.4463	88.9200	55.0000	739648.456867
24.8315	-2.1301	2.5663	88.9200	55.0000	739648.456867
24.9479	-2.1327	2.7062	88.9200	55.0000	739648.456867
25.0646	-2.1354	2.8462	88.9200	55.0000	739648.456867
25.1816	-2.1380	2.9862	88.9200	55.0000	739648.456867
25.2985	-2.1406	3.1262	88.9200	55.0000	739648.456867
25.4147	-2.1433	3.2661	88.9200	55.0000	739648.456867
25.5314	-2.1455	3.3861	88.9200	55.0000	739648.456867
25.6478	-2.1455	3.3861	88.9200	55.0000	739648.456867
25.7479	-2.1455	3.3861	88.9200	55.0000	739648.456867
25.8482	-2.1455	3.3861	88.9200	55.0000	739648.456867
25.9484	-2.1455	3.3861	88.9200	55.0000	739648.456867
26.0648	-2.1455	3.3861	88.9200	55.0000	739648.456867
26.1822	-2.1455	3.3861	95.0200	55.0000	739648.456867
26.2980	-2.1455	3.3861	103.5600	55.0000	739648.456867
26.4145	-2.1455	3.3861	108.4400	55.0000	739648.456867
26.5150	-2.1455	3.3861	103.5600	55.0000	739648.456867
26.6157	-2.1455	3.3861	96.2400	55.0000	739648.456867
26.7312	-2.1455	3.3861	92.5800	55.0000	739648.456867
26.8315	-2.1455	3.3861	92.5800	55.0000	739648.456867
26.9481	-2.1455	3.3861	92.5800	55.0000	739648.456867
27.0646	-2.1401	3.5060	92.5800	55.0000	739648.456867
27.1670	-2.1347	3.6259	92.5800	55.0000	739648.456867
27.2815	-2.1284	3.7657	92.5800	55.0000	739648.456867
27.3980	-2.1221	3.9056	92.5800	55.0000	739648.456867
27.5147	-2.1158	4.0455	92.5800	55.0000	739648.456867
27.6313	-2.1095	4.1853	92.5800	55.0000	739648.456867
27.7314	-2.1050	4.2852	92.5800	55.0000	739648.456867
27.8479	-2.1050	4.2852	92.5800	55.0000	739648.456867
27.9646	-2.1050	4.2852	91.3600	55.0000	739648.456867
28.0647	-2.1050	4.2852	84.0400	55.0000	739648.456867
28.1813	-2.1050	4.2852	75.5000	55.0000	739648.456867
28.2978	-2.1050	4.2852	66.9600	55.0000	739648.456867
28.3981	-2.1050	4.2852	59.6400	55.0000	739648.456867
28.5147	-2.1050	4.2852	51.1000	55.0000	739648.456867
28.6313	-2.1050	4.2852	42.5600	55.0000	739648.456867
28.7481	-2.1050	4.2852	34.0200	55.0000	739648.456867
28.8647	-2.1050	4.2852	25.4800	55.0000	739648.456867
28.9649	-2.1050	4.2852	20.6000	55.0000	739648.456867
29.0815	-2.2361	4.3345	20.6000	55.0000	739648.456867
29.1984	-2.3671	4.3837	20.6000	55.0000	739648.456867
29.3147	-2.4982	4.4330	20.6000	55.0000	739648.456867
29.4148	-2.6105	4.4752	20.6000	55.0000	739648.456867
29.5312	-2.7415	4.5245	20.6000	55.0000	739648.456867
29.6314	-2.8539	4.5667	20.6000	55.0000	739648.456867
29.7479	-2.9849	4.6159	20.6000	55.0000	739648.456867
29.8481	-3.0972	4.6582	20.6000	55.0000	739648.456867
29.9646	-3.2283	4.7074	20.6000	55.0000	739648.456867
30.0647	-3.3408	4.7492	19.3800	55.0000	739648.456867
30.1814	-3.4762	4.7843	10.8400	55.0000	739648.456867
30.2818	-3.5953	4.7980	3.5200	55.0000	739648.456867
30.3980	-3.7352	4.7947	-5.0200	55.0000	739648.456867
30.5147	-3.8737	4.7748	-8.6800	55.0000	739648.456867
30.6313	-4.0121	4.7537	-8.6800	55.0000	739648.456867
30.7479	-4.1505	4.7325	-8.6800	55.0000	739648.456867
30.8646	-4.2889	4.7114	-8.6800	55.0000	739648.456867
30.9651	-4.4075	4.6933	-8.6800	55.0000	739648.456867
31.0814	-4.5463	4.6747	-5.0200	55.0000	739648.456867
31.1981	-4.6262	4.6720	3.5200	55.0000	739648.456867
31.3146	-4.6262	4.6720	12.0600	55.0000	739648.456867
31.4313	-4.6262	4.6720	20.6000	55.0000	739648.456867
31.5313	-4.6262	4.6720	27.9200	55.0000	739648.456867
31.6314	-4.6262	4.6720	35.2400	55.0000	739648.456867
31.7481	-4.6262	4.6720	36.4600	55.0000	739648.456867
31.8649	-4.6262	4.6720	34.0200	55.0000	739648.456867
31.9813	-4.6262	4.6720	25.4800	55.0000	739648.456867
32.0978	-4.6262	4.6720	16.9400	55.0000	739648.456867
32.1981	-4.6262	4.6720	9.6200	55.0000	739648.456867
32.2982	-4.6262	4.6720	2.3000	55.0000	739648.456867
32.4146	-4.6262	4.6720	-6.2400	55.0000	739648.456867
32.5149	-4.6262	4.6720	-13.5600	55.0000	739648.456867
32.6312	-4.6262	4.6720	-22.1000	55.0000	739648.456867
32.7428	-4.6262	4.6720	-29.4200	55.0000	739648.456867
32.8480	-4.6262	4.6720	-34.3000	55.0000	739648.456867
32.9646	-4.6262	4.6720	-34.3000	55.0000	739648.456867
33.0824	-4.6262	4.6720	-34.3000	55.0000	739648.456867
33.1980	-4.6262	4.6720	-34.3000	55.0000	739648.456867
33.2996	-4.6262	4.6720	-34.3000	55.0000	739648.456867
33.4145	-4.6262	4.6720	-34.3000	55.0000	739648.456867
33.5147	-4.6262	4.6720	-34.3000	55.0000	739648.456867
33.6313	-4.6262	4.6720	-25.7600	55.0000	739648.456867
33.7313	-4.6262	4.6720	-18.4400	55.0000	739648.456867
33.8317	-4.6262	4.6720	-11.1200	55.0000	739648.456867
33.9480	-4.6262	4.6720	-2.5800	55.0000	739648.456867
34.0648	-4.6262	4.6720	5.9600	55.0000	739648.456867
34.1816	-4.6262	4.6720	14.5000	55.0000	739648.456867
34.2996	-4.6262	4.6720	23.0400	55.0000	739648.456867
34.4147	-4.6262	4.6720	31.5800	55.0000	739648.456867
34.5311	-4.6262	4.6720	40.1200	55.0000	739648.456867
34.6313	-4.6262	4.6720	47.4400	55.0000	739648.456867
34.7480	-4.6262	4.6720	55.9800	55.0000	739648.456867
34.8646	-4.6262	4.6720	64.5200	55.0000	739648.456867
34.9814	-4.6262	4.6720	73.0600	55.0000	739648.456867
35.0980	-4.6262	4.6720	81.6000	55.0000	739648.456867
35.2150	-4.6262	4.6720	90.1400	55.0000	739648.456867
35.3314	-4.6262	4.6720	92.5800	55.0000	739648.456867
35.4315	-4.6262	4.6720	92.5800	55.0000	739648.456867
35.5479	-4.6262	4.6720	92.5800	55.0000	739648.456867
35.6648	-4.6226	4.7519	92.5800	55.0000	739648.456867
35.7813	-4.6163	4.8917	92.5800	55.0000	739648.456867
35.8818	-4.6109	5.0116	92.5800	55.0000	739648.456867
35.9978	-4.6046	5.1515	92.5800	55.0000	739648.456867
36.0983	-4.6028	5.1914	93.8000	55.0000	739648.456867
36.2148	-4.6028	5.1914	102.3400	55.0000	739648.456867
36.3150	-4.6028	5.1914	109.6600	55.0000	739648.456867
36.4315	-4.6028	5.1914	118.2000	55.0000	739648.456867
36.5480	-4.6028	5.1914	126.7400	55.0000	739648.456867
36.6480	-4.6028	5.1914	134.0600	55.0000	739648.456867
36.7646	-4.6028	5.1914	142.6000	55.0000	739648.456867
36.8814	-4.6028	5.1914	151.1400	55.0000	739648.456867
36.9815	-4.6028	5.1914	158.4600	55.0000	739648.456867
37.0979	-4.6028	5.1914	167.0000	55.0000	739648.456867
37.1982	-4.6028	5.1914	174.3200	55.0000	739648.456867
37.3147	-4.6028	5.1914	181.6400	55.0000	739648.456867
37.4148	-4.6028	5.1914	181.6400	55.0000	739648.456867
37.5149	-4.6028	5.1914	181.6400	55.0000	739648.456867
37.6313	-4.6028	5.1914	181.6400	55.0000	739648.456867
37.7485	-4.6028	5.1914	181.6400	55.0000	739648.456867
37.8651	-4.4828	5.1880	181.6400	55.0000	739648.456867
37.9811	-4.3429	5.1840	181.6400	55.0000	739648.456867
38.0813	-4.2229	5.1806	181.6400	55.0000	739648.456867
38.1979	-4.0830	5.1766	181.6400	55.0000	739648.456867
38.2982	-3.9630	5.1731	181.6400	55.0000	739648.456867
38.4147	-3.8231	5.1691	181.6400	55.0000	739648.456867
38.5152	-3.7031	5.1657	181.6400	55.0000	739648.456867
38.6317	-3.5632	5.1617	181.6400	55.0000	739648.456867
38.7480	-3.4233	5.1577	181.6400	55.0000	739648.456867
38.8481	-3.3033	5.1542	181.6400	55.0000	739648.456867
38.9648	-3.1634	5.1502	181.6400	55.0000	739648.456867
39.0813	-3.1234	5.1491	181.6400	55.0000	739648.456867
39.1815	-3.1234	5.1491	181.6400	55.0000	739648.456867
39.2818	-3.1234	5.1491	181.6400	55.0000	739648.456867
39.3979	-3.1234	5.1491	177.9800	55.0000	739648.456867
39.4981	-3.1234	5.1491	170.6600	55.0000	739648.456867
39.5982	-3.1234	5.1491	163.3400	55.0000	739648.456867
39.7146	-3.1234	5.1491	154.8000	55.0000	739648.456867
39.8147	-3.1234	5.1491	147.4800	55.0000	739648.456867
39.9313	-3.1234	5.1491	138.9400	55.0000	739648.456867
40.0479	-3.1234	5.1491	130.4000	55.0000	739648.456867
40.1648	-3.1234	5.1491	121.8600	55.0000	739648.456867
40.2653	-3.1234	5.1491	114.5400	55.0000	739648.456867
40.3813	-3.1234	5.1491	106.0000	55.0000	739648.456867
40.4980	-3.1234	5.1491	97.4600	55.0000	739648.456867
40.6157	-3.1234	5.1491	88.9200	55.0000	739648.456867
40.7313	-3.1234	5.1491	80.3800	55.0000	739648.456867
40.8314	-3.1234	5.1491	73.0600	55.0000	739648.456867
40.9480	-3.1234	5.1491	64.5200	55.0000	739648.456867
41.0648	-3.1234	5.1491	55.9800	55.0000	739648.456867
41.1813	-3.1234	5.1491	47.4400	55.0000	739648.456867
41.2815	-3.1234	5.1491	40.1200	55.0000	739648.456867
41.3981	-3.1234	5.1491	31.5800	55.0000	739648.456867
41.4996	-3.1234	5.1491	24.2600	55.0000	739648.456867
41.6148	-3.1234	5.1491	18.1600	55.0000	739648.456867
41.7314	-3.2374	5.1865	18.1600	55.0000	739648.456867
41.8479	-3.3704	5.2301	18.1600	55.0000	739648.456867
41.9646	-3.5035	5.2738	18.1600	55.0000	739648.456867
42.0647	-3.6175	5.3112	18.1600	55.0000	739648.456867
42.1815	-3.7505	5.3548	18.1600	55.0000	739648.456867
42.2980	-3.8835	5.3984	18.1600	55.0000	739648.456867
42.4147	-4.0166	5.4421	18.1600	55.0000	739648.456867
42.5313	-4.1496	5.4857	18.1600	55.0000	739648.456867
42.6478	-4.2826	5.5293	18.1600	55.0000	739648.456867
42.7646	-4.4156	5.5730	18.1600	55.0000	739648.456867
42.8813	-4.5487	5.6166	18.1600	55.0000	739648.456867
42.9980	-4.6817	5.6602	18.1600	55.0000	739648.456867
43.1147	-4.8147	5.7039	18.1600	55.0000	739648.456867
43.2314	-4.9481	5.7463	15.7200	55.0000	739648.456867
43.3481	-5.0262	5.7638	7.1800	55.0000	739648.456867
43.4647	-5.0262	5.7638	-1.3600	55.0000	739648.456867
43.5815	-5.0262	5.7638	-9.9000	55.0000	739648.456867
43.6979	-5.0262	5.7638	-18.4400	55.0000	739648.456867
43.8145	-5.0262	5.7638	-26.9800	55.0000	739648.456867
43.9146	-5.1111	5.7111	-34.3000	55.0000	739648.456867
44.0148	-5.2048	5.6363	-41.6200	55.0000	739648.456867
44.1313	-5.3075	5.5411	-42.8400	55.0000	739648.456867
44.2318	-5.3955	5.4595	-42.8400	55.0000	739648.456867
44.3479	-5.4981	5.3643	-42.8400	55.0000	739648.456867
44.4482	-5.5861	5.2827	-42.8400	55.0000	739648.456867
44.5650	-5.6888	5.1875	-42.8400	55.0000	739648.456867
44.6816	-5.7911	5.0920	-44.0600	55.0000	739648.456867
44.7980	-5.8708	4.9945	-52.6000	55.0000	739648.456867
44.8981	-5.8708	4.9443	-59.9200	55.0000	739648.456867
44.9981	-5.8708	4.8903	-67.2400	55.0000	739648.456867
45.1145	-5.8708	4.8237	-75.7800	55.0000	739648.456867
45.2148	-5.8749	4.7549	-83.1000	55.0000	739648.456867
45.3313	-5.8742	4.6650	-91.6400	55.0000	739648.456867
45.4482	-5.8588	4.5260	-98.9600	55.0000	739648.456867
45.5645	-5.8369	4.3877	-98.9600	55.0000	739648.456867
45.6646	-5.8183	4.2691	-98.9600	55.0000	739648.456867
45.7813	-5.7965	4.1308	-98.9600	55.0000	739648.456867
45.8980	-5.7742	3.9926	-100.1800	55.0000	739648.456867
46.0145	-5.7379	3.8576	-108.7200	55.0000	739648.456867
46.1313	-5.6819	3.7294	-117.2600	55.0000	739648.456867
46.2479	-5.6075	3.6109	-125.8000	55.0000	739648.456867
46.3646	-5.5163	3.5049	-134.3400	55.0000	739648.456867
46.4812	-5.4104	3.4135	-142.8800	55.0000	739648.456867
46.5980	-5.2921	3.3389	-151.4200	55.0000	739648.456867
46.6981	-5.1828	3.2895	-158.7400	55.0000	739648.456867
46.8145	-5.0486	3.2501	-167.2800	55.0000	739648.456867
46.9148	-4.9300	3.2325	-174.6000	55.0000	739648.456867
47.0155	-4.8101	3.2301	-181.9200	55.0000	739648.456867
47.1156	-4.7702	3.2327	-189.2400	55.0000	739648.456867
47.2158	-4.7702	3.2327	-191.6800	55.0000	739648.456867
47.3317	-4.6918	3.2489	-191.6800	55.0000	739648.456867
47.4479	-4.5547	3.2772	-191.6800	55.0000	739648.456867
47.5481	-4.4372	3.3015	-191.6800	55.0000	739648.456867
47.6647	-4.3001	3.3299	-191.6800	55.0000	739648.456867
47.7814	-4.1630	3.3582	-191.6800	55.0000	739648.456867
47.8981	-4.0259	3.3866	-191.6800	55.0000	739648.456867
48.0147	-3.8888	3.4149	-191.6800	55.0000	739648.456867
48.1313	-3.7517	3.4433	-191.6800	55.0000	739648.456867
48.2315	-3.6328	3.4587	-184.3600	55.0000	739648.456867
48.3480	-3.4929	3.4574	-175.8200	55.0000	739648.456867
48.4480	-3.4730	3.4556	-168.5000	55.0000	739648.456867
48.5645	-3.4542	3.4487	-159.9600	55.0000	739648.456867
48.6647	-3.3449	3.3993	-152.6400	55.0000	739648.456867
48.7814	-3.2266	3.3247	-144.1000	55.0000	739648.456867
48.8981	-3.1350	3.2404	-135.5600	55.0000	739648.456867
49.0149	-3.1350	3.1873	-127.0200	55.0000	739648.456867
49.1313	-3.1251	3.1194	-118.4800	55.0000	739648.456867
49.2481	-3.1251	3.0553	-109.9400	55.0000	739648.456867
49.3645	-3.1251	2.9878	-102.6200	55.0000	739648.456867
49.4648	-3.1251	2.9293	-102.6200	55.0000	739648.456867
49.5813	-3.1251	2.8610	-102.6200	55.0000	739648.456867
49.6814	-3.1251	2.8024	-102.6200	55.0000	739648.456867
49.7980	-3.1251	2.7341	-102.6200	55.0000	739648.456867
49.8981	-3.1251	2.6756	-102.6200	55.0000	739648.456867
50.0149	-3.1251	2.6073	-102.6200	55.0000	739648.456867
50.1314	-3.1251	2.5390	-102.6200	55.0000	739648.456867
50.2481	-3.1251	2.4707	-102.6200	55.0000	739648.456867
50.3645	-3.1251	2.4023	-102.6200	55.0000	739648.456867
50.4814	-3.1251	2.3340	-102.6200	55.0000	739648.456867
50.5979	-3.1251	2.2650	-95.3000	55.0000	739648.456867
50.6980	-3.1261	2.1850	-87.9800	55.0000	739648.456867
50.8147	-3.1365	2.0454	-85.5400	55.0000	739648.456867
50.9312	-3.1474	1.9058	-85.5400	55.0000	739648.456867
51.0314	-3.1567	1.7862	-85.5400	55.0000	739648.456867
51.1479	-3.1676	1.6466	-85.5400	55.0000	739648.456867
51.2652	-3.1785	1.5070	-85.5400	55.0000	739648.456867
51.3812	-3.1894	1.3675	-85.5400	55.0000	739648.456867
51.4980	-3.2121	1.2294	-77.0000	55.0000	739648.456867
51.6146	-3.2550	1.0963	-68.4600	55.0000	739648.456867
51.7312	-3.3173	0.9711	-59.9200	55.0000	739648.456867
51.8479	-3.3974	0.8564	-51.3800	55.0000	739648.456867
51.9481	-3.4790	0.7686	-44.0600	55.0000	739648.456867
52.0646	-3.5875	0.6802	-35.5200	55.0000	739648.456867
52.1813	-3.7078	0.6089	-26.9800	55.0000	739648.456867
52.2813	-3.8184	0.5626	-19.6600	55.0000	739648.456867
52.3815	-3.9341	0.5308	-12.3400	55.0000	739648.456867
52.4981	-4.0728	0.5126	-3.8000	55.0000	739648.456867
52.6147	-4.2126	0.5153	4.7400	55.0000	739648.456867
52.7314	-4.3505	0.5386	13.2800	55.0000	739648.456867
52.8479	-4.4834	0.5822	21.8200	55.0000	739648.456867
52.9481	-4.5911	0.6350	29.1400	55.0000	739648.456867
53.0483	-4.6977	0.6900	24.2600	55.0000	739648.456867
53.1645	-4.8296	0.7364	15.7200	55.0000	739648.456867
53.2814	-4.8490	0.7414	7.1800	55.0000	739648.456867
53.3984	-4.8490	0.7414	-1.3600	55.0000	739648.456867
53.5150	-4.8490	0.7414	-9.9000	55.0000	739648.456867
53.6315	-4.8490	0.7414	-18.4400	55.0000	739648.456867
53.7482	-4.8490	0.7414	-26.9800	55.0000	739648.456867
53.8646	-4.9155	0.6971	-35.5200	55.0000	739648.456867
53.9812	-5.0295	0.6157	-35.5200	55.0000	739648.456867
54.0816	-5.1271	0.5460	-35.5200	55.0000	739648.456867
54.1980	-5.2411	0.4647	-35.5200	55.0000	739648.456867
54.2981	-5.3388	0.3949	-35.5200	55.0000	739648.456867
54.4147	-5.4527	0.3136	-35.5200	55.0000	739648.456867
54.5148	-5.5504	0.2439	-35.5200	55.0000	739648.456867
54.6312	-5.6643	0.1626	-35.5200	55.0000	739648.456867
54.7330	-5.7620	0.0928	-35.5200	55.0000	739648.456867
54.8479	-5.8759	0.0115	-35.5200	55.0000	739648.456867
54.9482	-5.9736	-0.0582	-35.5200	55.0000	739648.456867
55.0646	-6.0876	-0.1396	-35.5200	55.0000	739648.456867
0.1087	0.0000	0.0000	45.0000	55.0000	739648.484022
0.2191	0.0000	0.0000	45.0000	55.0000	739648.484022
0.3318	0.0000	0.0000	45.0000	55.0000	739648.484022
0.4319	0.0000	0.0000	45.0000	55.0000	739648.484022
0.5321	0.0000	0.0000	45.0000	55.0000	739648.484022
0.6485	0.0000	0.0000	47.4400	55.0000	739648.484022
0.7487	0.0000	0.0000	54.7600	55.0000	739648.484022
0.8652	0.0000	0.0000	63.3000	55.0000	739648.484022
0.9654	0.0000	0.0000	70.6200	55.0000	739648.484022
1.0820	0.0000	0.0000	70.6200	55.0000	739648.484022
1.2000	0.0000	0.0000	70.6200	55.0000	739648.484022
1.3152	0.0000	0.0000	65.7400	55.0000	739648.484022
1.4153	0.0000	0.0000	58.4200	55.0000	739648.484022
1.5174	0.0000	0.0000	58.4200	55.0000	739648.484022
1.6318	0.0000	0.0000	58.4200	55.0000	739648.484022
1.7486	-0.0209	0.0341	58.4200	55.0000	739648.484022
1.8491	-0.0838	0.1363	58.4200	55.0000	739648.484022
1.9651	-0.1571	0.2556	58.4200	55.0000	739648.484022
2.0818	-0.2304	0.3748	58.4200	55.0000	739648.484022
2.1820	-0.2933	0.4771	58.4200	55.0000	739648.484022
2.3003	-0.3539	0.5806	63.3000	55.0000	739648.484022
2.4152	-0.3539	0.5806	71.8400	55.0000	739648.484022
2.5171	-0.3539	0.5806	79.1600	55.0000	739648.484022
2.6318	-0.3576	0.6405	87.7000	55.0000	739648.484022
2.7319	-0.3577	0.7605	90.1400	55.0000	739648.484022
2.8321	-0.3574	0.8805	90.1400	55.0000	739648.484022
2.9322	-0.3571	1.0005	90.1400	55.0000	739648.484022
3.0490	-0.3568	1.1405	90.1400	55.0000	739648.484022
3.1651	-0.3564	1.2805	90.1400	55.0000	739648.484022
3.2652	-0.3562	1.4005	90.1400	55.0000	739648.484022
3.3653	-0.3559	1.5205	90.1400	55.0000	739648.484022
3.4819	-0.3555	1.6605	90.1400	55.0000	739648.484022
3.6002	-0.3552	1.8005	90.1400	55.0000	739648.484022
3.7154	-0.3548	1.9405	90.1400	55.0000	739648.484022
3.8319	-0.3545	2.0805	90.1400	55.0000	739648.484022
3.9320	-0.3542	2.2005	90.1400	55.0000	739648.484022
4.0484	-0.3539	2.3405	90.1400	55.0000	739648.484022
4.1485	-0.3536	2.4605	90.1400	55.0000	739648.484022
4.2650	-0.3532	2.6005	90.1400	55.0000	739648.484022
4.3654	-0.3529	2.7205	90.1400	55.0000	739648.484022
4.4819	-0.3526	2.8604	90.1400	55.0000	739648.484022
4.5984	-0.3522	3.0004	90.1400	55.0000	739648.484022
4.7150	-0.3519	3.1404	90.1400	55.0000	739648.484022
4.8170	-0.3516	3.2604	90.1400	55.0000	739648.484022
4.9183	-0.3513	3.3804	90.1400	55.0000	739648.484022
5.0317	-0.3510	3.5204	90.1400	55.0000	739648.484022
5.1320	-0.3507	3.6404	90.1400	55.0000	739648.484022
5.2487	-0.3503	3.7804	90.1400	55.0000	739648.484022
5.3652	-0.3500	3.9204	90.1400	55.0000	739648.484022
5.4821	-0.3497	4.0604	90.1400	55.0000	739648.484022
5.5984	-0.3493	4.2004	90.1400	55.0000	739648.484022
5.6988	-0.3490	4.3204	90.1400	55.0000	739648.484022
5.8004	-0.3487	4.4404	90.1400	55.0000	739648.484022
5.9152	-0.3484	4.5804	90.1400	55.0000	739648.484022
6.0169	-0.3485	4.7004	88.9200	55.0000	739648.484022
6.1318	-0.3630	4.8396	80.3800	55.0000	739648.484022
6.2321	-0.3806	4.9176	73.0600	55.0000	739648.484022
6.3487	-0.3806	4.9176	64.5200	55.0000	739648.484022
6.4651	-0.3806	4.9176	55.9800	55.0000	739648.484022
6.5653	-0.3806	4.9176	48.6600	55.0000	739648.484022
6.6817	-0.3806	4.9176	40.1200	55.0000	739648.484022
6.7821	-0.3806	4.9176	32.8000	55.0000	739648.484022
6.8986	-0.3806	4.9176	24.2600	55.0000	739648.484022
7.0172	-0.3806	4.9176	15.7200	55.0000	739648.484022
7.1318	-0.3806	4.9176	9.6200	55.0000	739648.484022
7.2485	-0.4792	4.9343	9.6200	55.0000	739648.484022
7.3654	-0.6172	4.9577	9.6200	55.0000	739648.484022
7.4819	-0.7552	4.9811	9.6200	55.0000	739648.484022
7.5820	-0.8735	5.0011	9.6200	55.0000	739648.484022
7.6986	-0.8648	5.0164	9.6200	55.0000	739648.484022
7.7991	-0.8617	5.0324	9.6200	55.0000	739648.484022
7.9157	-0.8791	5.0550	9.6200	55.0000	739648.484022
8.0169	-0.8786	5.0782	9.6200	55.0000	739648.484022
8.1339	-0.9245	5.1084	9.6200	55.0000	739648.484022
8.2340	-0.9996	5.1299	4.7400	55.0000	739648.484022
8.3485	-1.1395	5.1296	-3.8000	55.0000	739648.484022
8.4651	-1.2778	5.1085	-12.3400	55.0000	739648.484022
8.5818	-1.4114	5.0671	-20.8800	55.0000	739648.484022
8.6985	-1.5373	5.0063	-29.4200	55.0000	739648.484022
8.7990	-1.6371	4.9398	-36.7400	55.0000	739648.484022
8.9153	-1.7446	4.8500	-40.4000	55.0000	739648.484022
9.0167	-1.8359	4.7722	-40.4000	55.0000	739648.484022
9.1169	-1.9273	4.6945	-40.4000	55.0000	739648.484022
9.2317	-2.0339	4.6037	-40.4000	55.0000	739648.484022
9.3318	-2.1253	4.5260	-40.4000	55.0000	739648.484022
9.4340	-2.2167	4.4482	-40.4000	55.0000	739648.484022
9.5488	-2.3260	4.3608	-35.5200	55.0000	739648.484022
9.6652	-2.4463	4.2895	-26.9800	55.0000	739648.484022
9.7818	-2.5759	4.2369	-18.4400	55.0000	739648.484022
9.8984	-2.7119	4.2041	-9.9000	55.0000	739648.484022
10.0152	-2.8512	4.1918	-1.3600	55.0000	739648.484022
10.1336	-2.9112	4.1930	7.1800	55.0000	739648.484022
10.2339	-2.9112	4.1930	14.5000	55.0000	739648.484022
10.3491	-2.9112	4.1930	23.0400	55.0000	739648.484022
10.4652	-2.9112	4.1930	31.5800	55.0000	739648.484022
10.5819	-2.9112	4.1930	40.1200	55.0000	739648.484022
10.6984	-2.9244	4.2080	48.6600	55.0000	739648.484022
10.7988	-3.0001	4.3011	51.1000	55.0000	739648.484022
10.9150	-3.0947	4.4041	43.7800	55.0000	739648.484022
11.0156	-3.1245	4.4309	36.4600	55.0000	739648.484022
11.1335	-3.1245	4.4309	27.9200	55.0000	739648.484022
11.2484	-3.2353	4.4766	19.3800	55.0000	739648.484022
11.3497	-3.3485	4.5164	19.3800	55.0000	739648.484022
11.4655	-3.4806	4.5629	19.3800	55.0000	739648.484022
11.5822	-3.6126	4.6093	19.3800	55.0000	739648.484022
11.6988	-3.7447	4.6558	19.3800	55.0000	739648.484022
11.7988	-3.8579	4.6956	19.3800	55.0000	739648.484022
11.9152	-3.9900	4.7421	19.3800	55.0000	739648.484022
12.0170	-4.1032	4.7819	19.3800	55.0000	739648.484022
12.1337	-4.2352	4.8284	19.3800	55.0000	739648.484022
12.2484	-4.3673	4.8748	19.3800	55.0000	739648.484022
12.3486	-4.4805	4.9146	19.3800	55.0000	739648.484022
12.4650	-4.6152	4.9525	12.0600	55.0000	739648.484022
12.5652	-4.7340	4.9688	4.7400	55.0000	739648.484022
12.6817	-4.8738	4.9684	-3.8000	55.0000	739648.484022
12.7819	-4.9926	4.9516	-11.1200	55.0000	739648.484022
12.8985	-5.1270	4.9131	-19.6600	55.0000	739648.484022
13.0180	-5.2543	4.8550	-28.2000	55.0000	739648.484022
13.1335	-5.3715	4.7786	-36.7400	55.0000	739648.484022
13.2338	-5.4620	4.6999	-44.0600	55.0000	739648.484022
13.3486	-5.5538	4.5945	-52.6000	55.0000	739648.484022
13.4487	-5.6194	4.4940	-59.9200	55.0000	739648.484022
13.5492	-5.6716	4.3861	-67.2400	55.0000	739648.484022
13.6652	-5.7145	4.2530	-75.7800	55.0000	739648.484022
13.7817	-5.7372	4.1149	-84.3200	55.0000	739648.484022
13.8984	-5.7392	3.9751	-92.8600	55.0000	739648.484022
14.0170	-5.7203	3.8365	-101.4000	55.0000	739648.484022
14.1336	-5.6811	3.7022	-109.9400	55.0000	739648.484022
14.2486	-5.6224	3.5753	-118.4800	55.0000	739648.484022
14.3655	-5.5455	3.4584	-127.0200	55.0000	739648.484022
14.4817	-5.4521	3.3543	-135.5600	55.0000	739648.484022
14.5819	-5.3605	3.2770	-142.8800	55.0000	739648.484022
14.6984	-5.2422	3.2024	-151.4200	55.0000	739648.484022
14.8168	-5.1141	3.1461	-159.9600	55.0000	739648.484022
14.9169	-5.0403	3.1325	-167.2800	55.0000	739648.484022
15.0317	-4.9235	3.1175	-170.9400	55.0000	739648.484022
15.1319	-4.8050	3.0986	-170.9400	55.0000	739648.484022
15.2484	-4.6668	3.0766	-170.9400	55.0000	739648.484022
15.3485	-4.5483	3.0577	-170.9400	55.0000	739648.484022
15.4653	-4.4098	3.0369	-173.3800	55.0000	739648.484022
15.5818	-4.2900	3.0320	-181.9200	55.0000	739648.484022
15.6985	-4.2900	3.0320	-190.4600	55.0000	739648.484022
15.7986	-4.2710	3.0381	-197.7800	55.0000	739648.484022
15.9152	-4.1419	3.0920	-206.3200	55.0000	739648.484022
16.0319	-4.0209	3.1623	-211.2000	55.0000	739648.484022
16.1336	-3.9182	3.2245	-211.2000	55.0000	739648.484022
16.2484	-3.7985	3.2970	-211.2000	55.0000	739648.484022
16.3652	-3.6787	3.3695	-211.2000	55.0000	739648.484022
16.4818	-3.5547	3.4342	-203.8800	55.0000	739648.484022
16.5819	-3.4417	3.4744	-196.5600	55.0000	739648.484022
16.6987	-3.3047	3.5027	-188.0200	55.0000	739648.484022
16.8152	-3.1651	3.5104	-179.4800	55.0000	739648.484022
16.9156	-3.1251	3.5046	-172.1600	55.0000	739648.484022
17.0318	-3.1251	3.4892	-163.6200	55.0000	739648.484022
17.1335	-3.1251	3.4680	-156.3000	55.0000	739648.484022
17.2485	-3.1251	3.4346	-147.7600	55.0000	739648.484022
17.3651	-3.1251	3.3924	-139.2200	55.0000	739648.484022
17.4652	-3.1251	3.3499	-131.9000	55.0000	739648.484022
17.5819	-3.1251	3.2941	-123.3600	55.0000	739648.484022
17.6983	-3.1251	3.2326	-114.8200	55.0000	739648.484022
17.7985	-3.1251	3.1765	-107.5000	55.0000	739648.484022
17.8991	-3.1251	3.1181	-100.1800	55.0000	739648.484022
18.0153	-3.1251	3.0485	-91.6400	55.0000	739648.484022
18.1156	-3.1308	2.9387	-84.3200	55.0000	739648.484022
18.2168	-3.1515	2.8206	-77.0000	55.0000	739648.484022
18.3336	-3.1944	2.6874	-68.4600	55.0000	739648.484022
18.4337	-3.2466	2.5795	-61.1400	55.0000	739648.484022
18.5483	-3.3142	2.4569	-61.1400	55.0000	739648.484022
18.6485	-3.3721	2.3518	-61.1400	55.0000	739648.484022
18.7654	-3.4397	2.2292	-61.1400	55.0000	739648.484022
18.8818	-3.5016	2.1037	-67.2400	55.0000	739648.484022
18.9986	-3.5445	1.9706	-75.7800	55.0000	739648.484022
19.1152	-3.5672	1.8326	-84.3200	55.0000	739648.484022
19.2154	-3.5702	1.7127	-91.6400	55.0000	739648.484022
19.3318	-3.5606	1.5730	-94.0800	55.0000	739648.484022
19.4336	-3.5521	1.4533	-94.0800	55.0000	739648.484022
19.5488	-3.5421	1.3137	-94.0800	55.0000	739648.484022
19.6652	-3.5322	1.1740	-94.0800	55.0000	739648.484022
19.7653	-3.5236	1.0543	-94.0800	55.0000	739648.484022
19.8818	-3.5162	0.9146	-90.4200	55.0000	739648.484022
19.9819	-3.5243	0.7949	-83.1000	55.0000	739648.484022
20.0987	-3.5528	0.6580	-74.5600	55.0000	739648.484022
20.2151	-3.6014	0.5268	-66.0200	55.0000	739648.484022
20.3153	-3.6582	0.4212	-58.7000	55.0000	739648.484022
20.4316	-3.7407	0.3083	-50.1600	55.0000	739648.484022
20.5335	-3.8242	0.2222	-42.8400	55.0000	739648.484022
20.6488	-3.9345	0.1361	-34.3000	55.0000	739648.484022
20.7490	-3.9948	0.1252	-26.9800	55.0000	739648.484022
20.8652	-4.0596	0.1252	-18.4400	55.0000	739648.484022
20.9817	-4.1276	0.1252	-9.9000	55.0000	739648.484022
21.0819	-4.1872	0.1252	-2.5800	55.0000	739648.484022
21.1983	-4.3172	0.1287	2.3000	55.0000	739648.484022
21.2986	-4.4371	0.1336	2.3000	55.0000	739648.484022
21.4153	-4.5770	0.1392	2.3000	55.0000	739648.484022
21.5320	-4.7169	0.1448	2.3000	55.0000	739648.484022
21.6483	-4.8567	0.1504	2.3000	55.0000	739648.484022
21.7485	-4.9766	0.1552	2.3000	55.0000	739648.484022
21.8651	-5.1165	0.1609	2.3000	55.0000	739648.484022
21.9818	-5.2564	0.1665	2.3000	55.0000	739648.484022
22.0819	-5.3763	0.1713	2.3000	55.0000	739648.484022
22.1821	-5.4962	0.1757	1.0800	55.0000	739648.484022
22.2985	-5.6358	0.1664	-7.4600	55.0000	739648.484022
22.4151	-5.7726	0.1369	-14.7800	55.0000	739648.484022
22.5152	-5.8885	0.1059	-16.0000	55.0000	739648.484022
22.6153	-6.0010	0.0644	-23.3200	55.0000	739648.484022
22.7319	-6.1242	-0.0017	-31.8600	55.0000	739648.484022
22.8484	-6.2363	-0.0854	-40.4000	55.0000	739648.484022
