T	X	Y	HEADING	PERPSECTIVE_ANGLE	NOW_NUM
0.1128	0.0000	0.0000	45.0000	55.0000	739648.456867
0.2297	0.0000	0.0000	45.0000	55.0000	739648.456867
0.3321	0.0000	0.0000	45.0000	55.0000	739648.456867
0.4483	0.0000	0.0000	45.0000	55.0000	739648.456867
0.5486	0.0000	0.0000	45.0000	55.0000	739648.456867
0.6650	0.0000	0.0000	45.0000	55.0000	739648.456867
0.7651	0.0000	0.0000	45.0000	55.0000	739648.456867
0.8819	0.0000	0.0000	46.2200	55.0000	739648.456867
0.9983	0.0000	0.0000	54.7600	55.0000	739648.456867
1.0984	0.0000	0.0000	62.0800	55.0000	739648.456867
1.2153	0.0000	0.0000	70.6200	55.0000	739648.456867
1.3316	0.0000	0.0000	79.1600	55.0000	739648.456867
1.4482	0.0000	0.0000	87.7000	55.0000	739648.456867
1.5484	0.0000	0.0000	90.1400	55.0000	739648.456867
1.6649	0.0000	0.0000	90.1400	55.0000	739648.456867
1.7816	0.0000	0.0000	88.9200	55.0000	739648.456867
1.8984	0.0000	0.0000	80.3800	55.0000	739648.456867
2.0151	0.0000	0.0000	71.8400	55.0000	739648.456867
2.1152	0.0000	0.0000	68.1800	55.0000	739648.456867
2.2318	0.0000	0.0000	68.1800	55.0000	739648.456867
2.3330	-0.0297	0.0743	68.1800	55.0000	739648.456867
2.4486	-0.0818	0.2042	68.1800	55.0000	739648.456867
2.5650	-0.1338	0.3342	68.1800	55.0000	739648.456867
2.6818	-0.1858	0.4642	68.1800	55.0000	739648.456867
2.7821	-0.2304	0.5756	68.1800	55.0000	739648.456867
2.8984	-0.2825	0.7056	68.1800	55.0000	739648.456867
3.0152	-0.3345	0.8355	68.1800	55.0000	739648.456867
3.1318	-0.3643	0.9098	70.6200	55.0000	739648.456867
3.2321	-0.3643	0.9098	77.9400	55.0000	739648.456867
3.3485	-0.3643	0.9098	86.4800	55.0000	739648.456867
3.4486	-0.3643	0.9098	93.8000	55.0000	739648.456867
3.5653	-0.3643	0.9098	102.3400	55.0000	739648.456867
3.6819	-0.3643	0.9098	103.5600	55.0000	739648.456867
3.7986	-0.3361	1.0264	103.5600	55.0000	739648.456867
3.9155	-0.3033	1.1625	103.5600	55.0000	739648.456867
4.0319	-0.2705	1.2986	103.5600	55.0000	739648.456867
4.1484	-0.2376	1.4347	103.5600	55.0000	739648.456867
4.2652	-0.2048	1.5708	103.5600	55.0000	739648.456867
4.3818	-0.1861	1.6486	103.5600	55.0000	739648.456867
4.4986	-0.1861	1.6486	103.5600	55.0000	739648.456867
4.5989	-0.1861	1.6486	103.5600	55.0000	739648.456867
4.7164	-0.1861	1.6486	103.5600	55.0000	739648.456867
4.8320	-0.1861	1.6486	103.5600	55.0000	739648.456867
4.9320	-0.1861	1.6486	103.5600	55.0000	739648.456867
5.0486	-0.1861	1.6486	102.3400	55.0000	739648.456867
5.1652	-0.1861	1.6486	93.8000	55.0000	739648.456867
5.2820	-0.1861	1.6486	85.2600	55.0000	739648.456867
5.3985	-0.1861	1.6486	76.7200	55.0000	739648.456867
5.4985	-0.1861	1.6486	69.4000	55.0000	739648.456867
5.5986	-0.1935	1.6672	68.1800	55.0000	739648.456867
5.7055	-0.2381	1.7786	68.1800	55.0000	739648.456867
5.8162	-0.2901	1.9085	68.1800	55.0000	739648.456867
5.9318	-0.3422	2.0385	68.1800	55.0000	739648.456867
6.0484	-0.3942	2.1685	68.1800	55.0000	739648.456867
6.1486	-0.4388	2.2799	68.1800	55.0000	739648.456867
6.2653	-0.4909	2.4099	68.1800	55.0000	739648.456867
6.3819	-0.5429	2.5398	68.1800	55.0000	739648.456867
6.4820	-0.5875	2.6512	68.1800	55.0000	739648.456867
6.5987	-0.6395	2.7812	68.1800	55.0000	739648.456867
6.7153	-0.6916	2.9112	68.1800	55.0000	739648.456867
6.8320	-0.7448	3.0406	65.7400	55.0000	739648.456867
6.9486	-0.8129	3.1628	57.2000	55.0000	739648.456867
7.0487	-0.8852	3.2585	49.8800	55.0000	739648.456867
7.1652	-0.9841	3.3574	41.3400	55.0000	739648.456867
7.2654	-1.0798	3.4297	34.0200	55.0000	739648.456867
7.3655	-1.1839	3.4892	26.7000	55.0000	739648.456867
7.4821	-1.3137	3.5412	18.1600	55.0000	739648.456867
7.5986	-1.4499	3.5733	9.6200	55.0000	739648.456867
7.6987	-1.4895	3.5787	2.3000	55.0000	739648.456867
7.8151	-1.4895	3.5787	-6.2400	55.0000	739648.456867
7.9157	-1.5877	3.5599	-12.3400	55.0000	739648.456867
8.0318	-1.7244	3.5300	-12.3400	55.0000	739648.456867
8.1487	-1.8612	3.5000	-12.3400	55.0000	739648.456867
8.2488	-1.9784	3.4744	-12.3400	55.0000	739648.456867
8.3489	-2.0957	3.4487	-12.3400	55.0000	739648.456867
8.4652	-2.2324	3.4188	-12.3400	55.0000	739648.456867
8.5818	-2.3692	3.3889	-12.3400	55.0000	739648.456867
8.6820	-2.4864	3.3633	-12.3400	55.0000	739648.456867
8.7985	-2.6232	3.3333	-12.3400	55.0000	739648.456867
8.8989	-2.7404	3.3077	-12.3400	55.0000	739648.456867
9.0153	-2.8772	3.2778	-12.3400	55.0000	739648.456867
9.1319	-3.0139	3.2479	-12.3400	55.0000	739648.456867
9.2485	-3.1497	3.2138	-17.2200	55.0000	739648.456867
9.3657	-3.2793	3.1612	-25.7600	55.0000	739648.456867
9.4818	-3.3996	3.0899	-34.3000	55.0000	739648.456867
9.5819	-3.4934	3.0151	-41.6200	55.0000	739648.456867
9.6820	-3.5768	2.9290	-48.9400	55.0000	739648.456867
9.7989	-3.6594	2.8161	-57.4800	55.0000	739648.456867
9.9155	-3.7243	2.6922	-66.0200	55.0000	739648.456867
10.0318	-3.7741	2.5614	-69.6800	55.0000	739648.456867
10.1484	-3.8227	2.4301	-69.6800	55.0000	739648.456867
10.2485	-3.8644	2.3176	-69.6800	55.0000	739648.456867
10.3653	-3.9130	2.1863	-69.6800	55.0000	739648.456867
10.4818	-3.9459	2.1340	-69.6800	55.0000	739648.456867
10.5987	-3.9676	2.1422	-69.6800	55.0000	739648.456867
10.7153	-4.0012	2.1382	-61.1400	55.0000	739648.456867
10.8320	-4.0567	2.1275	-52.6000	55.0000	739648.456867
10.9487	-4.1411	2.0373	-51.3800	55.0000	739648.456867
11.0652	-4.2285	1.9280	-51.3800	55.0000	739648.456867
11.1818	-4.3159	1.8186	-51.3800	55.0000	739648.456867
11.2819	-4.3874	1.7223	-56.2600	55.0000	739648.456867
11.3986	-4.4549	1.5998	-64.8000	55.0000	739648.456867
11.5153	-4.5035	1.4686	-73.3400	55.0000	739648.456867
11.6318	-4.5320	1.3317	-81.8800	55.0000	739648.456867
11.7320	-4.5401	1.2120	-89.2000	55.0000	739648.456867
11.8484	-4.5335	1.1321	-97.7400	55.0000	739648.456867
11.9651	-4.5320	1.1321	-106.2800	55.0000	739648.456867
12.0651	-4.5320	1.1321	-113.6000	55.0000	739648.456867
12.1818	-4.5320	1.1321	-122.1400	55.0000	739648.456867
12.2986	-4.5320	1.1321	-130.6800	55.0000	739648.456867
12.3987	-4.5320	1.1321	-138.0000	55.0000	739648.456867
12.5152	-4.5320	1.1321	-146.5400	55.0000	739648.456867
12.6322	-4.5320	1.1321	-155.0800	55.0000	739648.456867
12.7485	-4.5320	1.1321	-163.6200	55.0000	739648.456867
12.8653	-4.5320	1.1321	-172.1600	55.0000	739648.456867
12.9818	-4.4527	1.1266	-172.1600	55.0000	739648.456867
13.0819	-4.3933	1.1266	-172.1600	55.0000	739648.456867
13.1988	-4.3239	1.1266	-172.1600	55.0000	739648.456867
13.3150	-4.2546	1.1266	-172.1600	55.0000	739648.456867
13.4151	-4.1952	1.1266	-172.1600	55.0000	739648.456867
13.5152	-4.1357	1.1266	-172.1600	55.0000	739648.456867
13.6318	-4.0664	1.1266	-172.1600	55.0000	739648.456867
13.7486	-3.9970	1.1266	-172.1600	55.0000	739648.456867
13.8651	-3.9277	1.1266	-172.1600	55.0000	739648.456867
13.9820	-3.8583	1.1266	-172.1600	55.0000	739648.456867
14.0985	-3.7890	1.1266	-172.1600	55.0000	739648.456867
14.2153	-3.7197	1.1266	-172.1600	55.0000	739648.456867
14.3317	-3.6503	1.1266	-172.1600	55.0000	739648.456867
14.4320	-3.5909	1.1266	-172.1600	55.0000	739648.456867
14.5487	-3.5215	1.1266	-172.1600	55.0000	739648.456867
14.6488	-3.4621	1.1266	-172.1600	55.0000	739648.456867
14.7652	-3.3927	1.1266	-172.1600	55.0000	739648.456867
14.8657	-3.3333	1.1266	-172.1600	55.0000	739648.456867
14.9819	-3.2640	1.1266	-172.1600	55.0000	739648.456867
15.0985	-3.1946	1.1266	-172.1600	55.0000	739648.456867
15.2152	-3.1253	1.1266	-172.1600	55.0000	739648.456867
15.3320	-3.0559	1.1266	-172.1600	55.0000	739648.456867
15.4485	-2.9479	1.1205	-172.1600	55.0000	739648.456867
15.5652	-2.8092	1.1014	-172.1600	55.0000	739648.456867
15.6822	-2.6722	1.0735	-164.8400	55.0000	739648.456867
15.7987	-2.5408	1.0256	-156.3000	55.0000	739648.456867
15.9151	-2.4179	0.9587	-147.7600	55.0000	739648.456867
16.0152	-2.3216	0.8873	-140.4400	55.0000	739648.456867
16.1318	-2.2217	0.7894	-131.9000	55.0000	739648.456867
16.2485	-2.1375	0.6777	-123.3600	55.0000	739648.456867
16.3651	-2.0708	0.5548	-114.8200	55.0000	739648.456867
16.4821	-2.0551	0.5180	-106.2800	55.0000	739648.456867
16.5990	-2.0551	0.5180	-97.7400	55.0000	739648.456867
16.7152	-2.0551	0.5180	-89.2000	55.0000	739648.456867
16.8320	-2.0551	0.5180	-80.6600	55.0000	739648.456867
16.9487	-2.0551	0.5180	-72.1200	55.0000	739648.456867
17.0653	-2.0551	0.5180	-63.5800	55.0000	739648.456867
17.1818	-2.0551	0.5180	-55.0400	55.0000	739648.456867
17.2818	-2.0551	0.5180	-47.7200	55.0000	739648.456867
17.3819	-2.0551	0.5180	-40.4000	55.0000	739648.456867
17.4986	-2.0551	0.5180	-31.8600	55.0000	739648.456867
17.6152	-2.0551	0.5180	-23.3200	55.0000	739648.456867
17.7160	-2.0551	0.5180	-16.0000	55.0000	739648.456867
17.8320	-2.1143	0.5076	-9.9000	55.0000	739648.456867
17.9485	-2.2522	0.4836	-9.9000	55.0000	739648.456867
18.0486	-2.3704	0.4629	-9.9000	55.0000	739648.456867
18.1489	-2.4886	0.4423	-9.9000	55.0000	739648.456867
18.2651	-2.6265	0.4182	-9.9000	55.0000	739648.456867
18.3819	-2.7644	0.3942	-9.9000	55.0000	739648.456867
18.4819	-2.8826	0.3735	-9.9000	55.0000	739648.456867
18.5987	-3.0217	0.3583	-2.5800	55.0000	739648.456867
18.7152	-3.1614	0.3639	5.9600	55.0000	739648.456867
18.8321	-3.2988	0.3903	14.5000	55.0000	739648.456867
18.9487	-3.4317	0.4343	19.3800	55.0000	739648.456867
19.0488	-3.5449	0.4741	19.3800	55.0000	739648.456867
19.1651	-3.6769	0.5206	19.3800	55.0000	739648.456867
19.2656	-3.7901	0.5604	19.3800	55.0000	739648.456867
19.3818	-3.9222	0.6068	19.3800	55.0000	739648.456867
19.4984	-4.0543	0.6533	19.3800	55.0000	739648.456867
19.6153	-4.1889	0.6912	12.0600	55.0000	739648.456867
19.7319	-4.3277	0.7087	3.5200	55.0000	739648.456867
19.8484	-4.4676	0.7143	2.3000	55.0000	739648.456867
19.9487	-4.5875	0.7191	2.3000	55.0000	739648.456867
20.0488	-4.7074	0.7239	2.3000	55.0000	739648.456867
20.1653	-4.8473	0.7295	2.3000	55.0000	739648.456867
20.2818	-4.9872	0.7347	1.0800	55.0000	739648.456867
20.3819	-5.1069	0.7281	-6.2400	55.0000	739648.456867
20.4985	-5.2442	0.7011	-14.7800	55.0000	739648.456867
20.6153	-5.3759	0.6540	-23.3200	55.0000	739648.456867
20.7155	-5.4828	0.5996	-28.2000	55.0000	739648.456867
20.8319	-5.6062	0.5334	-28.2000	55.0000	739648.456867
20.9321	-5.7119	0.4767	-28.2000	55.0000	739648.456867
21.0483	-5.8332	0.4069	-33.0800	55.0000	739648.456867
21.1485	-5.9285	0.3341	-40.4000	55.0000	739648.456867
21.2486	-6.0138	0.2498	-47.7200	55.0000	739648.456867
21.3489	-6.0876	0.1553	-55.0400	55.0000	739648.456867
21.4652	-6.1577	0.0343	-63.5800	55.0000	739648.456867
21.5657	-6.2030	-0.0768	-70.9000	55.0000	739648.456867
0.1040	0.0000	0.0000	45.0000	55.0000	739648.484022
0.2072	0.0000	0.0000	45.0000	55.0000	739648.484022
0.3239	0.0000	0.0000	45.0000	55.0000	739648.484022
0.4240	0.0000	0.0000	45.0000	55.0000	739648.484022
0.5406	0.0000	0.0000	45.0000	55.0000	739648.484022
0.6591	0.0000	0.0000	45.0000	55.0000	739648.484022
0.7758	0.0000	0.0000	45.0000	55.0000	739648.484022
0.8905	0.0000	0.0000	45.0000	55.0000	739648.484022
1.0075	0.0000	0.0000	45.0000	55.0000	739648.484022
1.1243	0.0000	0.0000	45.0000	55.0000	739648.484022
1.2409	0.0000	0.0000	51.1000	55.0000	739648.484022
1.3573	0.0000	0.0000	59.6400	55.0000	739648.484022
1.4758	0.0000	0.0000	68.1800	55.0000	739648.484022
1.5906	0.0000	0.0000	76.7200	55.0000	739648.484022
1.6907	0.0000	0.0000	81.6000	55.0000	739648.484022
1.8074	0.0000	0.0000	81.6000	55.0000	739648.484022
1.9241	0.0000	0.0000	81.6000	55.0000	739648.484022
2.0408	0.0000	0.0000	81.6000	55.0000	739648.484022
2.1574	0.0000	0.0000	81.6000	55.0000	739648.484022
2.2575	0.0000	0.0000	81.6000	55.0000	739648.484022
2.3745	0.0000	0.0000	81.6000	55.0000	739648.484022
2.4909	0.0000	0.0000	81.6000	55.0000	739648.484022
2.6078	0.0000	0.0000	77.9400	55.0000	739648.484022
2.7239	0.0000	0.0000	69.4000	55.0000	739648.484022
2.8240	0.0000	0.0000	62.0800	55.0000	739648.484022
2.9406	-0.0217	0.0336	57.2000	55.0000	739648.484022
3.0409	-0.0867	0.1345	57.2000	55.0000	739648.484022
3.1411	-0.1517	0.2354	57.2000	55.0000	739648.484022
3.2574	-0.2275	0.3530	57.2000	55.0000	739648.484022
3.3740	-0.3034	0.4707	57.2000	55.0000	739648.484022
3.4742	-0.3684	0.5716	57.2000	55.0000	739648.484022
3.5907	-0.4442	0.6893	57.2000	55.0000	739648.484022
3.7073	-0.5190	0.8076	59.6400	55.0000	739648.484022
3.8241	-0.5381	0.8428	68.1800	55.0000	739648.484022
3.9405	-0.5381	0.8428	76.7200	55.0000	739648.484022
4.0409	-0.5527	0.9416	84.0400	55.0000	739648.484022
4.1574	-0.5579	1.0815	88.9200	55.0000	739648.484022
4.2758	-0.5605	1.2215	88.9200	55.0000	739648.484022
4.3918	-0.5631	1.3615	88.9200	55.0000	739648.484022
4.5073	-0.5658	1.5014	88.9200	55.0000	739648.484022
4.6077	-0.5680	1.6214	88.9200	55.0000	739648.484022
4.7242	-0.5707	1.7614	88.9200	55.0000	739648.484022
4.8412	-0.5733	1.9014	88.9200	55.0000	739648.484022
4.9573	-0.5759	2.0413	88.9200	55.0000	739648.484022
5.0741	-0.5786	2.1813	88.9200	55.0000	739648.484022
5.1758	-0.5808	2.3013	88.9200	55.0000	739648.484022
5.2907	-0.5835	2.4413	88.9200	55.0000	739648.484022
5.4073	-0.5861	2.5812	88.9200	55.0000	739648.484022
5.5239	-0.5888	2.7212	88.9200	55.0000	739648.484022
5.6240	-0.5910	2.8412	88.9200	55.0000	739648.484022
5.7405	-0.6026	2.9806	81.6000	55.0000	739648.484022
5.8407	-0.6289	3.0976	74.2800	55.0000	739648.484022
5.9573	-0.6781	3.2285	65.7400	55.0000	739648.484022
6.0740	-0.7462	3.3507	57.2000	55.0000	739648.484022
6.1912	-0.8317	3.4614	48.6600	55.0000	739648.484022
6.3073	-0.8317	3.4614	40.1200	55.0000	739648.484022
6.4241	-0.8317	3.4614	31.5800	55.0000	739648.484022
6.5243	-0.8317	3.4614	24.2600	55.0000	739648.484022
6.6410	-0.8317	3.4614	15.7200	55.0000	739648.484022
6.7572	-0.8317	3.4614	7.1800	55.0000	739648.484022
6.8573	-0.9114	3.4680	4.7400	55.0000	739648.484022
6.9740	-1.0510	3.4796	4.7400	55.0000	739648.484022
7.0909	-1.1905	3.4911	4.7400	55.0000	739648.484022
7.1910	-1.3101	3.5011	4.7400	55.0000	739648.484022
7.3074	-1.4496	3.5126	4.7400	55.0000	739648.484022
7.4240	-1.5891	3.5242	4.7400	55.0000	739648.484022
7.5407	-1.7286	3.5358	4.7400	55.0000	739648.484022
7.6574	-1.8681	3.5473	4.7400	55.0000	739648.484022
7.7576	-1.9877	3.5572	4.7400	55.0000	739648.484022
7.8743	-2.1273	3.5688	4.7400	55.0000	739648.484022
7.9907	-2.2668	3.5804	4.7400	55.0000	739648.484022
8.1073	-2.4063	3.5919	4.7400	55.0000	739648.484022
8.2240	-2.5458	3.6035	4.7400	55.0000	739648.484022
8.3405	-2.6853	3.6151	4.7400	55.0000	739648.484022
8.4406	-2.8049	3.6250	4.7400	55.0000	739648.484022
8.5407	-2.9245	3.6349	4.7400	55.0000	739648.484022
8.6577	-3.0640	3.6465	4.7400	55.0000	739648.484022
8.7740	-3.2036	3.6581	4.7400	55.0000	739648.484022
8.8759	-3.3232	3.6680	4.7400	55.0000	739648.484022
8.9906	-3.4627	3.6795	4.7400	55.0000	739648.484022
9.1073	-3.6022	3.6911	4.7400	55.0000	739648.484022
9.2073	-3.7218	3.7010	4.7400	55.0000	739648.484022
9.3244	-3.8612	3.7139	7.1800	55.0000	739648.484022
9.4406	-3.9980	3.7431	15.7200	55.0000	739648.484022
9.5575	-4.1289	3.7923	24.2600	55.0000	739648.484022
9.6756	-4.2511	3.8604	32.8000	55.0000	739648.484022
9.7906	-4.3618	3.9459	41.3400	55.0000	739648.484022
9.8923	-4.4457	4.0316	48.6600	55.0000	739648.484022
9.9943	-4.5179	4.1273	55.9800	55.0000	739648.484022
10.1073	-4.5861	4.2495	64.5200	55.0000	739648.484022
10.2074	-4.6294	4.3613	71.8400	55.0000	739648.484022
10.3241	-4.6616	4.4974	80.3800	55.0000	739648.484022
10.4406	-4.6731	4.6368	88.9200	55.0000	739648.484022
10.5572	-4.6639	4.7764	97.4600	55.0000	739648.484022
10.6574	-4.6395	4.8938	104.7800	55.0000	739648.484022
10.7575	-4.6003	5.0071	112.1000	55.0000	739648.484022
10.8741	-4.5369	5.1318	120.6400	55.0000	739648.484022
10.9756	-4.4683	5.2301	127.9600	55.0000	739648.484022
11.0924	-4.3731	5.3327	136.5000	55.0000	739648.484022
11.2072	-4.2639	5.4200	145.0400	55.0000	739648.484022
11.3238	-4.1428	5.4901	153.5800	55.0000	739648.484022
11.4242	-4.0318	5.5353	160.9000	55.0000	739648.484022
11.5409	-3.8962	5.5697	169.4400	55.0000	739648.484022
11.6572	-3.7570	5.5835	177.9800	55.0000	739648.484022
11.7739	-3.6173	5.5765	186.5200	55.0000	739648.484022
11.8756	-3.4995	5.5541	193.8400	55.0000	739648.484022
11.9924	-3.3670	5.5092	202.3800	55.0000	739648.484022
12.1073	-3.2427	5.4451	210.9200	55.0000	739648.484022
12.2243	-3.1292	5.3633	219.4600	55.0000	739648.484022
12.3405	-3.0292	5.2655	228.0000	55.0000	739648.484022
12.4408	-2.9558	5.1707	235.3200	55.0000	739648.484022
12.5573	-2.8872	5.0702	243.8600	55.0000	739648.484022
12.6574	-2.8426	4.9589	251.1800	55.0000	739648.484022
12.7755	-2.8089	4.8231	259.7200	55.0000	739648.484022
12.8925	-2.7957	4.6839	268.2600	55.0000	739648.484022
13.0073	-2.8034	4.5442	276.8000	55.0000	739648.484022
13.1243	-2.8317	4.4072	285.3400	55.0000	739648.484022
13.2408	-2.8800	4.2760	293.8800	55.0000	739648.484022
13.3416	-2.9366	4.1702	301.2000	55.0000	739648.484022
13.4574	-2.9887	4.1367	309.7400	55.0000	739648.484022
13.5586	-3.0303	4.1367	317.0600	55.0000	739648.484022
13.6740	-3.0935	4.1251	325.6000	55.0000	739648.484022
13.7930	-3.1544	4.1251	334.1400	55.0000	739648.484022
13.9076	-3.2197	4.1251	342.6800	55.0000	739648.484022
14.0242	-3.2880	4.1251	351.2200	55.0000	739648.484022
14.1405	-3.3578	4.1251	359.7600	55.0000	739648.484022
14.2406	-3.4774	4.1335	367.0800	55.0000	739648.484022
14.3407	-3.5950	4.1571	374.4000	55.0000	739648.484022
14.4409	-3.7086	4.1955	381.7200	55.0000	739648.484022
14.5573	-3.8336	4.2581	390.2600	55.0000	739648.484022
14.6574	-3.8675	4.3027	397.5800	55.0000	739648.484022
14.7740	-3.8675	4.3499	406.1200	55.0000	739648.484022
14.8922	-3.8675	4.3724	414.6600	55.0000	739648.484022
15.0072	-3.8675	4.3724	423.2000	55.0000	739648.484022
15.1077	-3.8675	4.3724	430.5200	55.0000	739648.484022
15.2095	-3.8675	4.3724	437.8400	55.0000	739648.484022
15.3241	-3.8675	4.3724	446.3800	55.0000	739648.484022
15.4405	-3.8675	4.3724	454.9200	55.0000	739648.484022
15.5572	-3.8675	4.3724	463.4600	55.0000	739648.484022
15.6740	-3.8675	4.3724	472.0000	55.0000	739648.484022
15.7741	-3.8675	4.3724	479.3200	55.0000	739648.484022
15.8923	-3.8675	4.3724	487.8600	55.0000	739648.484022
16.0071	-3.8675	4.3724	496.4000	55.0000	739648.484022
16.1092	-3.8675	4.3724	503.7200	55.0000	739648.484022
16.2239	-3.8675	4.3724	512.2600	55.0000	739648.484022
16.3407	-3.8675	4.3724	520.8000	55.0000	739648.484022
16.4575	-3.8675	4.3724	529.3400	55.0000	739648.484022
16.5741	-3.8675	4.3724	537.8800	55.0000	739648.484022
16.6908	-3.8078	4.3670	546.4200	55.0000	739648.484022
16.8073	-3.6690	4.3484	547.6400	55.0000	739648.484022
16.9074	-3.5501	4.3324	547.6400	55.0000	739648.484022
17.0239	-3.4113	4.3138	547.6400	55.0000	739648.484022
17.1240	-3.2924	4.2979	547.6400	55.0000	739648.484022
17.2406	-3.1536	4.2792	547.6400	55.0000	739648.484022
17.3407	-3.0347	4.2633	547.6400	55.0000	739648.484022
17.4409	-2.9158	4.2473	547.6400	55.0000	739648.484022
17.5574	-2.7770	4.2287	547.6400	55.0000	739648.484022
17.6741	-2.6383	4.2101	547.6400	55.0000	739648.484022
17.7904	-2.4989	4.1978	541.5400	55.0000	739648.484022
17.8906	-2.3791	4.2036	534.2200	55.0000	739648.484022
17.9908	-2.2610	4.2245	526.9000	55.0000	739648.484022
18.0909	-2.1466	4.2603	519.5800	55.0000	739648.484022
18.2093	-2.0201	4.3201	511.0400	55.0000	739648.484022
18.3239	-1.9040	4.3980	502.5000	55.0000	739648.484022
18.4407	-1.8006	4.4922	493.9600	55.0000	739648.484022
18.5571	-1.7125	4.6008	485.4200	55.0000	739648.484022
18.6573	-1.6504	4.7034	478.1000	55.0000	739648.484022
18.7575	-1.6020	4.8131	470.7800	55.0000	739648.484022
18.8741	-1.5636	4.9477	462.2400	55.0000	739648.484022
18.9924	-1.5457	5.0864	453.7000	55.0000	739648.484022
19.1090	-1.5486	5.2262	445.1600	55.0000	739648.484022
19.2239	-1.5722	5.3641	436.6200	55.0000	739648.484022
19.3407	-1.6161	5.4969	428.0800	55.0000	739648.484022
19.4574	-1.6791	5.6218	419.5400	55.0000	739648.484022
19.5576	-1.7233	5.6885	412.2200	55.0000	739648.484022
19.6738	-1.7233	5.6885	403.6800	55.0000	739648.484022
19.7740	-1.7233	5.6885	396.3600	55.0000	739648.484022
19.8742	-1.7233	5.6885	389.0400	55.0000	739648.484022
19.9907	-1.7233	5.6885	382.9400	55.0000	739648.484022
20.1090	-1.8522	5.7430	382.9400	55.0000	739648.484022
20.2239	-1.9811	5.7976	382.9400	55.0000	739648.484022
20.3412	-2.1101	5.8522	382.9400	55.0000	739648.484022
20.4572	-2.1929	5.8677	382.9400	55.0000	739648.484022
20.5573	-2.2482	5.8677	382.9400	55.0000	739648.484022
20.6739	-2.3127	5.8677	382.9400	55.0000	739648.484022
20.7743	-2.3679	5.8677	382.9400	55.0000	739648.484022
20.8911	-2.4425	5.8748	378.0600	55.0000	739648.484022
21.0074	-2.5106	5.8748	369.5200	55.0000	739648.484022
21.1239	-2.5803	5.8748	360.9800	55.0000	739648.484022
21.2240	-2.7000	5.8679	353.6600	55.0000	739648.484022
21.3408	-2.8381	5.8448	350.0000	55.0000	739648.484022
21.4575	-2.9760	5.8205	350.0000	55.0000	739648.484022
21.5740	-3.1139	5.7962	350.0000	55.0000	739648.484022
21.6907	-3.2517	5.7719	350.0000	55.0000	739648.484022
21.7925	-3.3699	5.7511	350.0000	55.0000	739648.484022
21.9073	-3.5078	5.7267	350.0000	55.0000	739648.484022
22.0090	-3.6260	5.7059	350.0000	55.0000	739648.484022
22.1092	-3.7441	5.6851	350.0000	55.0000	739648.484022
22.2239	-3.8819	5.6603	348.7800	55.0000	739648.484022
22.3406	-4.0163	5.6215	340.2400	55.0000	739648.484022
22.4407	-4.1258	5.5727	332.9200	55.0000	739648.484022
22.5409	-4.2283	5.5103	325.6000	55.0000	739648.484022
22.6573	-4.3365	5.4218	317.0600	55.0000	739648.484022
22.7741	-4.4304	5.3181	308.5200	55.0000	739648.484022
22.8906	-4.5079	5.2017	299.9800	55.0000	739648.484022
22.9931	-4.5599	5.0936	292.6600	55.0000	739648.484022
23.1091	-4.6027	4.9604	284.1200	55.0000	739648.484022
23.2093	-4.6232	4.8423	276.8000	55.0000	739648.484022
23.3241	-4.6279	4.7025	268.2600	55.0000	739648.484022
23.4406	-4.6181	4.5628	265.8200	55.0000	739648.484022
23.5573	-4.6079	4.4232	265.8200	55.0000	739648.484022
23.6577	-4.5991	4.3035	265.8200	55.0000	739648.484022
23.7739	-4.5889	4.1639	265.8200	55.0000	739648.484022
23.8905	-4.5787	4.0243	265.8200	55.0000	739648.484022
23.9908	-4.5700	3.9046	265.8200	55.0000	739648.484022
24.1091	-4.5598	3.7650	265.8200	55.0000	739648.484022
24.2240	-4.5496	3.6253	265.8200	55.0000	739648.484022
24.3405	-4.5394	3.4857	265.8200	55.0000	739648.484022
24.4572	-4.5292	3.3461	265.8200	55.0000	739648.484022
24.5575	-4.5204	3.2264	265.8200	55.0000	739648.484022
24.6742	-4.5102	3.0868	265.8200	55.0000	739648.484022
24.7905	-4.5000	2.9471	265.8200	55.0000	739648.484022
24.8906	-4.4925	2.8274	268.2600	55.0000	739648.484022
25.0073	-4.4978	2.7076	276.8000	55.0000	739648.484022
25.1090	-4.4978	2.7076	284.1200	55.0000	739648.484022
25.2092	-4.4978	2.7076	291.4400	55.0000	739648.484022
25.3240	-4.4978	2.7076	299.9800	55.0000	739648.484022
25.4406	-4.4978	2.7076	308.5200	55.0000	739648.484022
25.5574	-4.4978	2.7076	317.0600	55.0000	739648.484022
25.6740	-4.4978	2.7076	325.6000	55.0000	739648.484022
25.7925	-4.4978	2.7076	334.1400	55.0000	739648.484022
25.9075	-4.4978	2.7076	342.6800	55.0000	739648.484022
26.0091	-4.4978	2.7076	350.0000	55.0000	739648.484022
26.1260	-4.4978	2.7076	358.5400	55.0000	739648.484022
26.2405	-4.4978	2.7076	367.0800	55.0000	739648.484022
26.3572	-4.4978	2.7076	375.6200	55.0000	739648.484022
26.4574	-4.4978	2.7076	382.9400	55.0000	739648.484022
26.5739	-4.5865	2.7539	387.8200	55.0000	739648.484022
26.6740	-4.6926	2.8099	387.8200	55.0000	739648.484022
26.7906	-4.8164	2.8752	387.8200	55.0000	739648.484022
26.8908	-4.8800	2.9168	387.8200	55.0000	739648.484022
27.0073	-4.8724	2.9396	387.8200	55.0000	739648.484022
27.1259	-4.8634	2.9682	387.8200	55.0000	739648.484022
27.2407	-4.8538	3.0034	387.8200	55.0000	739648.484022
27.3572	-4.8578	3.0431	387.8200	55.0000	739648.484022
27.4739	-4.8578	3.0757	387.8200	55.0000	739648.484022
27.5905	-4.8578	3.1084	387.8200	55.0000	739648.484022
27.6908	-4.8578	3.1131	387.8200	55.0000	739648.484022
27.8071	-4.8578	3.1131	386.6000	55.0000	739648.484022
27.9093	-4.8578	3.1131	379.2800	55.0000	739648.484022
28.0236	-4.8578	3.1131	370.7400	55.0000	739648.484022
28.1254	-4.8578	3.1131	363.4200	55.0000	739648.484022
28.2406	-4.8578	3.1131	354.8800	55.0000	739648.484022
28.3571	-4.8578	3.1131	346.3400	55.0000	739648.484022
28.4572	-4.8578	3.1131	339.0200	55.0000	739648.484022
28.5740	-4.8578	3.1131	330.4800	55.0000	739648.484022
28.6905	-4.8578	3.1131	321.9400	55.0000	739648.484022
28.8074	-4.8578	3.1131	313.4000	55.0000	739648.484022
28.9091	-4.8715	3.0913	313.4000	55.0000	739648.484022
29.0240	-4.8631	3.0435	313.4000	55.0000	739648.484022
29.1407	-4.8765	2.9786	313.4000	55.0000	739648.484022
29.2575	-4.9181	2.8935	313.4000	55.0000	739648.484022
29.3741	-5.0143	2.7917	313.4000	55.0000	739648.484022
29.4907	-5.1105	2.6900	313.4000	55.0000	739648.484022
29.6072	-5.2067	2.5883	313.4000	55.0000	739648.484022
29.7075	-5.2891	2.5011	313.4000	55.0000	739648.484022
29.8240	-5.3898	2.4040	319.5000	55.0000	739648.484022
29.9406	-5.3898	2.4040	328.0400	55.0000	739648.484022
30.0572	-5.3898	2.4040	336.5800	55.0000	739648.484022
30.1739	-5.3898	2.4040	345.1200	55.0000	739648.484022
30.2907	-5.3898	2.4040	353.6600	55.0000	739648.484022
30.4090	-5.3898	2.4040	362.2000	55.0000	739648.484022
30.5240	-5.3898	2.4040	370.7400	55.0000	739648.484022
30.6405	-5.3898	2.4040	379.2800	55.0000	739648.484022
30.7574	-5.3898	2.4040	387.8200	55.0000	739648.484022
30.8741	-5.3898	2.4040	396.3600	55.0000	739648.484022
30.9744	-5.3898	2.4040	403.6800	55.0000	739648.484022
31.0911	-5.3898	2.4040	412.2200	55.0000	739648.484022
31.2092	-5.3898	2.4040	420.7600	55.0000	739648.484022
31.3251	-5.3898	2.4040	429.3000	55.0000	739648.484022
31.4258	-5.3898	2.4040	436.6200	55.0000	739648.484022
31.5406	-5.3898	2.4040	445.1600	55.0000	739648.484022
31.6574	-5.3965	2.4837	445.1600	55.0000	739648.484022
31.7742	-5.4083	2.6232	445.1600	55.0000	739648.484022
31.8905	-5.4202	2.7627	445.1600	55.0000	739648.484022
31.9909	-5.4303	2.8822	445.1600	55.0000	739648.484022
32.1073	-5.4421	3.0217	445.1600	55.0000	739648.484022
32.2091	-5.4522	3.1413	445.1600	55.0000	739648.484022
32.3239	-5.4640	3.2808	445.1600	55.0000	739648.484022
32.4258	-5.4742	3.4004	445.1600	55.0000	739648.484022
32.5406	-5.4860	3.5399	445.1600	55.0000	739648.484022
32.6572	-5.4978	3.6794	445.1600	55.0000	739648.484022
32.7575	-5.5079	3.7990	445.1600	55.0000	739648.484022
32.8741	-5.5197	3.9385	445.1600	55.0000	739648.484022
32.9906	-5.5315	4.0780	445.1600	55.0000	739648.484022
33.1074	-5.5315	4.0780	445.1600	55.0000	739648.484022
33.2257	-5.5315	4.0780	445.1600	55.0000	739648.484022
33.3406	-5.5315	4.0780	448.8200	55.0000	739648.484022
33.4573	-5.5315	4.0780	457.3600	55.0000	739648.484022
33.5739	-5.5315	4.0780	465.9000	55.0000	739648.484022
33.6906	-5.5315	4.0780	474.4400	55.0000	739648.484022
33.8071	-5.5315	4.0780	482.9800	55.0000	739648.484022
33.9258	-5.5315	4.0780	491.5200	55.0000	739648.484022
34.0406	-5.5315	4.0780	500.0600	55.0000	739648.484022
34.1574	-5.5315	4.0780	508.6000	55.0000	739648.484022
34.2739	-5.5315	4.0780	517.1400	55.0000	739648.484022
34.3741	-5.5315	4.0780	524.4600	55.0000	739648.484022
34.4906	-5.5315	4.0780	533.0000	55.0000	739648.484022
34.6072	-5.5315	4.0780	541.5400	55.0000	739648.484022
34.7073	-5.5315	4.0780	548.8600	55.0000	739648.484022
34.8262	-5.5315	4.0780	557.4000	55.0000	739648.484022
34.9404	-5.5315	4.0780	565.9400	55.0000	739648.484022
35.0407	-5.5315	4.0780	573.2600	55.0000	739648.484022
35.1572	-5.5315	4.0780	581.8000	55.0000	739648.484022
35.2573	-5.5315	4.0780	589.1200	55.0000	739648.484022
35.3574	-5.5315	4.0780	596.4400	55.0000	739648.484022
35.4578	-5.5315	4.0780	603.7600	55.0000	739648.484022
35.5739	-5.5315	4.0780	612.3000	55.0000	739648.484022
35.6742	-5.5069	3.9811	615.9600	55.0000	739648.484022
35.7906	-5.4729	3.8452	615.9600	55.0000	739648.484022
35.9074	-5.4389	3.7094	615.9600	55.0000	739648.484022
36.0262	-5.4050	3.5736	615.9600	55.0000	739648.484022
36.1407	-5.3710	3.4378	615.9600	55.0000	739648.484022
36.2572	-5.3370	3.3020	615.9600	55.0000	739648.484022
36.3739	-5.3031	3.1662	615.9600	55.0000	739648.484022
36.4908	-5.2691	3.0303	615.9600	55.0000	739648.484022
36.6073	-5.2351	2.8945	615.9600	55.0000	739648.484022
36.7076	-5.2060	2.7781	615.9600	55.0000	739648.484022
36.8258	-5.1721	2.6423	615.9600	55.0000	739648.484022
36.9409	-5.1377	2.5066	614.7400	55.0000	739648.484022
37.0571	-5.0895	2.3753	606.2000	55.0000	739648.484022
37.1572	-5.0895	2.3753	598.8800	55.0000	739648.484022
37.2573	-5.0895	2.3753	591.5600	55.0000	739648.484022
37.3575	-5.0895	2.3753	584.2400	55.0000	739648.484022
37.4739	-5.0733	2.3636	575.7000	55.0000	739648.484022
37.5907	-4.9596	2.2819	575.7000	55.0000	739648.484022
37.7073	-4.8459	2.2002	575.7000	55.0000	739648.484022
37.8242	-4.7322	2.1185	575.7000	55.0000	739648.484022
37.9257	-4.6348	2.0485	575.7000	55.0000	739648.484022
38.0427	-4.6023	2.0251	575.7000	55.0000	739648.484022
38.1572	-4.5686	2.0036	567.1600	55.0000	739648.484022
38.2575	-4.5313	1.9892	561.0600	55.0000	739648.484022
38.3738	-4.4006	1.9389	561.0600	55.0000	739648.484022
38.4742	-4.2886	1.8958	561.0600	55.0000	739648.484022
38.5904	-4.1580	1.8454	561.0600	55.0000	739648.484022
38.6906	-4.0460	1.8023	561.0600	55.0000	739648.484022
38.7908	-3.9340	1.7592	561.0600	55.0000	739648.484022
38.9074	-3.8034	1.7089	561.0600	55.0000	739648.484022
39.0240	-3.6727	1.6586	561.0600	55.0000	739648.484022
39.1242	-3.5607	1.6155	561.0600	55.0000	739648.484022
39.2406	-3.4301	1.5652	561.0600	55.0000	739648.484022
39.3575	-3.2994	1.5148	561.0600	55.0000	739648.484022
39.4740	-3.1688	1.4645	561.0600	55.0000	739648.484022
39.5906	-3.0381	1.4142	561.0600	55.0000	739648.484022
39.7072	-2.9075	1.3639	561.0600	55.0000	739648.484022
39.8074	-2.7980	1.3149	567.1600	55.0000	739648.484022
39.9238	-2.6795	1.2407	575.7000	55.0000	739648.484022
40.0257	-2.5876	1.1637	583.0200	55.0000	739648.484022
40.1406	-2.4938	1.0599	591.5600	55.0000	739648.484022
40.2407	-2.4264	0.9607	598.8800	55.0000	739648.484022
40.3571	-2.3646	0.8352	607.4200	55.0000	739648.484022
40.4742	-2.3221	0.7020	615.9600	55.0000	739648.484022
40.5905	-2.2998	0.5639	624.5000	55.0000	739648.484022
40.7074	-2.2983	0.5439	633.0400	55.0000	739648.484022
40.8239	-2.2983	0.5439	641.5800	55.0000	739648.484022
40.9241	-2.2983	0.5439	648.9000	55.0000	739648.484022
41.0407	-2.2983	0.5439	657.4400	55.0000	739648.484022
41.1413	-2.2983	0.5439	664.7600	55.0000	739648.484022
41.2424	-2.2983	0.5439	672.0800	55.0000	739648.484022
41.3573	-2.2983	0.5439	680.6200	55.0000	739648.484022
41.4574	-2.2983	0.5439	687.9400	55.0000	739648.484022
41.5576	-2.2983	0.5439	695.2600	55.0000	739648.484022
41.6742	-2.2983	0.5439	703.8000	55.0000	739648.484022
41.7905	-2.2983	0.5439	712.3400	55.0000	739648.484022
41.8907	-2.3383	0.5433	719.6600	55.0000	739648.484022
41.9910	-2.4583	0.5451	720.8800	55.0000	739648.484022
42.1072	-2.5983	0.5473	720.8800	55.0000	739648.484022
42.2074	-2.7183	0.5491	720.8800	55.0000	739648.484022
42.3238	-2.8582	0.5513	720.8800	55.0000	739648.484022
42.4239	-2.9782	0.5531	720.8800	55.0000	739648.484022
42.5405	-3.1182	0.5553	720.8800	55.0000	739648.484022
42.6573	-3.2582	0.5574	720.8800	55.0000	739648.484022
42.7739	-3.3982	0.5596	720.8800	55.0000	739648.484022
42.8908	-3.5382	0.5617	720.8800	55.0000	739648.484022
43.0074	-3.6781	0.5639	720.8800	55.0000	739648.484022
43.1256	-3.8181	0.5660	720.8800	55.0000	739648.484022
43.2405	-3.9581	0.5682	720.8800	55.0000	739648.484022
43.3571	-4.0981	0.5703	720.8800	55.0000	739648.484022
43.4572	-4.2181	0.5722	720.8800	55.0000	739648.484022
43.5739	-4.3581	0.5743	720.8800	55.0000	739648.484022
43.6906	-4.4981	0.5765	720.8800	55.0000	739648.484022
43.8073	-4.6380	0.5786	720.8800	55.0000	739648.484022
43.9241	-4.7780	0.5808	720.8800	55.0000	739648.484022
44.0425	-4.9180	0.5825	719.6600	55.0000	739648.484022
44.1573	-5.0573	0.5698	711.1200	55.0000	739648.484022
44.2576	-5.1741	0.5425	703.8000	55.0000	739648.484022
44.3740	-5.3046	0.4922	695.2600	55.0000	739648.484022
44.4905	-5.4293	0.4286	692.8200	55.0000	739648.484022
44.6074	-5.5539	0.3646	692.8200	55.0000	739648.484022
44.7255	-5.6784	0.3007	692.8200	55.0000	739648.484022
44.8423	-5.8029	0.2367	692.8200	55.0000	739648.484022
44.9576	-5.9215	0.1625	684.2800	55.0000	739648.484022
45.0740	-6.0277	0.0715	675.7400	55.0000	739648.484022
45.1741	-6.1071	-0.0184	668.4200	55.0000	739648.484022
45.2905	-6.1855	-0.1343	662.3200	55.0000	739648.484022
