T	X	Y	HEADING	PERPSECTIVE_ANGLE	NOW_NUM
0.1030	0.0000	0.0000	45.0000	55.0000	739648.456867
0.2059	0.0000	0.0000	45.0000	55.0000	739648.456867
0.3091	0.0000	0.0000	45.0000	55.0000	739648.456867
0.4095	0.0000	0.0000	45.0000	55.0000	739648.456867
0.5260	0.0000	0.0000	45.0000	55.0000	739648.456867
0.6263	0.0000	0.0000	41.3400	55.0000	739648.456867
0.7427	0.0000	0.0000	32.8000	55.0000	739648.456867
0.8427	0.0000	0.0000	25.4800	55.0000	739648.456867
0.9594	0.0000	0.0000	18.1600	55.0000	739648.456867
1.0762	-0.0380	0.0125	18.1600	55.0000	739648.456867
1.1924	-0.1710	0.0561	18.1600	55.0000	739648.456867
1.2926	-0.2851	0.0935	18.1600	55.0000	739648.456867
1.3927	-0.3991	0.1309	18.1600	55.0000	739648.456867
1.5093	-0.5321	0.1745	18.1600	55.0000	739648.456867
1.6262	-0.6651	0.2182	18.1600	55.0000	739648.456867
1.7425	-0.7982	0.2618	18.1600	55.0000	739648.456867
1.8426	-0.9122	0.2992	18.1600	55.0000	739648.456867
1.9592	-1.0452	0.3428	18.1600	55.0000	739648.456867
2.0595	-1.1592	0.3802	18.1600	55.0000	739648.456867
2.1759	-1.2923	0.4239	18.1600	55.0000	739648.456867
2.2761	-1.4063	0.4613	18.1600	55.0000	739648.456867
2.3763	-1.5203	0.4987	18.1600	55.0000	739648.456867
2.4926	-1.6533	0.5423	18.1600	55.0000	739648.456867
2.5927	-1.7674	0.5797	18.1600	55.0000	739648.456867
2.6929	-1.8054	0.5922	18.1600	55.0000	739648.456867
2.7930	-1.8054	0.5922	18.1600	55.0000	739648.456867
2.9095	-1.8054	0.5922	18.1600	55.0000	739648.456867
3.0098	-1.8054	0.5922	24.2600	55.0000	739648.456867
3.1262	-1.8054	0.5922	32.8000	55.0000	739648.456867
3.2429	-1.8054	0.5922	41.3400	55.0000	739648.456867
3.3595	-1.8054	0.5922	49.8800	55.0000	739648.456867
3.4761	-1.8054	0.5922	52.3200	55.0000	739648.456867
3.5762	-1.8054	0.5922	48.6600	55.0000	739648.456867
3.6927	-1.8054	0.5922	40.1200	55.0000	739648.456867
3.7929	-1.8054	0.5922	32.8000	55.0000	739648.456867
3.9097	-1.8054	0.5922	24.2600	55.0000	739648.456867
4.0261	-1.8054	0.5922	15.7200	55.0000	739648.456867
4.1428	-1.8443	0.6014	13.2800	55.0000	739648.456867
4.2429	-1.9611	0.6289	13.2800	55.0000	739648.456867
4.3430	-2.0779	0.6565	13.2800	55.0000	739648.456867
4.4595	-2.2141	0.6887	13.2800	55.0000	739648.456867
4.5761	-2.3504	0.7208	13.2800	55.0000	739648.456867
4.6777	-2.4672	0.7484	13.2800	55.0000	739648.456867
4.7928	-2.4672	0.7484	20.6000	55.0000	739648.456867
4.9094	-2.4672	0.7484	29.1400	55.0000	739648.456867
5.0097	-2.4672	0.7484	36.4600	55.0000	739648.456867
5.1263	-2.4672	0.7484	45.0000	55.0000	739648.456867
5.2428	-2.4672	0.7484	53.5400	55.0000	739648.456867
5.3594	-2.4672	0.7484	55.9800	55.0000	739648.456867
5.4762	-2.4672	0.7484	63.3000	55.0000	739648.456867
5.5927	-2.4672	0.7484	63.3000	55.0000	739648.456867
5.6929	-2.4672	0.7484	63.3000	55.0000	739648.456867
5.8095	-2.4672	0.7484	63.3000	55.0000	739648.456867
5.9098	-2.4672	0.7484	63.3000	55.0000	739648.456867
6.0262	-2.4672	0.7484	63.3000	55.0000	739648.456867
6.1266	-2.4672	0.7484	59.6400	55.0000	739648.456867
6.2428	-2.4672	0.7484	51.1000	55.0000	739648.456867
6.3597	-2.4672	0.7484	42.5600	55.0000	739648.456867
6.4762	-2.4672	0.7484	40.1200	55.0000	739648.456867
6.5931	-2.4672	0.7484	40.1200	55.0000	739648.456867
6.7093	-2.5742	0.8386	40.1200	55.0000	739648.456867
6.8096	-2.6660	0.9159	40.1200	55.0000	739648.456867
6.9262	-2.7731	1.0061	40.1200	55.0000	739648.456867
7.0262	-2.8648	1.0835	40.1200	55.0000	739648.456867
7.1429	-2.9719	1.1737	40.1200	55.0000	739648.456867
7.2431	-3.0636	1.2510	40.1200	55.0000	739648.456867
7.3595	-3.1707	1.3412	40.1200	55.0000	739648.456867
7.4766	-3.2319	1.3928	40.1200	55.0000	739648.456867
7.5928	-3.2319	1.3928	40.1200	55.0000	739648.456867
7.7095	-3.2319	1.3928	40.1200	55.0000	739648.456867
7.8264	-3.2319	1.3928	40.1200	55.0000	739648.456867
7.9429	-3.2319	1.3928	40.1200	55.0000	739648.456867
8.0596	-3.2319	1.3928	40.1200	55.0000	739648.456867
8.1763	-3.1554	1.3283	40.1200	55.0000	739648.456867
8.2765	-3.0636	1.2510	40.1200	55.0000	739648.456867
8.3929	-2.9566	1.1608	40.1200	55.0000	739648.456867
8.5098	-2.8495	1.0706	40.1200	55.0000	739648.456867
8.6260	-2.7425	0.9804	40.1200	55.0000	739648.456867
8.7261	-2.6507	0.9030	40.1200	55.0000	739648.456867
8.8263	-2.5589	0.8257	40.1200	55.0000	739648.456867
8.9428	-2.5131	0.7870	40.1200	55.0000	739648.456867
9.0431	-2.5131	0.7870	40.1200	55.0000	739648.456867
9.1597	-2.5131	0.7870	40.1200	55.0000	739648.456867
9.2760	-2.5131	0.7870	40.1200	55.0000	739648.456867
9.3764	-2.5131	0.7870	47.4400	55.0000	739648.456867
9.4929	-2.5131	0.7870	55.9800	55.0000	739648.456867
9.5929	-2.5131	0.7870	59.6400	55.0000	739648.456867
9.7094	-2.5131	0.7870	59.6400	55.0000	739648.456867
9.8097	-2.5131	0.7870	59.6400	55.0000	739648.456867
9.9263	-2.5232	0.8043	59.6400	55.0000	739648.456867
10.0428	-2.5939	0.9251	59.6400	55.0000	739648.456867
10.1430	-2.6546	1.0286	59.6400	55.0000	739648.456867
10.2593	-2.7253	1.1494	59.6400	55.0000	739648.456867
10.3596	-2.7860	1.2530	59.6400	55.0000	739648.456867
10.4760	-2.8568	1.3738	59.6400	55.0000	739648.456867
10.5762	-2.8669	1.3910	59.6400	55.0000	739648.456867
10.6929	-2.8669	1.3910	59.6400	55.0000	739648.456867
10.7929	-2.8669	1.3910	59.6400	55.0000	739648.456867
10.9095	-2.8669	1.3910	59.6400	55.0000	739648.456867
11.0096	-2.8669	1.3910	59.6400	55.0000	739648.456867
11.1266	-2.8669	1.3910	59.6400	55.0000	739648.456867
11.2427	-2.8264	1.3220	59.6400	55.0000	739648.456867
11.3431	-2.7658	1.2185	59.6400	55.0000	739648.456867
11.4593	-2.6950	1.0977	59.6400	55.0000	739648.456867
11.5596	-2.6344	0.9941	59.6400	55.0000	739648.456867
11.6762	-2.5939	0.9251	59.6400	55.0000	739648.456867
11.7927	-2.5939	0.9251	63.3000	55.0000	739648.456867
11.9095	-2.5939	0.9251	71.8400	55.0000	739648.456867
12.0096	-2.5939	0.9251	79.1600	55.0000	739648.456867
12.1105	-2.5939	0.9251	86.4800	55.0000	739648.456867
12.2262	-2.5947	0.9651	88.9200	55.0000	739648.456867
12.3263	-2.5969	1.0851	88.9200	55.0000	739648.456867
12.4430	-2.5996	1.2250	88.9200	55.0000	739648.456867
12.5594	-2.6022	1.3650	88.9200	55.0000	739648.456867
12.6595	-2.6045	1.4850	88.9200	55.0000	739648.456867
12.7596	-2.6067	1.6050	88.9200	55.0000	739648.456867
12.8597	-2.6090	1.7250	88.9200	55.0000	739648.456867
12.9763	-2.6116	1.8649	88.9200	55.0000	739648.456867
13.0928	-2.6143	2.0049	88.9200	55.0000	739648.456867
13.2094	-2.6169	2.1449	88.9200	55.0000	739648.456867
13.3099	-2.6192	2.2649	88.9200	55.0000	739648.456867
13.4261	-2.6218	2.4048	88.9200	55.0000	739648.456867
13.5262	-2.6241	2.5248	88.9200	55.0000	739648.456867
13.6273	-2.6263	2.6448	88.9200	55.0000	739648.456867
13.7429	-2.6290	2.7848	88.9200	55.0000	739648.456867
13.8595	-2.6316	2.9247	88.9200	55.0000	739648.456867
13.9596	-2.6339	3.0447	88.9200	55.0000	739648.456867
14.0599	-2.6361	3.1647	88.9200	55.0000	739648.456867
14.1763	-2.6388	3.3047	88.9200	55.0000	739648.456867
14.2766	-2.6410	3.4247	88.9200	55.0000	739648.456867
14.3930	-2.6411	3.5646	92.5800	55.0000	739648.456867
14.4931	-2.6268	3.6837	99.9000	55.0000	739648.456867
14.6095	-2.6230	3.7033	108.4400	55.0000	739648.456867
14.7263	-2.6230	3.7033	116.9800	55.0000	739648.456867
14.8429	-2.6230	3.7033	125.5200	55.0000	739648.456867
14.9594	-2.6230	3.7033	134.0600	55.0000	739648.456867
15.0594	-2.6230	3.7033	141.3800	55.0000	739648.456867
15.1595	-2.6230	3.7033	148.7000	55.0000	739648.456867
15.2762	-2.6230	3.7033	157.2400	55.0000	739648.456867
15.3764	-2.6230	3.7033	164.5600	55.0000	739648.456867
15.4930	-2.6230	3.7033	169.4400	55.0000	739648.456867
15.6096	-2.5050	3.7253	169.4400	55.0000	739648.456867
15.7260	-2.3674	3.7510	169.4400	55.0000	739648.456867
15.8263	-2.2494	3.7729	169.4400	55.0000	739648.456867
15.9428	-2.1314	3.7968	169.4400	55.0000	739648.456867
16.0595	-2.1314	3.8096	169.4400	55.0000	739648.456867
16.1597	-2.1314	3.8206	169.4400	55.0000	739648.456867
16.2765	-2.1314	3.8334	169.4400	55.0000	739648.456867
16.3927	-2.1314	3.8475	165.7800	55.0000	739648.456867
16.5099	-2.1314	3.8704	157.2400	55.0000	739648.456867
16.6262	-2.1314	3.9028	148.7000	55.0000	739648.456867
16.7429	-2.1314	3.9441	140.1600	55.0000	739648.456867
16.8431	-2.1351	3.9880	136.5000	55.0000	739648.456867
16.9594	-2.1105	4.0598	136.5000	55.0000	739648.456867
17.0761	-2.0276	4.1518	136.5000	55.0000	739648.456867
17.1928	-1.9261	4.2481	136.5000	55.0000	739648.456867
17.2930	-1.8390	4.3307	136.5000	55.0000	739648.456867
17.4097	-1.7375	4.4271	136.5000	55.0000	739648.456867
17.5261	-1.6405	4.5279	130.4000	55.0000	739648.456867
17.6263	-1.5698	4.6248	123.0800	55.0000	739648.456867
17.7268	-1.5120	4.7299	115.7600	55.0000	739648.456867
17.8427	-1.4621	4.8606	107.2200	55.0000	739648.456867
17.9435	-1.4353	4.9774	99.9000	55.0000	739648.456867
18.0595	-1.4230	5.1168	91.3600	55.0000	739648.456867
18.1761	-1.4316	5.2564	82.8200	55.0000	739648.456867
18.2764	-1.4554	5.3739	75.5000	55.0000	739648.456867
18.3931	-1.5018	5.5059	66.9600	55.0000	739648.456867
18.5094	-1.5673	5.6295	58.4200	55.0000	739648.456867
18.6096	-1.6376	5.7267	51.1000	55.0000	739648.456867
18.7261	-1.7343	5.8276	42.5600	55.0000	739648.456867
18.8431	-1.8126	5.8663	34.0200	55.0000	739648.456867
18.9595	-1.8827	5.8749	25.4800	55.0000	739648.456867
19.0596	-1.9386	5.8749	18.1600	55.0000	739648.456867
19.1764	-2.0067	5.8749	9.6200	55.0000	739648.456867
19.2930	-2.0764	5.8749	1.0800	55.0000	739648.456867
19.4095	-2.2164	5.8746	-0.1400	55.0000	739648.456867
19.5264	-2.3564	5.8742	-0.1400	55.0000	739648.456867
19.6428	-2.4964	5.8739	-0.1400	55.0000	739648.456867
19.7597	-2.6364	5.8735	-0.1400	55.0000	739648.456867
19.8761	-2.7764	5.8732	-0.1400	55.0000	739648.456867
19.9762	-2.8964	5.8729	-0.1400	55.0000	739648.456867
20.0935	-3.0364	5.8726	-0.1400	55.0000	739648.456867
20.2099	-3.1763	5.8697	-3.8000	55.0000	739648.456867
20.3261	-3.3146	5.8486	-12.3400	55.0000	739648.456867
20.4262	-3.4295	5.8143	-19.6600	55.0000	739648.456867
20.5428	-3.5568	5.7562	-28.2000	55.0000	739648.456867
20.6429	-3.6579	5.6918	-35.5200	55.0000	739648.456867
20.7596	-3.7644	5.6011	-44.0600	55.0000	739648.456867
20.8597	-3.8442	5.5116	-51.3800	55.0000	739648.456867
20.9761	-3.9219	5.3953	-59.9200	55.0000	739648.456867
21.0762	-3.9741	5.2873	-67.2400	55.0000	739648.456867
21.1766	-4.0121	5.1736	-74.5600	55.0000	739648.456867
21.2931	-4.0335	5.1332	-83.1000	55.0000	739648.456867
21.4121	-4.0492	5.1151	-91.6400	55.0000	739648.456867
21.5263	-4.0759	5.1199	-100.1800	55.0000	739648.456867
21.6429	-4.0955	5.0990	-108.7200	55.0000	739648.456867
21.7594	-4.1166	5.0767	-117.2600	55.0000	739648.456867
21.8596	-4.1293	5.0508	-124.5800	55.0000	739648.456867
21.9762	-4.1266	5.0091	-130.6800	55.0000	739648.456867
22.0928	-4.1378	4.9710	-130.6800	55.0000	739648.456867
22.1930	-4.1378	4.9255	-130.6800	55.0000	739648.456867
22.3095	-4.1378	4.8724	-130.6800	55.0000	739648.456867
22.4264	-4.1378	4.8193	-130.6800	55.0000	739648.456867
22.5433	-4.1378	4.7662	-130.6800	55.0000	739648.456867
22.6594	-4.1378	4.7131	-130.6800	55.0000	739648.456867
22.7596	-4.1378	4.6676	-130.6800	55.0000	739648.456867
22.8762	-4.1378	4.6145	-130.6800	55.0000	739648.456867
22.9763	-4.1378	4.5690	-130.6800	55.0000	739648.456867
23.0931	-4.1378	4.5159	-130.6800	55.0000	739648.456867
23.2096	-4.1378	4.4629	-130.6800	55.0000	739648.456867
23.3261	-4.1378	4.4098	-130.6800	55.0000	739648.456867
23.4262	-4.1378	4.3643	-130.6800	55.0000	739648.456867
23.5429	-4.1378	4.3112	-130.6800	55.0000	739648.456867
23.6595	-4.1378	4.3036	-130.6800	55.0000	739648.456867
23.7762	-4.1378	4.3036	-130.6800	55.0000	739648.456867
23.8928	-4.1378	4.3036	-130.6800	55.0000	739648.456867
23.9929	-4.1378	4.3036	-130.6800	55.0000	739648.456867
24.1095	-4.1378	4.3036	-130.6800	55.0000	739648.456867
24.2265	-4.1378	4.3036	-130.6800	55.0000	739648.456867
24.3431	-4.1378	4.3036	-130.6800	55.0000	739648.456867
24.4596	-4.1509	4.3188	-130.6800	55.0000	739648.456867
24.5765	-4.2421	4.4249	-130.6800	55.0000	739648.456867
24.6930	-4.3334	4.5311	-130.6800	55.0000	739648.456867
24.8096	-4.4246	4.6373	-130.6800	55.0000	739648.456867
24.9262	-4.5159	4.7434	-130.6800	55.0000	739648.456867
25.0263	-4.5941	4.8344	-130.6800	55.0000	739648.456867
25.1427	-4.6854	4.9406	-130.6800	55.0000	739648.456867
25.2429	-4.7636	5.0316	-130.6800	55.0000	739648.456867
25.3595	-4.8549	5.1378	-130.6800	55.0000	739648.456867
25.4761	-4.9461	5.2440	-130.6800	55.0000	739648.456867
25.5928	-5.0374	5.3501	-130.6800	55.0000	739648.456867
25.7095	-5.1286	5.4563	-130.6800	55.0000	739648.456867
25.8261	-5.2199	5.5625	-130.6800	55.0000	739648.456867
25.9427	-5.2991	5.6526	-134.3400	55.0000	739648.456867
26.0593	-5.2991	5.6526	-142.8800	55.0000	739648.456867
26.1596	-5.2991	5.6526	-150.2000	55.0000	739648.456867
26.2597	-5.2991	5.6526	-157.5200	55.0000	739648.456867
26.3760	-5.2991	5.6526	-166.0600	55.0000	739648.456867
26.4763	-5.2991	5.6526	-173.3800	55.0000	739648.456867
26.5930	-5.1997	5.6411	-173.3800	55.0000	739648.456867
26.6931	-5.0805	5.6273	-173.3800	55.0000	739648.456867
26.8095	-4.9415	5.6111	-173.3800	55.0000	739648.456867
26.9262	-4.8024	5.5950	-173.3800	55.0000	739648.456867
27.0427	-4.6633	5.5788	-173.3800	55.0000	739648.456867
27.1428	-4.5441	5.5650	-173.3800	55.0000	739648.456867
27.2429	-4.4249	5.5512	-173.3800	55.0000	739648.456867
27.3595	-4.2859	5.5350	-173.3800	55.0000	739648.456867
27.4761	-4.1468	5.5189	-173.3800	55.0000	739648.456867
27.5762	-4.0276	5.5051	-173.3800	55.0000	739648.456867
27.6930	-3.8885	5.4889	-173.3800	55.0000	739648.456867
27.8095	-3.7495	5.4728	-173.3800	55.0000	739648.456867
27.9264	-3.6104	5.4566	-173.3800	55.0000	739648.456867
28.0269	-3.4912	5.4428	-173.3800	55.0000	739648.456867
28.1431	-3.3521	5.4267	-173.3800	55.0000	739648.456867
28.2432	-3.2329	5.4128	-173.3800	55.0000	739648.456867
28.3596	-3.0939	5.3967	-173.3800	55.0000	739648.456867
28.4763	-2.9548	5.3806	-173.3800	55.0000	739648.456867
28.5928	-2.8157	5.3644	-173.3800	55.0000	739648.456867
28.6929	-2.6965	5.3506	-173.3800	55.0000	739648.456867
28.8095	-2.5575	5.3344	-173.3800	55.0000	739648.456867
28.9098	-2.4383	5.3206	-173.3800	55.0000	739648.456867
29.0263	-2.2992	5.3045	-173.3800	55.0000	739648.456867
29.1428	-2.1601	5.2883	-173.3800	55.0000	739648.456867
29.2434	-2.0409	5.2745	-173.3800	55.0000	739648.456867
29.3595	-1.9419	5.2604	-167.2800	55.0000	739648.456867
29.4598	-1.9419	5.2604	-159.9600	55.0000	739648.456867
29.5762	-1.9419	5.2604	-151.4200	55.0000	739648.456867
29.6927	-1.9419	5.2604	-142.8800	55.0000	739648.456867
29.7928	-1.9419	5.2604	-135.5600	55.0000	739648.456867
29.8933	-1.9419	5.2604	-128.2400	55.0000	739648.456867
30.0095	-1.9419	5.2604	-119.7000	55.0000	739648.456867
30.1099	-1.9419	5.2604	-112.3800	55.0000	739648.456867
30.2264	-1.9419	5.2604	-103.8400	55.0000	739648.456867
30.3427	-1.9419	5.2604	-102.6200	55.0000	739648.456867
30.4432	-1.9419	5.2604	-102.6200	55.0000	739648.456867
30.5435	-1.9419	5.2604	-102.6200	55.0000	739648.456867
30.6594	-1.9419	5.2604	-102.6200	55.0000	739648.456867
30.7599	-1.9157	5.1433	-102.6200	55.0000	739648.456867
30.8762	-1.8817	5.0515	-102.6200	55.0000	739648.456867
30.9928	-1.8511	4.9148	-102.6200	55.0000	739648.456867
31.1096	-1.8205	4.7782	-102.6200	55.0000	739648.456867
31.2262	-1.7899	4.6416	-102.6200	55.0000	739648.456867
31.3428	-1.7725	4.5635	-102.6200	55.0000	739648.456867
31.4430	-1.7725	4.5635	-102.6200	55.0000	739648.456867
31.5595	-1.7725	4.5635	-102.6200	55.0000	739648.456867
31.6596	-1.7725	4.5635	-102.6200	55.0000	739648.456867
31.7766	-1.7725	4.5635	-102.6200	55.0000	739648.456867
31.8929	-1.7725	4.5635	-102.6200	55.0000	739648.456867
32.0096	-1.7725	4.5635	-94.0800	55.0000	739648.456867
32.1099	-1.7725	4.5635	-86.7600	55.0000	739648.456867
32.2277	-1.7725	4.5635	-78.2200	55.0000	739648.456867
32.3429	-1.7725	4.5635	-69.6800	55.0000	739648.456867
32.4597	-1.7725	4.5635	-61.1400	55.0000	739648.456867
32.5760	-1.7725	4.5635	-53.8200	55.0000	739648.456867
32.6927	-1.8315	4.4828	-53.8200	55.0000	739648.456867
32.7928	-1.9023	4.3860	-53.8200	55.0000	739648.456867
32.9095	-1.9850	4.2730	-53.8200	55.0000	739648.456867
33.0261	-2.0676	4.1600	-53.8200	55.0000	739648.456867
33.1265	-2.1385	4.0631	-53.8200	55.0000	739648.456867
33.2429	-2.2211	3.9501	-53.8200	55.0000	739648.456867
33.3594	-2.3038	3.8371	-53.8200	55.0000	739648.456867
33.4760	-2.3864	3.7241	-53.8200	55.0000	739648.456867
33.5762	-2.4572	3.6272	-53.8200	55.0000	739648.456867
33.6933	-2.5324	3.5093	-61.1400	55.0000	739648.456867
33.8097	-2.5893	3.3815	-69.6800	55.0000	739648.456867
33.9262	-2.6265	3.2467	-78.2200	55.0000	739648.456867
34.0264	-2.6435	3.1279	-83.1000	55.0000	739648.456867
34.1265	-2.6579	3.0088	-83.1000	55.0000	739648.456867
34.2431	-2.6747	2.8698	-83.1000	55.0000	739648.456867
34.3595	-2.6915	2.7308	-83.1000	55.0000	739648.456867
34.4596	-2.7059	2.6117	-83.1000	55.0000	739648.456867
34.5763	-2.7228	2.4727	-83.1000	55.0000	739648.456867
34.6928	-2.7396	2.3337	-83.1000	55.0000	739648.456867
34.8095	-2.7564	2.1947	-83.1000	55.0000	739648.456867
34.9097	-2.7708	2.0756	-83.1000	55.0000	739648.456867
35.0260	-2.7964	1.9381	-75.7800	55.0000	739648.456867
35.1261	-2.8345	1.8243	-68.4600	55.0000	739648.456867
35.2262	-2.8867	1.7164	-61.1400	55.0000	739648.456867
35.3427	-2.9644	1.6001	-52.6000	55.0000	739648.456867
35.4428	-3.0441	1.5105	-45.2800	55.0000	739648.456867
35.5437	-3.1346	1.4318	-37.9600	55.0000	739648.456867
35.6594	-3.2518	1.3555	-29.4200	55.0000	739648.456867
35.7765	-3.3790	1.2974	-20.8800	55.0000	739648.456867
35.8927	-3.5135	1.2588	-12.3400	55.0000	739648.456867
36.0093	-3.6522	1.2406	-3.8000	55.0000	739648.456867
36.1094	-3.7721	1.2416	3.5200	55.0000	739648.456867
36.2097	-3.8318	1.2479	10.8400	55.0000	739648.456867
36.3098	-3.8318	1.2479	18.1600	55.0000	739648.456867
36.4260	-3.8318	1.2479	26.7000	55.0000	739648.456867
36.5264	-3.8318	1.2479	34.0200	55.0000	739648.456867
36.6428	-3.8318	1.2479	42.5600	55.0000	739648.456867
36.7594	-3.8318	1.2479	51.1000	55.0000	739648.456867
36.8763	-3.8318	1.2479	59.6400	55.0000	739648.456867
36.9928	-3.8318	1.2479	68.1800	55.0000	739648.456867
37.1094	-3.8318	1.2479	76.7200	55.0000	739648.456867
37.2262	-3.8318	1.2479	85.2600	55.0000	739648.456867
37.3428	-3.8318	1.2479	93.8000	55.0000	739648.456867
37.4594	-3.8318	1.2479	102.3400	55.0000	739648.456867
37.5792	-3.8318	1.2479	110.8800	55.0000	739648.456867
37.6929	-3.8318	1.2479	119.4200	55.0000	739648.456867
37.8096	-3.8318	1.2479	127.9600	55.0000	739648.456867
37.9261	-3.8318	1.2479	136.5000	55.0000	739648.456867
38.0429	-3.8318	1.2479	145.0400	55.0000	739648.456867
38.1598	-3.8318	1.2479	153.5800	55.0000	739648.456867
38.2763	-3.8318	1.2479	162.1200	55.0000	739648.456867
38.3929	-3.8318	1.2479	170.6600	55.0000	739648.456867
38.5093	-3.8318	1.2479	179.2000	55.0000	739648.456867
38.6281	-3.8318	1.2479	187.7400	55.0000	739648.456867
38.7429	-3.6953	1.2173	196.2800	55.0000	739648.456867
38.8594	-3.5648	1.1668	204.8200	55.0000	739648.456867
38.9760	-3.4378	1.1080	204.8200	55.0000	739648.456867
39.0761	-3.3288	1.0577	204.8200	55.0000	739648.456867
39.1762	-3.2199	1.0073	204.8200	55.0000	739648.456867
39.2928	-3.0929	0.9485	204.8200	55.0000	739648.456867
39.3930	-2.9839	0.8982	204.8200	55.0000	739648.456867
39.5093	-2.8569	0.8394	204.8200	55.0000	739648.456867
39.6095	-2.7480	0.7890	204.8200	55.0000	739648.456867
39.7261	-2.6209	0.7302	204.8200	55.0000	739648.456867
39.8263	-2.5120	0.6799	204.8200	55.0000	739648.456867
39.9426	-2.3849	0.6211	204.8200	55.0000	739648.456867
40.0433	-2.2760	0.5707	204.8200	55.0000	739648.456867
40.1599	-2.1489	0.5120	204.8200	55.0000	739648.456867
40.2761	-2.0218	0.4532	204.8200	55.0000	739648.456867
40.3930	-1.8948	0.3944	204.8200	55.0000	739648.456867
40.5094	-1.7677	0.3357	204.8200	55.0000	739648.456867
40.6095	-1.6588	0.2853	204.8200	55.0000	739648.456867
40.7261	-1.5317	0.2265	204.8200	55.0000	739648.456867
40.8269	-1.4228	0.1762	204.8200	55.0000	739648.456867
40.9431	-1.3048	0.1258	204.8200	55.0000	739648.456867
41.0594	-1.2401	0.1258	198.7200	55.0000	739648.456867
41.1761	-1.1722	0.1258	190.1800	55.0000	739648.456867
41.2931	-1.0925	0.1252	181.6400	55.0000	739648.456867
41.4095	-1.0726	0.1263	176.7600	55.0000	739648.456867
41.5102	-0.9527	0.1331	176.7600	55.0000	739648.456867
41.6262	-0.8130	0.1410	176.7600	55.0000	739648.456867
41.7265	-0.6931	0.1474	177.9800	55.0000	739648.456867
41.8429	-0.5534	0.1404	186.5200	55.0000	739648.456867
41.9595	-0.5336	0.1377	195.0600	55.0000	739648.456867
42.0761	-0.5336	0.1377	203.6000	55.0000	739648.456867
42.1928	-0.5336	0.1377	212.1400	55.0000	739648.456867
42.2930	-0.5336	0.1377	219.4600	55.0000	739648.456867
42.3933	-0.5336	0.1377	226.7800	55.0000	739648.456867
42.5096	-0.5336	0.1377	234.1000	55.0000	739648.456867
42.6260	-0.5336	0.1377	234.1000	55.0000	739648.456867
42.7263	-0.5336	0.1377	234.1000	55.0000	739648.456867
42.8428	-0.5336	0.1377	225.5600	55.0000	739648.456867
42.9429	-0.5336	0.1377	218.2400	55.0000	739648.456867
43.0432	-0.5336	0.1377	210.9200	55.0000	739648.456867
43.1596	-0.5336	0.1377	202.3800	55.0000	739648.456867
43.2762	-0.4730	0.1238	193.8400	55.0000	739648.456867
43.3764	-0.3547	0.1038	186.5200	55.0000	739648.456867
43.4928	-0.2149	0.0998	177.9800	55.0000	739648.456867
43.6094	-0.1155	0.1097	169.4400	55.0000	739648.456867
43.7095	-0.1155	0.1097	162.1200	55.0000	739648.456867
43.8098	-0.1155	0.1097	154.8000	55.0000	739648.456867
43.9262	-0.1155	0.1097	146.2600	55.0000	739648.456867
44.0263	-0.1155	0.1097	138.9400	55.0000	739648.456867
44.1429	-0.1155	0.1097	130.4000	55.0000	739648.456867
44.2597	-0.1155	0.1097	121.8600	55.0000	739648.456867
44.3762	-0.1155	0.1097	113.3200	55.0000	739648.456867
44.4928	-0.1155	0.1097	104.7800	55.0000	739648.456867
44.6094	-0.1155	0.1097	96.2400	55.0000	739648.456867
44.7260	-0.1155	0.1097	87.7000	55.0000	739648.456867
44.8264	-0.1155	0.1097	80.3800	55.0000	739648.456867
44.9427	-0.1155	0.1097	71.8400	55.0000	739648.456867
45.0428	-0.1155	0.1097	64.5200	55.0000	739648.456867
45.1595	-0.1155	0.1097	55.9800	55.0000	739648.456867
45.2763	-0.1155	0.1097	47.4400	55.0000	739648.456867
45.3931	-0.1155	0.1097	38.9000	55.0000	739648.456867
45.5094	-0.1155	0.1097	30.3600	55.0000	739648.456867
45.6095	-0.1155	0.1097	23.0400	55.0000	739648.456867
45.7266	-0.1155	0.1097	21.8200	55.0000	739648.456867
45.8431	-0.2269	0.1543	21.8200	55.0000	739648.456867
45.9593	-0.3568	0.2064	21.8200	55.0000	739648.456867
46.0595	-0.4682	0.2510	21.8200	55.0000	739648.456867
46.1760	-0.5982	0.3030	21.8200	55.0000	739648.456867
46.2764	-0.7096	0.3476	21.8200	55.0000	739648.456867
46.3932	-0.8396	0.3996	21.8200	55.0000	739648.456867
46.5094	-0.9696	0.4517	21.8200	55.0000	739648.456867
46.6097	-1.0810	0.4963	21.8200	55.0000	739648.456867
46.7262	-1.2109	0.5483	21.8200	55.0000	739648.456867
46.8429	-1.3409	0.6004	21.8200	55.0000	739648.456867
46.9594	-1.4709	0.6524	21.8200	55.0000	739648.456867
47.0597	-1.5823	0.6970	21.8200	55.0000	739648.456867
47.1762	-1.7122	0.7490	21.8200	55.0000	739648.456867
47.2930	-1.8422	0.8011	21.8200	55.0000	739648.456867
47.4096	-1.9722	0.8531	21.8200	55.0000	739648.456867
47.5262	-2.1021	0.9051	21.8200	55.0000	739648.456867
47.6428	-2.1747	0.9388	30.3600	55.0000	739648.456867
47.7433	-2.1747	0.9388	37.6800	55.0000	739648.456867
47.8595	-2.1747	0.9388	46.2200	55.0000	739648.456867
47.9761	-2.1747	0.9388	54.7600	55.0000	739648.456867
48.0762	-2.1747	0.9388	62.0800	55.0000	739648.456867
48.1930	-2.1747	0.9388	70.6200	55.0000	739648.456867
48.3095	-2.1747	0.9388	75.5000	55.0000	739648.456867
48.4265	-2.1747	0.9388	75.5000	55.0000	739648.456867
48.5428	-2.1747	0.9388	75.5000	55.0000	739648.456867
48.6429	-2.1747	0.9388	73.0600	55.0000	739648.456867
48.7433	-2.1747	0.9388	65.7400	55.0000	739648.456867
48.8594	-2.1747	0.9388	57.2000	55.0000	739648.456867
48.9595	-2.1747	0.9388	49.8800	55.0000	739648.456867
49.0597	-2.1747	0.9388	42.5600	55.0000	739648.456867
49.1760	-2.1747	0.9388	42.5600	55.0000	739648.456867
49.2760	-2.1747	0.9388	42.5600	55.0000	739648.456867
49.3762	-2.2484	1.0064	42.5600	55.0000	739648.456867
49.4926	-2.3515	1.1011	42.5600	55.0000	739648.456867
49.5929	-2.4399	1.1823	42.5600	55.0000	739648.456867
49.7093	-2.5430	1.2770	42.5600	55.0000	739648.456867
49.8261	-2.6461	1.3716	42.5600	55.0000	739648.456867
49.9430	-2.7492	1.4663	42.5600	55.0000	739648.456867
50.0431	-2.8376	1.5475	42.5600	55.0000	739648.456867
50.1598	-2.9407	1.6422	42.5600	55.0000	739648.456867
50.2761	-3.0439	1.7369	42.5600	55.0000	739648.456867
50.3762	-3.1322	1.8180	42.5600	55.0000	739648.456867
50.4933	-3.2198	1.9001	46.2200	55.0000	739648.456867
50.6108	-3.2198	1.9001	54.7600	55.0000	739648.456867
50.7260	-3.2198	1.9001	63.3000	55.0000	739648.456867
50.8264	-3.2198	1.9001	70.6200	55.0000	739648.456867
50.9428	-3.2198	1.9001	79.1600	55.0000	739648.456867
51.0434	-3.2198	1.9001	84.0400	55.0000	739648.456867
51.1594	-3.2198	1.9001	84.0400	55.0000	739648.456867
51.2597	-3.2198	1.9001	84.0400	55.0000	739648.456867
51.3761	-3.2198	1.9001	84.0400	55.0000	739648.456867
51.4762	-3.2198	1.9001	84.0400	55.0000	739648.456867
51.5929	-3.2198	1.9001	84.0400	55.0000	739648.456867
51.7094	-3.2198	1.9001	84.0400	55.0000	739648.456867
51.8263	-3.2198	1.9001	84.0400	55.0000	739648.456867
51.9427	-3.2177	1.8802	84.0400	55.0000	739648.456867
52.0428	-3.2052	1.7609	84.0400	55.0000	739648.456867
52.1595	-3.1907	1.6217	84.0400	55.0000	739648.456867
52.2598	-3.1782	1.5023	84.0400	55.0000	739648.456867
52.3761	-3.1637	1.3631	84.0400	55.0000	739648.456867
52.4763	-3.1512	1.2437	84.0400	55.0000	739648.456867
52.5767	-3.1388	1.1244	84.0400	55.0000	739648.456867
52.6927	-3.1242	0.9851	84.0400	55.0000	739648.456867
52.8099	-3.1159	0.9055	84.0400	55.0000	739648.456867
52.9261	-3.1159	0.9055	87.7000	55.0000	739648.456867
53.0427	-3.1159	0.9055	96.2400	55.0000	739648.456867
53.1431	-3.1159	0.9055	103.5600	55.0000	739648.456867
53.2596	-3.1159	0.9055	112.1000	55.0000	739648.456867
53.3760	-3.1159	0.9055	120.6400	55.0000	739648.456867
53.4763	-3.1159	0.9055	125.5200	55.0000	739648.456867
53.5932	-3.0578	0.9869	125.5200	55.0000	739648.456867
53.7095	-2.9765	1.1009	125.5200	55.0000	739648.456867
53.8263	-2.8951	1.2148	125.5200	55.0000	739648.456867
53.9440	-2.8138	1.3288	125.5200	55.0000	739648.456867
54.0594	-2.7325	1.4427	125.5200	55.0000	739648.456867
54.1598	-2.6628	1.5404	125.5200	55.0000	739648.456867
54.2761	-2.5814	1.6543	125.5200	55.0000	739648.456867
54.3762	-2.5152	1.7544	120.6400	55.0000	739648.456867
54.4926	-2.4699	1.8434	112.1000	55.0000	739648.456867
54.5930	-2.4699	1.8434	104.7800	55.0000	739648.456867
54.7094	-2.4699	1.8434	96.2400	55.0000	739648.456867
54.8095	-2.4699	1.8434	88.9200	55.0000	739648.456867
54.9260	-2.4699	1.8434	80.3800	55.0000	739648.456867
55.0261	-2.4745	1.8629	76.7200	55.0000	739648.456867
55.1430	-2.5066	1.9992	76.7200	55.0000	739648.456867
55.2594	-2.5388	2.1354	76.7200	55.0000	739648.456867
55.3762	-2.5710	2.2717	76.7200	55.0000	739648.456867
55.4928	-2.6031	2.4079	76.7200	55.0000	739648.456867
55.6093	-2.6353	2.5442	76.7200	55.0000	739648.456867
55.7095	-2.6628	2.6610	76.7200	55.0000	739648.456867
55.8263	-2.6950	2.7972	76.7200	55.0000	739648.456867
55.9427	-2.7272	2.9335	76.7200	55.0000	739648.456867
56.0430	-2.7547	3.0503	76.7200	55.0000	739648.456867
56.1595	-2.7869	3.1865	76.7200	55.0000	739648.456867
56.2597	-2.8145	3.3033	76.7200	55.0000	739648.456867
56.3760	-2.8466	3.4396	76.7200	55.0000	739648.456867
56.4927	-2.8670	3.5780	85.2600	55.0000	739648.456867
56.5928	-2.8691	3.6179	92.5800	55.0000	739648.456867
56.6929	-2.8691	3.6179	99.9000	55.0000	739648.456867
56.8094	-2.8691	3.6179	108.4400	55.0000	739648.456867
56.9260	-2.8691	3.6179	116.9800	55.0000	739648.456867
57.0262	-2.8691	3.6179	124.3000	55.0000	739648.456867
57.1427	-2.8691	3.6179	132.8400	55.0000	739648.456867
57.2598	-2.8691	3.6179	140.1600	55.0000	739648.456867
57.3763	-2.8691	3.6179	140.1600	55.0000	739648.456867
57.4764	-2.8537	3.6307	140.1600	55.0000	739648.456867
57.5927	-2.7462	3.7204	140.1600	55.0000	739648.456867
57.6928	-2.6541	3.7973	140.1600	55.0000	739648.456867
57.8097	-2.5466	3.8870	140.1600	55.0000	739648.456867
57.9263	-2.4391	3.9767	140.1600	55.0000	739648.456867
58.0429	-2.3316	4.0664	140.1600	55.0000	739648.456867
58.1597	-2.2241	4.1561	140.1600	55.0000	739648.456867
58.2768	-2.1166	4.2457	140.1600	55.0000	739648.456867
58.3928	-2.0091	4.3354	140.1600	55.0000	739648.456867
58.5096	-1.9016	4.4251	140.1600	55.0000	739648.456867
58.6261	-1.8709	4.4508	140.1600	55.0000	739648.456867
58.7428	-1.8709	4.4508	140.1600	55.0000	739648.456867
58.8595	-1.8709	4.4508	140.1600	55.0000	739648.456867
58.9763	-1.8709	4.4508	141.3800	55.0000	739648.456867
59.0926	-1.8709	4.4508	149.9200	55.0000	739648.456867
59.1932	-1.8709	4.4508	157.2400	55.0000	739648.456867
59.3094	-1.8709	4.4508	165.7800	55.0000	739648.456867
59.4260	-1.8709	4.4508	174.3200	55.0000	739648.456867
59.5428	-1.8709	4.4508	182.8600	55.0000	739648.456867
59.6594	-1.8709	4.4508	191.4000	55.0000	739648.456867
59.7595	-1.8709	4.4508	198.7200	55.0000	739648.456867
59.8761	-1.8709	4.4508	207.2600	55.0000	739648.456867
59.9764	-1.8709	4.4508	214.5800	55.0000	739648.456867
60.0927	-1.8709	4.4508	223.1200	55.0000	739648.456867
60.1930	-1.8709	4.4508	230.4400	55.0000	739648.456867
60.3092	-1.8709	4.4508	238.9800	55.0000	739648.456867
60.4095	-1.8709	4.4508	246.3000	55.0000	739648.456867
60.5260	-1.8709	4.4508	254.8400	55.0000	739648.456867
60.6428	-1.8709	4.4508	260.9400	55.0000	739648.456867
60.7428	-1.8709	4.4508	260.9400	55.0000	739648.456867
60.8595	-1.8709	4.4508	260.9400	55.0000	739648.456867
60.9760	-1.8520	4.3323	260.9400	55.0000	739648.456867
61.0927	-1.8299	4.1940	260.9400	55.0000	739648.456867
61.1929	-1.8111	4.0755	260.9400	55.0000	739648.456867
61.3093	-1.7890	3.9372	260.9400	55.0000	739648.456867
61.4094	-1.7701	3.8187	260.9400	55.0000	739648.456867
61.5260	-1.7481	3.6805	260.9400	55.0000	739648.456867
61.6261	-1.7292	3.5620	260.9400	55.0000	739648.456867
61.7261	-1.7103	3.4435	260.9400	55.0000	739648.456867
61.8262	-1.6914	3.3250	260.9400	55.0000	739648.456867
61.9429	-1.6693	3.1867	260.9400	55.0000	739648.456867
62.0594	-1.6469	3.0485	259.7200	55.0000	739648.456867
62.1760	-1.6284	2.9707	251.1800	55.0000	739648.456867
62.2760	-1.6284	2.9707	243.8600	55.0000	739648.456867
62.3927	-1.6284	2.9707	235.3200	55.0000	739648.456867
62.5094	-1.6284	2.9707	226.7800	55.0000	739648.456867
62.6260	-1.6284	2.9707	218.2400	55.0000	739648.456867
62.7262	-1.6284	2.9707	210.9200	55.0000	739648.456867
62.8431	-1.6284	2.9707	202.3800	55.0000	739648.456867
62.9593	-1.5897	2.9607	193.8400	55.0000	739648.456867
63.0761	-1.4538	2.9272	193.8400	55.0000	739648.456867
63.1928	-1.3178	2.8938	193.8400	55.0000	739648.456867
63.3094	-1.1819	2.8603	193.8400	55.0000	739648.456867
63.4095	-1.0654	2.8316	193.8400	55.0000	739648.456867
63.5261	-0.9294	2.7981	193.8400	55.0000	739648.456867
63.6430	-0.8126	2.7706	190.1800	55.0000	739648.456867
63.7443	-0.8126	2.7706	182.8600	55.0000	739648.456867
63.8598	-0.8126	2.7706	174.3200	55.0000	739648.456867
63.9763	-0.8126	2.7706	165.7800	55.0000	739648.456867
64.0928	-0.8126	2.7706	157.2400	55.0000	739648.456867
64.2097	-0.8126	2.7706	148.7000	55.0000	739648.456867
64.3262	-0.7496	2.8199	140.1600	55.0000	739648.456867
64.4427	-0.6502	2.9183	131.6200	55.0000	739648.456867
64.5427	-0.5775	3.0136	124.3000	55.0000	739648.456867
64.6595	-0.5011	3.1309	123.0800	55.0000	739648.456867
64.7762	-0.4247	3.2482	123.0800	55.0000	739648.456867
64.8926	-0.3482	3.3655	123.0800	55.0000	739648.456867
65.0093	-0.2718	3.4828	123.0800	55.0000	739648.456867
65.1262	-0.1954	3.6002	123.0800	55.0000	739648.456867
65.2427	-0.1299	3.7091	123.0800	55.0000	739648.456867
65.3594	-0.1299	3.7681	120.6400	55.0000	739648.456867
65.4596	-0.1299	3.8218	113.3200	55.0000	739648.456867
65.5762	-0.1299	3.8881	104.7800	55.0000	739648.456867
65.6928	-0.1252	3.9668	96.2400	55.0000	739648.456867
65.7929	-0.1252	4.0264	96.2400	55.0000	739648.456867
65.9100	-0.1252	4.0960	96.2400	55.0000	739648.456867
66.0262	-0.1252	4.1656	96.2400	55.0000	739648.456867
66.1428	-0.1252	4.2352	96.2400	55.0000	739648.456867
66.2594	-0.1252	4.3047	96.2400	55.0000	739648.456867
66.3761	-0.1252	4.3743	96.2400	55.0000	739648.456867
66.4929	-0.1252	4.4439	96.2400	55.0000	739648.456867
66.6095	-0.1252	4.5135	96.2400	55.0000	739648.456867
66.7264	-0.1252	4.5831	96.2400	55.0000	739648.456867
66.8432	-0.1252	4.6527	96.2400	55.0000	739648.456867
66.9598	-0.1252	4.7223	96.2400	55.0000	739648.456867
67.0760	-0.1252	4.7918	96.2400	55.0000	739648.456867
67.1761	-0.1252	4.8515	96.2400	55.0000	739648.456867
67.2935	-0.1252	4.9211	93.8000	55.0000	739648.456867
67.4095	-0.1292	5.0410	85.2600	55.0000	739648.456867
67.5259	-0.1408	5.1805	85.2600	55.0000	739648.456867
67.6262	-0.1507	5.3001	85.2600	55.0000	739648.456867
67.7426	-0.1623	5.4396	85.2600	55.0000	739648.456867
67.8431	-0.1722	5.5592	85.2600	55.0000	739648.456867
67.9594	-0.1838	5.6987	85.2600	55.0000	739648.456867
68.0596	-0.1848	5.8186	92.5800	55.0000	739648.456867
68.1597	-0.1739	5.9180	99.9000	55.0000	739648.456867
68.2761	-0.1739	5.9180	108.4400	55.0000	739648.456867
68.3765	-0.1739	5.9180	115.7600	55.0000	739648.456867
68.4928	-0.1739	5.9180	124.3000	55.0000	739648.456867
68.5933	-0.1739	5.9180	131.6200	55.0000	739648.456867
68.7094	-0.1739	5.9180	140.1600	55.0000	739648.456867
68.8105	-0.1739	5.9180	140.1600	55.0000	739648.456867
68.9260	-0.1739	5.9180	140.1600	55.0000	739648.456867
69.0268	-0.1739	5.9180	140.1600	55.0000	739648.456867
69.1430	-0.0818	5.9949	140.1600	55.0000	739648.456867
69.2593	0.0257	6.0846	140.1600	55.0000	739648.456867
69.3596	0.1179	6.1615	140.1600	55.0000	739648.456867
0.1141	0.0000	0.0000	45.0000	55.0000	739648.484022
0.2183	0.0000	0.0000	45.0000	55.0000	739648.484022
0.3349	0.0000	0.0000	45.0000	55.0000	739648.484022
0.4349	0.0000	0.0000	45.0000	55.0000	739648.484022
0.5514	0.0000	0.0000	45.0000	55.0000	739648.484022
0.6518	0.0000	0.0000	45.0000	55.0000	739648.484022
0.7682	0.0000	0.0000	45.0000	55.0000	739648.484022
0.8863	0.0000	0.0000	40.1200	55.0000	739648.484022
0.9866	0.0000	0.0000	32.8000	55.0000	739648.484022
1.1013	0.0000	0.0000	24.2600	55.0000	739648.484022
1.2015	0.0000	0.0000	24.2600	55.0000	739648.484022
1.3181	0.0000	0.0000	24.2600	55.0000	739648.484022
1.4348	-0.0547	0.0247	24.2600	55.0000	739648.484022
1.5513	-0.1823	0.0822	24.2600	55.0000	739648.484022
1.6516	-0.2917	0.1315	24.2600	55.0000	739648.484022
1.7683	-0.4194	0.1890	24.2600	55.0000	739648.484022
1.8846	-0.5470	0.2465	24.2600	55.0000	739648.484022
1.9849	-0.6017	0.2712	24.2600	55.0000	739648.484022
2.1014	-0.6017	0.2712	24.2600	55.0000	739648.484022
2.2018	-0.6017	0.2712	24.2600	55.0000	739648.484022
2.3181	-0.6017	0.2712	15.7200	55.0000	739648.484022
2.4348	-0.6017	0.2712	7.1800	55.0000	739648.484022
2.5350	-0.6017	0.2712	-0.1400	55.0000	739648.484022
2.6515	-0.6617	0.2710	-0.1400	55.0000	739648.484022
2.7680	-0.8017	0.2707	-0.1400	55.0000	739648.484022
2.8867	-0.9417	0.2703	-0.1400	55.0000	739648.484022
3.0014	-1.0817	0.2700	-0.1400	55.0000	739648.484022
3.1025	-1.2017	0.2697	-0.1400	55.0000	739648.484022
3.2179	-1.3417	0.2694	-0.1400	55.0000	739648.484022
3.3186	-1.4617	0.2691	-0.1400	55.0000	739648.484022
3.4347	-1.6017	0.2687	-0.1400	55.0000	739648.484022
3.5521	-1.7417	0.2684	-0.1400	55.0000	739648.484022
3.6682	-1.8817	0.2681	-0.1400	55.0000	739648.484022
3.7849	-2.0213	0.2766	7.1800	55.0000	739648.484022
3.8864	-2.1000	0.2908	14.5000	55.0000	739648.484022
3.9867	-2.1000	0.2908	21.8200	55.0000	739648.484022
4.1012	-2.1000	0.2908	30.3600	55.0000	739648.484022
4.2014	-2.1000	0.2908	37.6800	55.0000	739648.484022
4.3020	-2.1000	0.2908	45.0000	55.0000	739648.484022
4.4179	-2.1000	0.2908	53.5400	55.0000	739648.484022
4.5180	-2.1000	0.2908	60.8600	55.0000	739648.484022
4.6347	-2.1000	0.2908	69.4000	55.0000	739648.484022
4.7350	-2.1000	0.2908	76.7200	55.0000	739648.484022
4.8515	-2.1000	0.2908	79.1600	55.0000	739648.484022
4.9679	-2.1000	0.2908	79.1600	55.0000	739648.484022
5.0680	-2.1000	0.2908	79.1600	55.0000	739648.484022
5.1847	-2.1000	0.2908	79.1600	55.0000	739648.484022
5.3018	-2.1000	0.2908	79.1600	55.0000	739648.484022
5.4180	-2.1000	0.2908	75.5000	55.0000	739648.484022
5.5182	-2.1000	0.2908	68.1800	55.0000	739648.484022
5.6348	-2.1000	0.2908	59.6400	55.0000	739648.484022
5.7513	-2.1000	0.2908	51.1000	55.0000	739648.484022
5.8680	-2.1000	0.2908	42.5600	55.0000	739648.484022
5.9848	-2.1000	0.2908	38.9000	55.0000	739648.484022
6.1016	-2.1779	0.3536	38.9000	55.0000	739648.484022
6.2179	-2.2868	0.4416	38.9000	55.0000	739648.484022
6.3182	-2.3802	0.5169	38.9000	55.0000	739648.484022
6.4346	-2.4891	0.6048	38.9000	55.0000	739648.484022
6.5348	-2.5825	0.6802	38.9000	55.0000	739648.484022
6.6515	-2.6915	0.7681	38.9000	55.0000	739648.484022
6.7680	-2.8004	0.8560	38.9000	55.0000	739648.484022
6.8847	-2.9094	0.9439	38.9000	55.0000	739648.484022
6.9864	-3.0028	1.0193	38.9000	55.0000	739648.484022
7.1013	-3.0945	1.0966	43.7800	55.0000	739648.484022
7.2014	-3.0945	1.0966	51.1000	55.0000	739648.484022
7.3182	-3.0945	1.0966	59.6400	55.0000	739648.484022
7.4348	-3.0945	1.0966	68.1800	55.0000	739648.484022
7.5514	-3.0945	1.0966	76.7200	55.0000	739648.484022
7.6682	-3.0945	1.0966	85.2600	55.0000	739648.484022
7.7864	-3.0945	1.0966	93.8000	55.0000	739648.484022
7.9015	-3.0945	1.0966	102.3400	55.0000	739648.484022
8.0181	-3.0945	1.0966	110.8800	55.0000	739648.484022
8.1346	-3.0945	1.0966	119.4200	55.0000	739648.484022
8.2347	-3.0417	1.1815	121.8600	55.0000	739648.484022
8.3517	-2.9678	1.3004	121.8600	55.0000	739648.484022
8.4680	-2.8939	1.4193	121.8600	55.0000	739648.484022
8.5683	-2.8306	1.5213	121.8600	55.0000	739648.484022
8.6864	-2.7567	1.6402	121.8600	55.0000	739648.484022
8.8016	-2.6839	1.7597	119.4200	55.0000	739648.484022
8.9179	-2.6258	1.8870	110.8800	55.0000	739648.484022
9.0348	-2.5873	2.0214	102.3400	55.0000	739648.484022
9.1513	-2.5603	2.1588	101.1200	55.0000	739648.484022
9.2515	-2.5371	2.2765	101.1200	55.0000	739648.484022
9.3680	-2.5101	2.4139	101.1200	55.0000	739648.484022
9.4682	-2.4870	2.5317	101.1200	55.0000	739648.484022
9.5864	-2.4600	2.6690	101.1200	55.0000	739648.484022
9.7017	-2.4330	2.8064	101.1200	55.0000	739648.484022
9.8018	-2.4098	2.9241	101.1200	55.0000	739648.484022
9.9181	-2.3828	3.0615	101.1200	55.0000	739648.484022
10.0184	-2.3597	3.1793	101.1200	55.0000	739648.484022
10.1347	-2.3327	3.3166	101.1200	55.0000	739648.484022
10.2514	-2.3057	3.4540	101.1200	55.0000	739648.484022
10.3517	-2.2825	3.5718	101.1200	55.0000	739648.484022
10.4683	-2.2555	3.7091	101.1200	55.0000	739648.484022
10.5853	-2.2285	3.8465	101.1200	55.0000	739648.484022
10.7036	-2.2003	3.9836	103.5600	55.0000	739648.484022
10.8179	-2.1560	4.1163	112.1000	55.0000	739648.484022
10.9180	-2.1028	4.2237	119.4200	55.0000	739648.484022
11.0347	-2.0239	4.3393	127.9600	55.0000	739648.484022
11.1514	-1.9288	4.4418	136.5000	55.0000	739648.484022
11.2684	-1.8255	4.5363	136.5000	55.0000	739648.484022
11.3848	-1.7326	4.6409	127.9600	55.0000	739648.484022
11.5014	-1.7207	4.6569	119.4200	55.0000	739648.484022
11.6180	-1.7136	4.6756	110.8800	55.0000	739648.484022
11.7347	-1.6750	4.8101	102.3400	55.0000	739648.484022
11.8515	-1.6451	4.9468	102.3400	55.0000	739648.484022
11.9680	-1.6152	5.0836	102.3400	55.0000	739648.484022
12.0847	-1.5852	5.2204	102.3400	55.0000	739648.484022
12.2019	-1.5553	5.3571	102.3400	55.0000	739648.484022
12.3031	-1.5339	5.4751	97.4600	55.0000	739648.484022
12.4182	-1.5280	5.5949	88.9200	55.0000	739648.484022
12.5347	-1.5338	5.6746	80.3800	55.0000	739648.484022
12.6514	-1.5338	5.6746	71.8400	55.0000	739648.484022
12.7516	-1.5338	5.6746	64.5200	55.0000	739648.484022
12.8692	-1.5338	5.6746	55.9800	55.0000	739648.484022
12.9847	-1.5338	5.6746	47.4400	55.0000	739648.484022
13.0850	-1.5338	5.6746	40.1200	55.0000	739648.484022
13.2014	-1.5338	5.6746	31.5800	55.0000	739648.484022
13.3015	-1.5338	5.6746	24.2600	55.0000	739648.484022
13.4181	-1.5338	5.6746	15.7200	55.0000	739648.484022
13.5346	-1.5338	5.6746	10.8400	55.0000	739648.484022
13.6347	-1.5338	5.6746	10.8400	55.0000	739648.484022
13.7516	-1.5927	5.6859	10.8400	55.0000	739648.484022
13.8693	-1.7302	5.7123	10.8400	55.0000	739648.484022
13.9848	-1.8677	5.7386	10.8400	55.0000	739648.484022
14.1035	-2.0052	5.7649	10.8400	55.0000	739648.484022
14.2201	-2.1427	5.7913	10.8400	55.0000	739648.484022
14.3349	-2.2802	5.8176	10.8400	55.0000	739648.484022
14.4513	-2.4177	5.8439	10.8400	55.0000	739648.484022
14.5514	-2.5369	5.8576	3.5200	55.0000	739648.484022
14.6519	-2.6568	5.8561	-3.8000	55.0000	739648.484022
14.7681	-2.7951	5.8350	-12.3400	55.0000	739648.484022
14.8846	-2.9305	5.7996	-14.7800	55.0000	739648.484022
14.9848	-3.0466	5.7690	-14.7800	55.0000	739648.484022
15.0849	-3.1626	5.7384	-14.7800	55.0000	739648.484022
15.2014	-3.2980	5.7027	-14.7800	55.0000	739648.484022
15.3035	-3.4140	5.6721	-14.7800	55.0000	739648.484022
15.4203	-3.5494	5.6364	-14.7800	55.0000	739648.484022
15.5346	-3.6847	5.6007	-14.7800	55.0000	739648.484022
15.6349	-3.8007	5.5701	-14.7800	55.0000	739648.484022
15.7516	-3.9361	5.5343	-14.7800	55.0000	739648.484022
15.8533	-4.0521	5.5037	-14.7800	55.0000	739648.484022
15.9682	-4.1856	5.4619	-20.8800	55.0000	739648.484022
16.0847	-4.3116	5.4011	-29.4200	55.0000	739648.484022
16.2013	-4.4272	5.3223	-37.9600	55.0000	739648.484022
16.3017	-4.5168	5.2426	-42.8400	55.0000	739648.484022
16.4032	-4.6048	5.1610	-42.8400	55.0000	739648.484022
16.5199	-4.7075	5.0658	-42.8400	55.0000	739648.484022
16.6201	-4.7955	4.9842	-42.8400	55.0000	739648.484022
16.7348	-4.8981	4.8890	-42.8400	55.0000	739648.484022
16.8513	-5.0005	4.7935	-44.0600	55.0000	739648.484022
16.9679	-5.0924	4.6881	-52.6000	55.0000	739648.484022
17.0847	-5.1676	4.5701	-61.1400	55.0000	739648.484022
17.2013	-5.2244	4.4423	-69.6800	55.0000	739648.484022
17.3197	-5.2617	4.3075	-78.2200	55.0000	739648.484022
17.4346	-5.2827	4.1691	-81.8800	55.0000	739648.484022
17.5513	-5.2883	4.1295	-81.8800	55.0000	739648.484022
17.6515	-5.2968	4.0701	-81.8800	55.0000	739648.484022
17.7681	-5.3166	3.9315	-81.8800	55.0000	739648.484022
17.8849	-5.3364	3.7929	-81.8800	55.0000	739648.484022
18.0015	-5.3561	3.6543	-81.8800	55.0000	739648.484022
18.1023	-5.3731	3.5355	-81.8800	55.0000	739648.484022
18.2180	-5.3929	3.3969	-81.8800	55.0000	739648.484022
18.3347	-5.4126	3.2583	-81.8800	55.0000	739648.484022
18.4514	-5.4324	3.1197	-81.8800	55.0000	739648.484022
18.5679	-5.4522	2.9811	-81.8800	55.0000	739648.484022
18.6680	-5.4691	2.8623	-81.8800	55.0000	739648.484022
18.7847	-5.4889	2.7237	-81.8800	55.0000	739648.484022
18.9012	-5.5087	2.5851	-81.8800	55.0000	739648.484022
19.0014	-5.5256	2.4664	-81.8800	55.0000	739648.484022
19.1182	-5.5454	2.3278	-81.8800	55.0000	739648.484022
19.2349	-5.5652	2.1892	-81.8800	55.0000	739648.484022
19.3514	-5.5850	2.0506	-81.8800	55.0000	739648.484022
19.4680	-5.6047	1.9120	-81.8800	55.0000	739648.484022
19.5847	-5.6245	1.7734	-81.8800	55.0000	739648.484022
19.7013	-5.6443	1.6348	-81.8800	55.0000	739648.484022
19.8014	-5.6612	1.5160	-81.8800	55.0000	739648.484022
19.9035	-5.6778	1.3971	-83.1000	55.0000	739648.484022
20.0191	-5.6827	1.2573	-91.6400	55.0000	739648.484022
20.1200	-5.6703	1.1381	-98.9600	55.0000	739648.484022
20.2348	-5.6369	1.0022	-107.5000	55.0000	739648.484022
20.3514	-5.5836	0.8729	-116.0400	55.0000	739648.484022
20.4515	-5.5231	0.7694	-123.3600	55.0000	739648.484022
20.5519	-5.4499	0.6744	-130.6800	55.0000	739648.484022
20.6681	-5.3500	0.5765	-139.2200	55.0000	739648.484022
20.7683	-5.2536	0.5051	-146.5400	55.0000	739648.484022
20.8847	-5.1308	0.4382	-155.0800	55.0000	739648.484022
20.9850	-5.0186	0.3959	-162.4000	55.0000	739648.484022
21.1034	-4.8822	0.3651	-170.9400	55.0000	739648.484022
21.2185	-4.7426	0.3549	-179.4800	55.0000	739648.484022
21.3199	-4.6230	0.3628	-186.8000	55.0000	739648.484022
21.4200	-4.5053	0.3858	-194.1200	55.0000	739648.484022
21.5347	-4.3730	0.4313	-202.6600	55.0000	739648.484022
21.6349	-4.2661	0.4856	-209.9800	55.0000	739648.484022
21.7514	-4.1514	0.5656	-218.5200	55.0000	739648.484022
21.8680	-4.1360	0.6200	-227.0600	55.0000	739648.484022
21.9683	-4.1360	0.6668	-234.3800	55.0000	739648.484022
22.0848	-4.1250	0.7353	-242.9200	55.0000	739648.484022
22.2014	-4.1250	0.8001	-251.4600	55.0000	739648.484022
22.3193	-4.1250	0.8678	-256.3400	55.0000	739648.484022
22.4346	-4.1250	0.9358	-256.3400	55.0000	739648.484022
22.5348	-4.1250	0.9941	-256.3400	55.0000	739648.484022
22.6513	-4.1250	1.0621	-256.3400	55.0000	739648.484022
22.7679	-4.1250	1.1301	-256.3400	55.0000	739648.484022
22.8682	-4.1250	1.1884	-256.3400	55.0000	739648.484022
22.9848	-4.1250	1.2565	-256.3400	55.0000	739648.484022
23.1012	-4.1250	1.3245	-256.3400	55.0000	739648.484022
23.2014	-4.1250	1.3832	-261.2200	55.0000	739648.484022
23.3020	-4.1250	1.4430	-268.5400	55.0000	739648.484022
23.4198	-4.1250	1.5130	-269.7600	55.0000	739648.484022
23.5348	-4.1250	1.5830	-269.7600	55.0000	739648.484022
23.6513	-4.1250	1.6530	-269.7600	55.0000	739648.484022
23.7514	-4.1250	1.7130	-269.7600	55.0000	739648.484022
23.8680	-4.1250	1.7830	-269.7600	55.0000	739648.484022
23.9684	-4.1250	1.8430	-269.7600	55.0000	739648.484022
24.0852	-4.1363	1.9824	-278.3000	55.0000	739648.484022
24.2013	-4.1682	2.1186	-286.8400	55.0000	739648.484022
24.3181	-4.2088	2.2526	-286.8400	55.0000	739648.484022
24.4367	-4.2494	2.3866	-286.8400	55.0000	739648.484022
24.5514	-4.2899	2.5206	-286.8400	55.0000	739648.484022
24.6680	-4.3305	2.6546	-286.8400	55.0000	739648.484022
24.7681	-4.3652	2.7694	-286.8400	55.0000	739648.484022
24.8850	-4.4058	2.9034	-286.8400	55.0000	739648.484022
25.0014	-4.4463	3.0374	-286.8400	55.0000	739648.484022
25.1015	-4.4811	3.1523	-286.8400	55.0000	739648.484022
25.2179	-4.5217	3.2863	-286.8400	55.0000	739648.484022
25.3197	-4.5564	3.4011	-286.8400	55.0000	739648.484022
25.4348	-4.5970	3.5351	-286.8400	55.0000	739648.484022
25.5514	-4.6376	3.6691	-286.8400	55.0000	739648.484022
25.6515	-4.6723	3.7840	-286.8400	55.0000	739648.484022
25.7682	-4.7129	3.9180	-286.8400	55.0000	739648.484022
25.8846	-4.7534	4.0520	-286.8400	55.0000	739648.484022
25.9847	-4.7841	4.1679	-281.9600	55.0000	739648.484022
26.1013	-4.8013	4.3067	-273.4200	55.0000	739648.484022
26.2017	-4.8018	4.3867	-266.1000	55.0000	739648.484022
26.3179	-4.8018	4.3867	-257.5600	55.0000	739648.484022
26.4188	-4.8018	4.3867	-250.2400	55.0000	739648.484022
26.5367	-4.8018	4.3867	-241.7000	55.0000	739648.484022
26.6368	-4.8018	4.3867	-234.3800	55.0000	739648.484022
26.7514	-4.8018	4.3867	-225.8400	55.0000	739648.484022
26.8517	-4.8018	4.3867	-218.5200	55.0000	739648.484022
26.9679	-4.7210	4.4456	-216.0800	55.0000	739648.484022
27.0681	-4.6240	4.5163	-216.0800	55.0000	739648.484022
27.1847	-4.5109	4.5987	-216.0800	55.0000	739648.484022
27.3012	-4.3977	4.6812	-216.0800	55.0000	739648.484022
27.4015	-4.3008	4.7518	-216.0800	55.0000	739648.484022
27.5180	-4.1876	4.8343	-216.0800	55.0000	739648.484022
27.6199	-4.1391	4.8873	-216.0800	55.0000	739648.484022
27.7347	-4.1391	4.9295	-219.7400	55.0000	739648.484022
27.8513	-4.1435	4.9691	-228.2800	55.0000	739648.484022
27.9679	-4.1242	5.0331	-236.8200	55.0000	739648.484022
28.0848	-4.0677	5.1347	-236.8200	55.0000	739648.484022
28.2013	-3.9911	5.2519	-236.8200	55.0000	739648.484022
28.3014	-3.9254	5.3523	-236.8200	55.0000	739648.484022
28.4202	-3.8488	5.4695	-236.8200	55.0000	739648.484022
28.5368	-3.7649	5.5814	-229.5000	55.0000	739648.484022
28.6514	-3.6805	5.6665	-220.9600	55.0000	739648.484022
28.7682	-3.6805	5.6665	-212.4200	55.0000	739648.484022
28.8684	-3.6805	5.6665	-205.1000	55.0000	739648.484022
28.9848	-3.6805	5.6665	-196.5600	55.0000	739648.484022
29.0850	-3.6805	5.6665	-189.2400	55.0000	739648.484022
29.2014	-3.6805	5.6665	-180.7000	55.0000	739648.484022
29.3021	-3.6805	5.6665	-173.3800	55.0000	739648.484022
29.4180	-3.6805	5.6665	-166.0600	55.0000	739648.484022
29.5183	-3.6805	5.6665	-166.0600	55.0000	739648.484022
29.6189	-3.6611	5.6617	-166.0600	55.0000	739648.484022
29.7365	-3.5252	5.6280	-166.0600	55.0000	739648.484022
29.8397	-3.4087	5.5991	-166.0600	55.0000	739648.484022
29.9514	-3.2728	5.5654	-166.0600	55.0000	739648.484022
30.0516	-3.1564	5.5364	-166.0600	55.0000	739648.484022
30.1682	-3.0205	5.5027	-166.0600	55.0000	739648.484022
30.2848	-2.8846	5.4690	-166.0600	55.0000	739648.484022
30.3859	-2.7682	5.4401	-166.0600	55.0000	739648.484022
30.5013	-2.6323	5.4064	-166.0600	55.0000	739648.484022
30.6016	-2.5158	5.3775	-166.0600	55.0000	739648.484022
30.7188	-2.3799	5.3437	-166.0600	55.0000	739648.484022
30.8198	-2.2635	5.3148	-166.0600	55.0000	739648.484022
30.9365	-2.1276	5.2811	-166.0600	55.0000	739648.484022
31.0515	-1.9921	5.2461	-163.6200	55.0000	739648.484022
31.1681	-1.8617	5.1954	-155.0800	55.0000	739648.484022
31.2847	-1.7403	5.1259	-146.5400	55.0000	739648.484022
31.3848	-1.6455	5.0525	-139.2200	55.0000	739648.484022
31.5014	-1.5477	4.9525	-130.6800	55.0000	739648.484022
31.6016	-1.4765	4.8560	-123.3600	55.0000	739648.484022
31.7180	-1.4098	4.7330	-114.8200	55.0000	739648.484022
31.8362	-1.3621	4.6015	-106.2800	55.0000	739648.484022
31.9513	-1.3345	4.4644	-97.7400	55.0000	739648.484022
32.0514	-1.3272	4.3447	-90.4200	55.0000	739648.484022
32.1679	-1.3381	4.2053	-81.8800	55.0000	739648.484022
32.2848	-1.3654	4.0680	-78.2200	55.0000	739648.484022
32.4015	-1.3940	3.9309	-78.2200	55.0000	739648.484022
32.5182	-1.4226	3.7939	-78.2200	55.0000	739648.484022
32.6347	-1.4512	3.6568	-78.2200	55.0000	739648.484022
32.7365	-1.4757	3.5393	-78.2200	55.0000	739648.484022
32.8513	-1.5043	3.4023	-78.2200	55.0000	739648.484022
32.9516	-1.5288	3.2848	-78.2200	55.0000	739648.484022
33.0681	-1.5573	3.1478	-78.2200	55.0000	739648.484022
33.1851	-1.5859	3.0107	-78.2200	55.0000	739648.484022
33.3014	-1.6103	2.8729	-83.1000	55.0000	739648.484022
33.4179	-1.6152	2.7331	-91.6400	55.0000	739648.484022
33.5342	-1.5994	2.5942	-100.1800	55.0000	739648.484022
33.6364	-1.5694	2.4781	-107.5000	55.0000	739648.484022
33.7514	-1.5162	2.3487	-116.0400	55.0000	739648.484022
33.8679	-1.4443	2.2287	-124.5800	55.0000	739648.484022
33.9846	-1.3554	2.1207	-133.1200	55.0000	739648.484022
34.0848	-1.2671	2.0395	-140.4400	55.0000	739648.484022
34.2015	-1.1521	1.9600	-148.9800	55.0000	739648.484022
34.3181	-1.0266	1.8983	-157.5200	55.0000	739648.484022
34.4182	-0.9126	1.8609	-164.8400	55.0000	739648.484022
34.5366	-0.7750	1.8359	-173.3800	55.0000	739648.484022
34.6536	-0.6352	1.8316	-181.9200	55.0000	739648.484022
34.7680	-0.4963	1.8482	-190.4600	55.0000	739648.484022
34.8847	-0.3614	1.8852	-199.0000	55.0000	739648.484022
34.9851	-0.2513	1.9326	-206.3200	55.0000	739648.484022
35.1014	-0.1316	2.0050	-214.8600	55.0000	739648.484022
35.2182	-0.1316	2.0498	-223.4000	55.0000	739648.484022
35.3183	-0.1316	2.0941	-230.7200	55.0000	739648.484022
35.4347	-0.1316	2.1518	-239.2600	55.0000	739648.484022
35.5348	-0.1316	2.2055	-246.5800	55.0000	739648.484022
35.6364	-0.1253	2.2716	-253.9000	55.0000	739648.484022
35.7514	-0.1253	2.3402	-261.2200	55.0000	739648.484022
35.8682	-0.1253	2.4093	-261.2200	55.0000	739648.484022
35.9847	-0.1253	2.4785	-261.2200	55.0000	739648.484022
36.1014	-0.1253	2.5477	-261.2200	55.0000	739648.484022
36.2182	-0.1253	2.6169	-261.2200	55.0000	739648.484022
36.3364	-0.1253	2.6861	-261.2200	55.0000	739648.484022
36.4535	-0.1253	2.7556	-267.3200	55.0000	739648.484022
36.5680	-0.1311	2.8854	-275.8600	55.0000	739648.484022
36.6846	-0.1509	3.0240	-278.3000	55.0000	739648.484022
36.8016	-0.1711	3.1625	-278.3000	55.0000	739648.484022
36.9180	-0.1913	3.3010	-278.3000	55.0000	739648.484022
37.0346	-0.2116	3.4396	-278.3000	55.0000	739648.484022
37.1360	-0.2289	3.5583	-278.3000	55.0000	739648.484022
37.2363	-0.2462	3.6771	-278.3000	55.0000	739648.484022
37.3368	-0.2635	3.7958	-278.3000	55.0000	739648.484022
37.4512	-0.2837	3.9343	-278.3000	55.0000	739648.484022
37.5680	-0.2997	4.0733	-273.4200	55.0000	739648.484022
37.6846	-0.2987	4.2133	-268.5400	55.0000	739648.484022
37.7847	-0.2956	4.3333	-268.5400	55.0000	739648.484022
37.9015	-0.2921	4.4732	-268.5400	55.0000	739648.484022
38.0179	-0.2885	4.6132	-268.5400	55.0000	739648.484022
38.1180	-0.2855	4.7331	-268.5400	55.0000	739648.484022
38.2363	-0.2844	4.8731	-272.2000	55.0000	739648.484022
38.3511	-0.3004	5.0121	-278.3000	55.0000	739648.484022
38.4513	-0.3177	5.1308	-278.3000	55.0000	739648.484022
38.5684	-0.3354	5.2697	-274.6400	55.0000	739648.484022
38.6848	-0.3348	5.4096	-266.1000	55.0000	739648.484022
38.8012	-0.3135	5.5478	-257.5600	55.0000	739648.484022
38.9013	-0.2790	5.6626	-250.2400	55.0000	739648.484022
39.0180	-0.2207	5.7898	-241.7000	55.0000	739648.484022
39.1181	-0.1561	5.8908	-234.3800	55.0000	739648.484022
39.2365	-0.0653	5.9972	-225.8400	55.0000	739648.484022
39.3514	0.0403	6.0889	-217.3000	55.0000	739648.484022
39.4529	0.1409	6.1543	-209.9800	55.0000	739648.484022
