T	X	Y	HEADING	PERPSECTIVE_ANGLE	NOW_NUM
0.1245	0.0000	0.0000	45.0000	55.0000	739644.689512
0.2416	0.0000	0.0000	45.0000	55.0000	739644.689512
0.3418	0.0000	0.0000	45.0000	55.0000	739644.689512
0.4580	0.0000	0.0000	45.0000	55.0000	739644.689512
0.5743	0.0000	0.0000	45.0000	55.0000	739644.689512
0.6748	0.0000	0.0000	45.0000	55.0000	739644.689512
0.7755	0.0000	0.0000	45.0000	55.0000	739644.689512
0.8914	0.0000	0.0000	45.0000	55.0000	739644.689512
0.9928	0.0000	0.0000	45.0000	55.0000	739644.689512
1.0931	0.0000	0.0000	45.0000	55.0000	739644.689512
1.2098	0.0000	0.0000	45.0000	55.0000	739644.689512
1.3100	0.0000	0.0000	45.0000	55.0000	739644.689512
1.4266	0.0000	0.0000	45.0000	55.0000	739644.689512
1.5436	0.0000	0.0000	40.1200	55.0000	739644.689512
1.6602	0.0000	0.0000	38.9000	55.0000	739644.689512
1.7770	-0.0156	0.0126	38.9000	55.0000	739644.689512
1.8937	-0.0934	0.0754	38.9000	55.0000	739644.689512
1.9960	-0.0934	0.0754	38.9000	55.0000	739644.689512
2.1105	-0.0311	0.0251	38.9000	55.0000	739644.689512
2.2273	0.0778	-0.0628	38.9000	55.0000	739644.689512
2.3275	0.1712	-0.1382	38.9000	55.0000	739644.689512
2.4441	0.1765	-0.1329	38.9000	55.0000	739644.689512
2.5443	0.1795	-0.1299	38.9000	55.0000	739644.689512
2.6609	0.1795	-0.1299	38.9000	55.0000	739644.689512
2.7610	0.1795	-0.1299	38.9000	55.0000	739644.689512
2.8611	0.1795	-0.1299	41.3400	55.0000	739644.689512
2.9613	0.1795	-0.1299	48.6600	55.0000	739644.689512
3.0614	0.1795	-0.1299	48.6600	55.0000	739644.689512
3.1782	0.1663	-0.1149	48.6600	55.0000	739644.689512
3.2950	0.0738	-0.0098	48.6600	55.0000	739644.689512
3.3956	-0.0055	0.0803	48.6600	55.0000	739644.689512
3.5117	-0.0979	0.1855	48.6600	55.0000	739644.689512
3.6119	-0.1772	0.2755	48.6600	55.0000	739644.689512
3.7121	-0.2565	0.3656	48.6600	55.0000	739644.689512
3.8287	-0.3489	0.4708	48.6600	55.0000	739644.689512
3.9455	-0.4414	0.5759	48.6600	55.0000	739644.689512
4.0456	-0.5207	0.6660	48.6600	55.0000	739644.689512
4.1624	-0.5471	0.6960	52.3200	55.0000	739644.689512
4.2626	-0.5471	0.6960	59.6400	55.0000	739644.689512
4.3792	-0.5471	0.6960	60.8600	55.0000	739644.689512
4.4961	-0.5471	0.6960	60.8600	55.0000	739644.689512
4.5963	-0.5471	0.6960	53.5400	55.0000	739644.689512
4.7129	-0.5471	0.6960	46.2200	55.0000	739644.689512
4.8301	-0.5471	0.6960	46.2200	55.0000	739644.689512
4.9467	-0.5471	0.6960	46.2200	55.0000	739644.689512
5.0470	-0.5471	0.6960	46.2200	55.0000	739644.689512
5.1636	-0.5471	0.6960	46.2200	55.0000	739644.689512
5.2638	-0.6163	0.7682	46.2200	55.0000	739644.689512
5.3805	-0.7132	0.8693	46.2200	55.0000	739644.689512
5.4806	-0.7962	0.9559	46.2200	55.0000	739644.689512
5.5973	-0.8930	1.0570	46.2200	55.0000	739644.689512
5.6974	-0.9207	1.0859	46.2200	55.0000	739644.689512
5.8144	-0.9207	1.0859	46.2200	55.0000	739644.689512
5.9310	-0.9207	1.0859	53.5400	55.0000	739644.689512
6.0311	-0.9207	1.0859	57.2000	55.0000	739644.689512
6.1478	-0.9207	1.0859	57.2000	55.0000	739644.689512
6.2645	-0.9207	1.0859	57.2000	55.0000	739644.689512
6.3647	-0.9857	1.1867	57.2000	55.0000	739644.689512
6.4649	-1.0507	1.2876	57.2000	55.0000	739644.689512
6.5815	-1.0941	1.3549	58.4200	55.0000	739644.689512
6.6816	-1.0941	1.3549	65.7400	55.0000	739644.689512
6.7984	-1.0941	1.3549	73.0600	55.0000	739644.689512
6.8986	-1.0941	1.3549	73.0600	55.0000	739644.689512
7.0153	-1.1115	1.4123	73.0600	55.0000	739644.689512
7.1321	-1.1232	1.4505	73.0600	55.0000	739644.689512
7.2322	-1.1232	1.4505	71.8400	55.0000	739644.689512
7.3489	-1.1232	1.4505	63.3000	55.0000	739644.689512
7.4657	-1.1232	1.4505	54.7600	55.0000	739644.689512
7.5672	-1.1232	1.4505	54.7600	55.0000	739644.689512
7.6838	-1.1578	1.4995	54.7600	55.0000	739644.689512
7.7839	-1.2271	1.5975	54.7600	55.0000	739644.689512
7.8841	-1.2963	1.6955	54.7600	55.0000	739644.689512
8.0008	-1.3771	1.8099	54.7600	55.0000	739644.689512
8.1177	-1.4348	1.8916	55.9800	55.0000	739644.689512
8.2344	-1.4348	1.8916	64.5200	55.0000	739644.689512
8.3348	-1.4348	1.8916	71.8400	55.0000	739644.689512
8.4511	-1.4348	1.8916	77.9400	55.0000	739644.689512
8.5513	-1.4348	1.8916	77.9400	55.0000	739644.689512
8.6514	-1.4431	1.9307	77.9400	55.0000	739644.689512
8.7681	-1.4724	2.0676	77.9400	55.0000	739644.689512
8.8682	-1.4975	2.1849	77.9400	55.0000	739644.689512
8.9850	-1.5267	2.3219	77.9400	55.0000	739644.689512
9.1019	-1.5560	2.4588	77.9400	55.0000	739644.689512
9.2186	-1.5852	2.5957	77.9400	55.0000	739644.689512
9.3188	-1.5852	2.5957	80.3800	55.0000	739644.689512
9.4353	-1.5852	2.5957	88.9200	55.0000	739644.689512
9.5356	-1.5852	2.5957	92.5800	55.0000	739644.689512
9.6524	-1.5852	2.5957	92.5800	55.0000	739644.689512
9.7690	-1.5852	2.5957	92.5800	55.0000	739644.689512
9.8692	-1.5870	2.5557	92.5800	55.0000	739644.689512
9.9859	-1.5933	2.4159	92.5800	55.0000	739644.689512
10.0860	-1.5987	2.2960	92.5800	55.0000	739644.689512
10.1862	-1.6041	2.1761	92.5800	55.0000	739644.689512
10.3029	-1.6104	2.0362	92.5800	55.0000	739644.689512
10.4197	-1.6167	1.8964	92.5800	55.0000	739644.689512
10.5363	-1.6230	1.7565	92.5800	55.0000	739644.689512
10.6367	-1.6284	1.6366	92.5800	55.0000	739644.689512
10.7532	-1.6347	1.4968	92.5800	55.0000	739644.689512
10.8534	-1.6401	1.3769	92.5800	55.0000	739644.689512
10.9700	-1.6464	1.2370	92.5800	55.0000	739644.689512
11.0702	-1.6518	1.1172	92.5800	55.0000	739644.689512
11.1716	-1.6572	0.9973	92.5800	55.0000	739644.689512
11.2870	-1.6635	0.8574	92.5800	55.0000	739644.689512
11.4039	-1.6698	0.7176	92.5800	55.0000	739644.689512
11.5205	-1.6761	0.5777	92.5800	55.0000	739644.689512
11.6207	-1.6816	0.4578	92.5800	55.0000	739644.689512
11.7207	-1.6870	0.3380	92.5800	55.0000	739644.689512
11.8375	-1.6933	0.1981	92.5800	55.0000	739644.689512
11.9376	-1.6973	0.1382	92.5800	55.0000	739644.689512
12.0544	-1.6973	0.1382	92.5800	55.0000	739644.689512
12.1546	-1.6973	0.1382	92.5800	55.0000	739644.689512
12.2715	-1.6973	0.1382	92.5800	55.0000	739644.689512
12.3879	-1.6973	0.1382	92.5800	55.0000	739644.689512
12.4882	-1.6973	0.1382	92.5800	55.0000	739644.689512
12.6048	-1.6973	0.1382	92.5800	55.0000	739644.689512
12.7216	-1.6973	0.1382	92.5800	55.0000	739644.689512
12.8218	-1.6973	0.1382	92.5800	55.0000	739644.689512
12.9385	-1.6973	0.1382	92.5800	55.0000	739644.689512
13.0557	-1.6973	0.1382	92.5800	55.0000	739644.689512
13.1720	-1.6973	0.1382	88.9200	55.0000	739644.689512
13.2722	-1.6973	0.1382	84.0400	55.0000	739644.689512
13.3892	-1.6973	0.1382	84.0400	55.0000	739644.689512
13.5056	-1.6973	0.1382	76.7200	55.0000	739644.689512
13.6057	-1.6973	0.1382	75.5000	55.0000	739644.689512
13.7062	-1.6973	0.1382	75.5000	55.0000	739644.689512
13.8226	-1.6973	0.1382	66.9600	55.0000	739644.689512
13.9227	-1.6973	0.1382	65.7400	55.0000	739644.689512
14.0227	-1.6973	0.1382	65.7400	55.0000	739644.689512
14.1395	-1.6973	0.1382	58.4200	55.0000	739644.689512
14.2396	-1.6973	0.1382	57.2000	55.0000	739644.689512
14.3397	-1.6973	0.1382	53.5400	55.0000	739644.689512
14.4564	-1.6973	0.1382	45.0000	55.0000	739644.689512
14.5566	-1.6973	0.1382	45.0000	55.0000	739644.689512
14.6733	-1.6973	0.1382	45.0000	55.0000	739644.689512
14.7735	-1.6973	0.1382	42.5600	55.0000	739644.689512
14.8902	-1.6973	0.1382	34.0200	55.0000	739644.689512
14.9902	-1.6973	0.1382	32.8000	55.0000	739644.689512
15.0903	-1.6973	0.1382	32.8000	55.0000	739644.689512
15.1904	-1.6973	0.1382	32.8000	55.0000	739644.689512
15.2906	-1.6973	0.1382	31.5800	55.0000	739644.689512
15.3909	-1.6973	0.1382	24.2600	55.0000	739644.689512
15.5074	-1.6973	0.1382	21.8200	55.0000	739644.689512
15.6075	-1.6973	0.1382	21.8200	55.0000	739644.689512
15.7244	-1.6973	0.1382	21.8200	55.0000	739644.689512
15.8410	-1.6973	0.1382	21.8200	55.0000	739644.689512
15.9411	-1.6973	0.1382	21.8200	55.0000	739644.689512
16.0412	-1.6973	0.1382	21.8200	55.0000	739644.689512
16.1413	-1.6973	0.1382	21.8200	55.0000	739644.689512
16.2416	-1.7159	0.1456	21.8200	55.0000	739644.689512
16.3581	-1.8458	0.1976	21.8200	55.0000	739644.689512
16.4748	-1.9758	0.2497	21.8200	55.0000	739644.689512
16.5750	-2.0315	0.2720	21.8200	55.0000	739644.689512
16.6753	-2.0315	0.2720	21.8200	55.0000	739644.689512
16.7919	-2.0315	0.2720	21.8200	55.0000	739644.689512
16.9106	-2.0315	0.2720	21.8200	55.0000	739644.689512
17.0253	-2.0315	0.2720	21.8200	55.0000	739644.689512
17.1257	-2.0315	0.2720	21.8200	55.0000	739644.689512
17.2422	-2.0315	0.2720	19.3800	55.0000	739644.689512
17.3424	-2.0315	0.2720	12.0600	55.0000	739644.689512
17.4591	-2.0315	0.2720	12.0600	55.0000	739644.689512
17.5594	-2.0315	0.2720	12.0600	55.0000	739644.689512
17.6760	-2.0902	0.2845	12.0600	55.0000	739644.689512
17.7762	-2.2075	0.3096	12.0600	55.0000	739644.689512
17.8930	-2.2075	0.3096	12.0600	55.0000	739644.689512
18.0095	-2.2075	0.3096	12.0600	55.0000	739644.689512
18.1098	-2.3053	0.3305	12.0600	55.0000	739644.689512
18.2099	-2.3249	0.3347	12.0600	55.0000	739644.689512
18.3120	-2.3249	0.3347	12.0600	55.0000	739644.689512
18.4268	-2.3249	0.3347	12.0600	55.0000	739644.689512
18.5435	-2.3249	0.3347	12.0600	55.0000	739644.689512
18.6604	-2.4618	0.3639	12.0600	55.0000	739644.689512
18.7769	-2.5596	0.3848	12.0600	55.0000	739644.689512
18.8770	-2.5596	0.3848	12.0600	55.0000	739644.689512
18.9772	-2.5596	0.3848	12.0600	55.0000	739644.689512
19.0940	-2.5596	0.3848	4.7400	55.0000	739644.689512
19.2108	-2.5596	0.3848	-0.1400	55.0000	739644.689512
19.3288	-2.5596	0.3848	-0.1400	55.0000	739644.689512
19.4442	-2.5596	0.3848	-0.1400	55.0000	739644.689512
19.5610	-2.6396	0.3846	-0.1400	55.0000	739644.689512
19.6611	-2.7596	0.3843	-0.1400	55.0000	739644.689512
19.7779	-2.8996	0.3840	-0.1400	55.0000	739644.689512
19.8946	-3.0396	0.3836	-0.1400	55.0000	739644.689512
19.9947	-3.1596	0.3833	-0.1400	55.0000	739644.689512
20.1121	-3.2996	0.3830	-0.1400	55.0000	739644.689512
20.2282	-3.4396	0.3826	-0.1400	55.0000	739644.689512
20.3283	-3.4396	0.3826	4.7400	55.0000	739644.689512
20.4284	-3.4396	0.3826	12.0600	55.0000	739644.689512
20.5287	-3.4396	0.3826	15.7200	55.0000	739644.689512
20.6290	-3.4396	0.3826	15.7200	55.0000	739644.689512
20.7453	-3.4396	0.3826	15.7200	55.0000	739644.689512
20.8454	-3.4396	0.3826	15.7200	55.0000	739644.689512
20.9456	-3.5551	0.4152	15.7200	55.0000	739644.689512
21.0623	-3.6899	0.4531	15.7200	55.0000	739644.689512
21.1625	-3.8054	0.4856	15.7200	55.0000	739644.689512
21.2792	-3.9401	0.5235	15.7200	55.0000	739644.689512
21.3794	-4.0557	0.5560	15.7200	55.0000	739644.689512
21.4961	-4.1327	0.5777	15.7200	55.0000	739644.689512
21.6129	-4.1327	0.5777	15.7200	55.0000	739644.689512
21.7130	-4.1327	0.5777	20.6000	55.0000	739644.689512
21.8299	-4.1327	0.5777	29.1400	55.0000	739644.689512
21.9464	-4.1327	0.5777	37.6800	55.0000	739644.689512
22.0466	-4.1327	0.5777	43.7800	55.0000	739644.689512
22.1635	-4.1327	0.5777	43.7800	55.0000	739644.689512
22.2799	-4.1327	0.5777	43.7800	55.0000	739644.689512
22.3802	-4.1904	0.6331	43.7800	55.0000	739644.689512
22.4969	-4.2915	0.7299	43.7800	55.0000	739644.689512
22.5971	-4.2915	0.7299	43.7800	55.0000	739644.689512
22.6972	-4.2915	0.7299	43.7800	55.0000	739644.689512
22.8140	-4.2915	0.7299	51.1000	55.0000	739644.689512
22.9307	-4.2915	0.7299	59.6400	55.0000	739644.689512
23.0309	-4.2915	0.7299	66.9600	55.0000	739644.689512
23.1477	-4.2915	0.7299	75.5000	55.0000	739644.689512
23.2642	-4.2915	0.7299	84.0400	55.0000	739644.689512
23.3644	-4.2915	0.7299	85.2600	55.0000	739644.689512
23.4812	-4.2915	0.7299	85.2600	55.0000	739644.689512
23.5978	-4.2915	0.7299	85.2600	55.0000	739644.689512
23.6981	-4.2915	0.7299	85.2600	55.0000	739644.689512
23.8147	-4.2915	0.7299	85.2600	55.0000	739644.689512
23.9149	-4.2915	0.7299	85.2600	55.0000	739644.689512
24.0151	-4.2915	0.7299	85.2600	55.0000	739644.689512
24.1318	-4.2915	0.7299	85.2600	55.0000	739644.689512
24.2319	-4.2915	0.7299	85.2600	55.0000	739644.689512
24.3487	-4.2915	0.7299	82.8200	55.0000	739644.689512
24.4654	-4.2915	0.7299	75.5000	55.0000	739644.689512
24.5656	-4.2915	0.7299	75.5000	55.0000	739644.689512
24.6657	-4.2915	0.7299	75.5000	55.0000	739644.689512
24.7823	-4.2915	0.7299	75.5000	55.0000	739644.689512
24.8990	-4.2915	0.7299	75.5000	55.0000	739644.689512
24.9991	-4.2915	0.7299	75.5000	55.0000	739644.689512
25.1160	-4.2915	0.7299	75.5000	55.0000	739644.689512
25.2326	-4.2915	0.7299	75.5000	55.0000	739644.689512
25.3328	-4.2915	0.7299	75.5000	55.0000	739644.689512
25.4329	-4.2915	0.7299	75.5000	55.0000	739644.689512
25.5498	-4.2915	0.7299	75.5000	55.0000	739644.689512
25.6499	-4.2915	0.7299	75.5000	55.0000	739644.689512
25.7671	-4.3215	0.8461	75.5000	55.0000	739644.689512
25.8672	-4.3516	0.9623	75.5000	55.0000	739644.689512
25.9856	-4.3866	1.0978	75.5000	55.0000	739644.689512
26.1022	-4.4217	1.2334	75.5000	55.0000	739644.689512
26.2025	-4.4517	1.3496	75.5000	55.0000	739644.689512
26.3190	-4.4818	1.4657	75.5000	55.0000	739644.689512
26.4359	-4.4818	1.4657	77.9400	55.0000	739644.689512
26.5525	-4.4818	1.4657	86.4800	55.0000	739644.689512
26.6526	-4.4818	1.4657	90.1400	55.0000	739644.689512
26.7528	-4.4818	1.4657	90.1400	55.0000	739644.689512
26.8695	-4.4816	1.5257	90.1400	55.0000	739644.689512
26.9697	-4.4814	1.6457	90.1400	55.0000	739644.689512
27.0698	-4.4811	1.7657	90.1400	55.0000	739644.689512
27.1866	-4.4807	1.9057	90.1400	55.0000	739644.689512
27.3034	-4.4804	2.0457	90.1400	55.0000	739644.689512
27.4200	-4.4800	2.1857	90.1400	55.0000	739644.689512
27.5201	-4.4798	2.2857	90.1400	55.0000	739644.689512
27.6202	-4.4798	2.2857	90.1400	55.0000	739644.689512
27.7370	-4.4798	2.2857	90.1400	55.0000	739644.689512
27.8370	-4.4798	2.2857	93.8000	55.0000	739644.689512
27.9539	-4.4798	2.2857	102.3400	55.0000	739644.689512
28.0706	-4.4798	2.2857	110.8800	55.0000	739644.689512
28.1707	-4.4798	2.2857	118.2000	55.0000	739644.689512
28.2709	-4.4798	2.2857	120.6400	55.0000	739644.689512
28.3710	-4.4798	2.2857	120.6400	55.0000	739644.689512
28.4876	-4.4798	2.2857	120.6400	55.0000	739644.689512
28.5878	-4.4798	2.2857	120.6400	55.0000	739644.689512
28.6879	-4.4798	2.2857	120.6400	55.0000	739644.689512
28.8045	-4.4798	2.2857	120.6400	55.0000	739644.689512
28.9046	-4.4798	2.2857	120.6400	55.0000	739644.689512
29.0213	-4.4798	2.2857	120.6400	55.0000	739644.689512
29.1214	-4.5206	2.2169	120.6400	55.0000	739644.689512
29.2383	-4.5919	2.0964	120.6400	55.0000	739644.689512
29.3383	-4.6531	1.9932	120.6400	55.0000	739644.689512
29.4384	-4.7142	1.8900	120.6400	55.0000	739644.689512
29.5385	-4.7754	1.7867	120.6400	55.0000	739644.689512
29.6386	-4.8365	1.6835	120.6400	55.0000	739644.689512
29.7388	-4.8671	1.6060	120.6400	55.0000	739644.689512
29.8555	-4.8671	1.5458	120.6400	55.0000	739644.689512
29.9556	-4.8671	1.4942	120.6400	55.0000	739644.689512
30.0557	-4.8671	1.4425	120.6400	55.0000	739644.689512
30.1558	-4.8671	1.4425	120.6400	55.0000	739644.689512
30.2560	-4.8671	1.4425	120.6400	55.0000	739644.689512
30.3726	-4.8671	1.4425	124.3000	55.0000	739644.689512
30.4728	-4.8671	1.4425	131.6200	55.0000	739644.689512
30.5896	-4.8671	1.4425	140.1600	55.0000	739644.689512
30.7063	-4.8671	1.4425	148.7000	55.0000	739644.689512
30.8064	-4.8671	1.4425	153.5800	55.0000	739644.689512
30.9231	-4.8671	1.4425	153.5800	55.0000	739644.689512
31.0233	-4.8671	1.4425	153.5800	55.0000	739644.689512
31.1400	-4.8671	1.4425	153.5800	55.0000	739644.689512
31.2402	-4.8671	1.4425	153.5800	55.0000	739644.689512
31.3570	-4.8671	1.4425	154.8000	55.0000	739644.689512
31.4736	-4.8671	1.4425	159.6800	55.0000	739644.689512
31.5737	-4.8671	1.4425	159.6800	55.0000	739644.689512
31.6739	-4.8671	1.4425	159.6800	55.0000	739644.689512
31.7753	-4.8671	1.4425	159.6800	55.0000	739644.689512
31.8906	-4.7921	1.4703	159.6800	55.0000	739644.689512
31.9922	-4.6796	1.5120	159.6800	55.0000	739644.689512
32.1076	-4.6796	1.5120	159.6800	55.0000	739644.689512
32.2078	-4.6796	1.5120	167.0000	55.0000	739644.689512
32.3245	-4.6796	1.5120	175.5400	55.0000	739644.689512
32.4414	-4.6796	1.5120	177.9800	55.0000	739644.689512
32.5580	-4.6796	1.5120	177.9800	55.0000	739644.689512
32.6748	-4.6196	1.5141	177.9800	55.0000	739644.689512
32.7914	-4.4797	1.5191	177.9800	55.0000	739644.689512
32.8916	-4.3598	1.5233	177.9800	55.0000	739644.689512
32.9917	-4.2398	1.5275	177.9800	55.0000	739644.689512
33.1084	-4.0999	1.5324	177.9800	55.0000	739644.689512
33.2251	-3.9600	1.5374	177.9800	55.0000	739644.689512
33.3253	-3.8401	1.5416	177.9800	55.0000	739644.689512
33.4254	-3.7202	1.5458	177.9800	55.0000	739644.689512
33.5255	-3.6002	1.5501	177.9800	55.0000	739644.689512
33.6265	-3.4803	1.5543	177.9800	55.0000	739644.689512
33.7423	-3.3404	1.5592	177.9800	55.0000	739644.689512
33.8423	-3.2405	1.5628	177.9800	55.0000	739644.689512
33.9425	-3.2405	1.5628	177.9800	55.0000	739644.689512
34.0592	-3.2405	1.5628	177.9800	55.0000	739644.689512
34.1593	-3.2405	1.5628	175.5400	55.0000	739644.689512
34.2594	-3.2405	1.5628	169.4400	55.0000	739644.689512
34.3595	-3.2405	1.5628	169.4400	55.0000	739644.689512
34.4763	-3.2405	1.5628	169.4400	55.0000	739644.689512
34.5930	-3.2405	1.5628	169.4400	55.0000	739644.689512
34.7098	-3.1618	1.5774	169.4400	55.0000	739644.689512
34.8265	-3.0242	1.6031	169.4400	55.0000	739644.689512
34.9266	-2.9062	1.6251	169.4400	55.0000	739644.689512
35.0267	-2.8079	1.6434	169.4400	55.0000	739644.689512
35.1269	-2.8079	1.6434	169.4400	55.0000	739644.689512
35.2435	-2.8079	1.6434	169.4400	55.0000	739644.689512
35.3456	-2.8079	1.6434	165.7800	55.0000	739644.689512
35.4604	-2.8079	1.6434	157.2400	55.0000	739644.689512
35.5606	-2.8079	1.6434	149.9200	55.0000	739644.689512
35.6773	-2.8079	1.6434	143.8200	55.0000	739644.689512
35.7774	-2.8079	1.6434	143.8200	55.0000	739644.689512
35.8775	-2.8079	1.6434	143.8200	55.0000	739644.689512
35.9775	-2.7110	1.7142	143.8200	55.0000	739644.689512
36.0942	-2.6626	1.7497	143.8200	55.0000	739644.689512
36.1944	-2.6626	1.7497	143.8200	55.0000	739644.689512
36.2945	-2.6626	1.7497	140.1600	55.0000	739644.689512
36.3947	-2.6626	1.7497	132.8400	55.0000	739644.689512
36.5113	-2.6626	1.7497	127.9600	55.0000	739644.689512
36.6116	-2.6626	1.7497	127.9600	55.0000	739644.689512
36.7117	-2.6626	1.7497	127.9600	55.0000	739644.689512
36.8284	-2.6626	1.7497	127.9600	55.0000	739644.689512
36.9285	-2.6626	1.7497	127.9600	55.0000	739644.689512
37.0454	-2.6011	1.8285	127.9600	55.0000	739644.689512
37.1619	-2.5396	1.9073	127.9600	55.0000	739644.689512
37.2623	-2.5396	1.9073	127.9600	55.0000	739644.689512
37.3788	-2.5396	1.9073	127.9600	55.0000	739644.689512
37.4790	-2.5396	1.9073	121.8600	55.0000	739644.689512
37.5791	-2.5396	1.9073	114.5400	55.0000	739644.689512
37.6958	-2.5396	1.9073	106.0000	55.0000	739644.689512
37.7960	-2.5396	1.9073	98.6800	55.0000	739644.689512
37.9128	-2.5396	1.9073	97.4600	55.0000	739644.689512
38.0295	-2.5396	1.9073	97.4600	55.0000	739644.689512
38.1462	-2.5396	1.9073	97.4600	55.0000	739644.689512
38.2464	-2.5292	1.9867	97.4600	55.0000	739644.689512
38.3629	-2.5110	2.1255	97.4600	55.0000	739644.689512
38.4632	-2.4955	2.2445	97.4600	55.0000	739644.689512
38.5633	-2.4799	2.3634	97.4600	55.0000	739644.689512
38.6800	-2.4617	2.5023	97.4600	55.0000	739644.689512
38.7802	-2.4461	2.6212	97.4600	55.0000	739644.689512
38.8968	-2.4279	2.7601	97.4600	55.0000	739644.689512
39.0136	-2.4124	2.8790	97.4600	55.0000	739644.689512
39.1139	-2.4072	2.9187	97.4600	55.0000	739644.689512
39.2305	-2.3890	3.0575	97.4600	55.0000	739644.689512
39.3307	-2.3734	3.1765	97.4600	55.0000	739644.689512
39.4475	-2.3552	3.3153	97.4600	55.0000	739644.689512
39.5642	-2.3371	3.4541	97.4600	55.0000	739644.689512
39.6643	-2.3215	3.5731	97.4600	55.0000	739644.689512
39.7810	-2.3033	3.7119	97.4600	55.0000	739644.689512
39.8812	-2.2903	3.8111	97.4600	55.0000	739644.689512
39.9978	-2.2903	3.8111	93.8000	55.0000	739644.689512
40.1146	-2.2903	3.8111	86.4800	55.0000	739644.689512
40.2147	-2.2903	3.8111	86.4800	55.0000	739644.689512
40.3315	-2.2940	3.8710	86.4800	55.0000	739644.689512
40.4482	-2.3026	4.0107	86.4800	55.0000	739644.689512
40.5484	-2.3100	4.1305	86.4800	55.0000	739644.689512
40.6651	-2.3149	4.2103	86.4800	55.0000	739644.689512
40.7652	-2.3149	4.2103	86.4800	55.0000	739644.689512
40.8820	-2.3149	4.2103	79.1600	55.0000	739644.689512
40.9987	-2.3149	4.2103	70.6200	55.0000	739644.689512
41.0988	-2.3149	4.2103	69.4000	55.0000	739644.689512
41.2157	-2.3149	4.2103	69.4000	55.0000	739644.689512
41.3323	-2.3149	4.2103	69.4000	55.0000	739644.689512
41.4324	-2.3149	4.2103	69.4000	55.0000	739644.689512
41.5327	-2.3149	4.2103	76.7200	55.0000	739644.689512
41.6493	-2.3149	4.2103	79.1600	55.0000	739644.689512
41.7661	-2.3149	4.2103	79.1600	55.0000	739644.689512
41.8663	-2.3149	4.2103	79.1600	55.0000	739644.689512
41.9829	-2.3299	4.2889	79.1600	55.0000	739644.689512
42.0998	-2.3562	4.4264	79.1600	55.0000	739644.689512
42.1999	-2.3788	4.5443	79.1600	55.0000	739644.689512
42.3166	-2.4051	4.6818	79.1600	55.0000	739644.689512
42.4333	-2.4127	4.7211	79.1600	55.0000	739644.689512
42.5334	-2.4127	4.7211	74.2800	55.0000	739644.689512
42.6336	-2.4127	4.7211	66.9600	55.0000	739644.689512
42.7504	-2.4127	4.7211	65.7400	55.0000	739644.689512
42.8670	-2.4209	4.7393	65.7400	55.0000	739644.689512
42.9672	-2.4702	4.8487	65.7400	55.0000	739644.689512
43.0840	-2.5113	4.9399	65.7400	55.0000	739644.689512
43.1840	-2.5113	4.9399	65.7400	55.0000	739644.689512
43.3008	-2.5113	4.9399	57.2000	55.0000	739644.689512
43.4009	-2.5113	4.9399	49.8800	55.0000	739644.689512
43.5176	-2.5113	4.9399	41.3400	55.0000	739644.689512
43.6344	-2.5878	5.0043	40.1200	55.0000	739644.689512
43.7345	-2.6795	5.0816	40.1200	55.0000	739644.689512
43.8513	-2.7866	5.1718	40.1200	55.0000	739644.689512
43.9514	-2.8783	5.2492	40.1200	55.0000	739644.689512
44.0682	-2.9242	5.2878	40.1200	55.0000	739644.689512
44.1850	-2.9242	5.2878	40.1200	55.0000	739644.689512
44.2851	-2.9242	5.2878	40.1200	55.0000	739644.689512
44.4017	-2.9089	5.2749	40.1200	55.0000	739644.689512
44.5020	-2.8172	5.1976	40.1200	55.0000	739644.689512
44.6186	-2.7101	5.1074	40.1200	55.0000	739644.689512
44.7354	-2.6030	5.0172	40.1200	55.0000	739644.689512
44.8355	-2.5113	4.9399	40.1200	55.0000	739644.689512
44.9524	-2.4042	4.8496	40.1200	55.0000	739644.689512
45.0690	-2.2972	4.7594	40.1200	55.0000	739644.689512
45.1692	-2.2054	4.6821	40.1200	55.0000	739644.689512
45.2861	-2.1289	4.6048	40.1200	55.0000	739644.689512
45.3862	-2.1289	4.5726	38.9000	55.0000	739644.689512
45.5028	-2.1289	4.5726	30.3600	55.0000	739644.689512
45.6195	-2.1289	4.5726	21.8200	55.0000	739644.689512
45.7197	-2.1289	4.5726	15.7200	55.0000	739644.689512
45.8363	-2.1289	4.5726	15.7200	55.0000	739644.689512
45.9365	-2.1289	4.5726	15.7200	55.0000	739644.689512
46.0533	-2.1289	4.5726	15.7200	55.0000	739644.689512
46.1701	-2.1289	4.5726	15.7200	55.0000	739644.689512
46.2702	-2.1289	4.5726	12.0600	55.0000	739644.689512
46.3870	-2.1289	4.5726	3.5200	55.0000	739644.689512
46.5038	-2.1289	4.5726	-2.5800	55.0000	739644.689512
46.6204	-2.1289	4.5726	-2.5800	55.0000	739644.689512
46.7205	-2.1289	4.5726	-3.8000	55.0000	739644.689512
46.8373	-2.1289	4.5726	-11.1200	55.0000	739644.689512
46.9540	-2.1289	4.5726	-11.1200	55.0000	739644.689512
47.0541	-2.1682	4.5648	-11.1200	55.0000	739644.689512
47.1710	-2.3056	4.5378	-11.1200	55.0000	739644.689512
47.2711	-2.4233	4.5147	-11.1200	55.0000	739644.689512
47.3878	-2.5607	4.4877	-11.1200	55.0000	739644.689512
47.4879	-2.5999	4.4800	-11.1200	55.0000	739644.689512
47.6046	-2.5999	4.4800	-12.3400	55.0000	739644.689512
47.7047	-2.5999	4.4800	-19.6600	55.0000	739644.689512
47.8217	-2.5999	4.4800	-24.5400	55.0000	739644.689512
47.9385	-2.5999	4.4800	-24.5400	55.0000	739644.689512
48.0549	-2.6727	4.4468	-24.5400	55.0000	739644.689512
48.1551	-2.7819	4.3969	-24.5400	55.0000	739644.689512
48.2552	-2.8728	4.3554	-24.5400	55.0000	739644.689512
48.3720	-2.8728	4.3554	-24.5400	55.0000	739644.689512
48.4721	-2.8728	4.3554	-29.4200	55.0000	739644.689512
48.5888	-2.8728	4.3554	-37.9600	55.0000	739644.689512
48.6890	-2.8728	4.3554	-41.6200	55.0000	739644.689512
48.8058	-2.8728	4.3554	-41.6200	55.0000	739644.689512
48.9223	-2.9476	4.2890	-41.6200	55.0000	739644.689512
49.0225	-3.0373	4.2093	-41.6200	55.0000	739644.689512
49.1227	-3.1270	4.1296	-41.6200	55.0000	739644.689512
49.2394	-3.2317	4.0366	-41.6200	55.0000	739644.689512
49.3395	-3.3214	3.9569	-41.6200	55.0000	739644.689512
49.4563	-3.4260	3.8639	-41.6200	55.0000	739644.689512
49.5730	-3.5157	3.7842	-41.6200	55.0000	739644.689512
49.6732	-3.5157	3.7842	-36.7400	55.0000	739644.689512
49.7899	-3.5157	3.7842	-33.0800	55.0000	739644.689512
49.8902	-3.5157	3.7842	-33.0800	55.0000	739644.689512
50.0068	-3.5828	3.7405	-33.0800	55.0000	739644.689512
50.1235	-3.7001	3.6641	-33.0800	55.0000	739644.689512
50.2236	-3.8006	3.5986	-33.0800	55.0000	739644.689512
50.3404	-3.8174	3.5877	-28.2000	55.0000	739644.689512
50.4570	-3.8174	3.5877	-19.6600	55.0000	739644.689512
50.5583	-3.8174	3.5877	-12.3400	55.0000	739644.689512
50.6748	-3.8174	3.5877	-7.4600	55.0000	739644.689512
50.7910	-3.8174	3.5877	-7.4600	55.0000	739644.689512
50.9077	-3.8967	3.5773	-7.4600	55.0000	739644.689512
51.0246	-4.0355	3.5591	-7.4600	55.0000	739644.689512
51.1409	-4.1743	3.5410	-7.4600	55.0000	739644.689512
51.2412	-4.2933	3.5254	-7.4600	55.0000	739644.689512
51.3579	-4.4321	3.5072	-7.4600	55.0000	739644.689512
51.4746	-4.5709	3.4890	-7.4600	55.0000	739644.689512
51.5748	-4.6899	3.4734	-7.4600	55.0000	739644.689512
51.6915	-4.8287	3.4553	-7.4600	55.0000	739644.689512
51.8082	-4.9676	3.4371	-7.4600	55.0000	739644.689512
51.9083	-5.0864	3.4202	-9.9000	55.0000	739644.689512
52.0084	-5.0864	3.4202	-17.2200	55.0000	739644.689512
52.1086	-5.0864	3.4202	-24.5400	55.0000	739644.689512
52.2253	-5.0864	3.4202	-33.0800	55.0000	739644.689512
52.3254	-5.0864	3.4202	-40.4000	55.0000	739644.689512
52.4255	-5.0864	3.4202	-42.8400	55.0000	739644.689512
52.5424	-5.1303	3.3794	-42.8400	55.0000	739644.689512
52.6591	-5.1303	3.3794	-35.5200	55.0000	739644.689512
52.7592	-5.1303	3.3794	-31.8600	55.0000	739644.689512
52.8594	-5.1303	3.3794	-31.8600	55.0000	739644.689512
52.9761	-5.1303	3.3794	-40.4000	55.0000	739644.689512
53.0928	-5.1303	3.3794	-48.9400	55.0000	739644.689512
53.1929	-5.1303	3.3794	-56.2600	55.0000	739644.689512
53.3096	-5.1303	3.3794	-64.8000	55.0000	739644.689512
53.4098	-5.1303	3.3794	-72.1200	55.0000	739644.689512
53.5265	-5.1303	3.3794	-80.6600	55.0000	739644.689512
53.6266	-5.1360	3.3398	-81.8800	55.0000	739644.689512
53.7435	-5.1558	3.2013	-81.8800	55.0000	739644.689512
53.8601	-5.1586	3.1815	-74.5600	55.0000	739644.689512
53.9603	-5.1586	3.1815	-67.2400	55.0000	739644.689512
54.0623	-5.1586	3.1815	-62.3600	55.0000	739644.689512
54.1771	-5.1586	3.1815	-62.3600	55.0000	739644.689512
54.2939	-5.1586	3.1815	-69.6800	55.0000	739644.689512
54.3940	-5.1586	3.1815	-77.0000	55.0000	739644.689512
54.5109	-5.1586	3.1815	-81.8800	55.0000	739644.689512
54.6275	-5.1699	3.1023	-81.8800	55.0000	739644.689512
54.7277	-5.1784	3.0429	-81.8800	55.0000	739644.689512
54.8443	-5.1784	3.0429	-81.8800	55.0000	739644.689512
54.9611	-5.1784	3.0429	-81.8800	55.0000	739644.689512
55.0778	-5.1784	3.0429	-73.3400	55.0000	739644.689512
55.1780	-5.1784	3.0429	-68.4600	55.0000	739644.689512
55.2948	-5.1784	3.0429	-68.4600	55.0000	739644.689512
55.4115	-5.1784	3.0429	-68.4600	55.0000	739644.689512
55.5116	-5.1784	3.0429	-68.4600	55.0000	739644.689512
55.6118	-5.1784	3.0429	-68.4600	55.0000	739644.689512
55.7285	-5.1784	3.0429	-74.5600	55.0000	739644.689512
55.8453	-5.1784	3.0429	-79.4400	55.0000	739644.689512
55.9619	-5.1784	3.0429	-79.4400	55.0000	739644.689512
56.0622	-5.1784	3.0429	-79.4400	55.0000	739644.689512
56.1623	-5.1894	2.9839	-79.4400	55.0000	739644.689512
56.2790	-5.2150	2.8462	-79.4400	55.0000	739644.689512
56.3957	-5.2407	2.7086	-79.4400	55.0000	739644.689512
56.4959	-5.2627	2.5906	-79.4400	55.0000	739644.689512
56.6125	-5.2883	2.4530	-79.4400	55.0000	739644.689512
56.7128	-5.3030	2.3744	-79.4400	55.0000	739644.689512
56.8295	-5.3030	2.3744	-79.4400	55.0000	739644.689512
56.9462	-5.3030	2.3744	-79.4400	55.0000	739644.689512
57.0463	-5.3030	2.3744	-79.4400	55.0000	739644.689512
57.1464	-5.3030	2.3744	-80.6600	55.0000	739644.689512
57.2631	-5.3030	2.3744	-87.9800	55.0000	739644.689512
57.3800	-5.3030	2.3744	-87.9800	55.0000	739644.689512
57.4801	-5.3030	2.3744	-87.9800	55.0000	739644.689512
57.5968	-5.3058	2.2944	-87.9800	55.0000	739644.689512
57.7137	-5.3107	2.1545	-87.9800	55.0000	739644.689512
57.8303	-5.3157	2.0146	-87.9800	55.0000	739644.689512
57.9304	-5.3199	1.8947	-87.9800	55.0000	739644.689512
58.0306	-5.3241	1.7747	-87.9800	55.0000	739644.689512
58.1473	-5.3291	1.6348	-87.9800	55.0000	739644.689512
58.2474	-5.3333	1.5149	-87.9800	55.0000	739644.689512
58.3641	-5.3382	1.3750	-87.9800	55.0000	739644.689512
58.4644	-5.3411	1.2950	-86.7600	55.0000	739644.689512
58.5810	-5.3411	1.2950	-78.2200	55.0000	739644.689512
58.6813	-5.3411	1.2950	-75.7800	55.0000	739644.689512
58.7979	-5.3411	1.2950	-75.7800	55.0000	739644.689512
58.9147	-5.3411	1.2950	-75.7800	55.0000	739644.689512
59.0149	-5.3411	1.2950	-75.7800	55.0000	739644.689512
59.1314	-5.3411	1.2950	-81.8800	55.0000	739644.689512
59.2316	-5.3411	1.2950	-86.7600	55.0000	739644.689512
59.3483	-5.3411	1.2950	-86.7600	55.0000	739644.689512
59.4652	-5.3422	1.2751	-86.7600	55.0000	739644.689512
59.5819	-5.3501	1.1353	-86.7600	55.0000	739644.689512
59.6820	-5.3569	1.0155	-86.7600	55.0000	739644.689512
59.7987	-5.3648	0.8757	-86.7600	55.0000	739644.689512
59.8990	-5.3716	0.7559	-86.7600	55.0000	739644.689512
60.0155	-5.3808	0.6162	-84.3200	55.0000	739644.689512
60.1158	-5.3832	0.5964	-77.0000	55.0000	739644.689512
60.2159	-5.3832	0.5964	-69.6800	55.0000	739644.689512
60.3326	-5.3832	0.5964	-61.1400	55.0000	739644.689512
60.4494	-5.3832	0.5964	-52.6000	55.0000	739644.689512
60.5660	-5.3832	0.5964	-45.2800	55.0000	739644.689512
60.6663	-5.4113	0.5679	-45.2800	55.0000	739644.689512
60.7830	-5.5098	0.4685	-45.2800	55.0000	739644.689512
60.8997	-5.6083	0.3690	-45.2800	55.0000	739644.689512
60.9998	-5.6928	0.2837	-45.2800	55.0000	739644.689512
61.0999	-5.7772	0.1985	-45.2800	55.0000	739644.689512
61.2168	-5.8757	0.0990	-45.2800	55.0000	739644.689512
61.3334	-5.9742	-0.0005	-45.2800	55.0000	739644.689512
61.4335	-6.0587	-0.0858	-45.2800	55.0000	739644.689512
61.5336	-6.1431	-0.1710	-45.2800	55.0000	739644.689512
0.1247	0.0000	0.0000	45.0000	55.0000	739644.733552
0.2415	0.0000	0.0000	45.0000	55.0000	739644.733552
0.3416	0.0000	0.0000	45.0000	55.0000	739644.733552
0.4417	0.0000	0.0000	45.0000	55.0000	739644.733552
0.5455	0.0000	0.0000	45.0000	55.0000	739644.733552
0.6460	0.0000	0.0000	45.0000	55.0000	739644.733552
0.7628	0.0000	0.0000	45.0000	55.0000	739644.733552
0.8795	0.0000	0.0000	45.0000	55.0000	739644.733552
0.9798	0.0000	0.0000	45.0000	55.0000	739644.733552
1.0969	0.0000	0.0000	45.0000	55.0000	739644.733552
1.2134	0.0000	0.0000	45.0000	55.0000	739644.733552
1.3303	0.0000	0.0000	45.0000	55.0000	739644.733552
1.4467	0.0000	0.0000	42.5600	55.0000	739644.733552
1.5470	0.0000	0.0000	35.2400	55.0000	739644.733552
1.6473	0.0000	0.0000	34.0200	55.0000	739644.733552
1.7640	0.0000	0.0000	34.0200	55.0000	739644.733552
1.8641	0.0497	-0.0336	34.0200	55.0000	739644.733552
1.9807	0.1326	-0.0895	34.0200	55.0000	739644.733552
2.0809	0.1326	-0.0895	34.0200	55.0000	739644.733552
2.1827	0.1160	-0.0783	34.0200	55.0000	739644.733552
2.2976	0.0000	0.0000	34.0200	55.0000	739644.733552
2.4145	-0.1160	0.0783	34.0200	55.0000	739644.733552
2.5312	-0.2155	0.1455	34.0200	55.0000	739644.733552
2.6480	-0.2155	0.1455	42.5600	55.0000	739644.733552
2.7481	-0.2155	0.1455	49.8800	55.0000	739644.733552
2.8647	-0.2368	0.1793	58.4200	55.0000	739644.733552
2.9650	-0.2941	0.2847	62.0800	55.0000	739644.733552
3.0817	-0.3597	0.4084	62.0800	55.0000	739644.733552
3.1818	-0.4159	0.5145	62.0800	55.0000	739644.733552
3.2985	-0.4814	0.6382	62.0800	55.0000	739644.733552
3.3987	-0.4908	0.6558	62.0800	55.0000	739644.733552
3.5154	-0.4908	0.6558	62.0800	55.0000	739644.733552
3.6155	-0.4908	0.6558	62.0800	55.0000	739644.733552
3.7322	-0.4908	0.6558	62.0800	55.0000	739644.733552
3.8325	-0.4908	0.6558	57.2000	55.0000	739644.733552
3.9491	-0.4908	0.6558	52.3200	55.0000	739644.733552
4.0492	-0.4908	0.6558	52.3200	55.0000	739644.733552
4.1660	-0.4908	0.6558	52.3200	55.0000	739644.733552
4.2829	-0.4908	0.6558	52.3200	55.0000	739644.733552
4.3997	-0.5519	0.7350	52.3200	55.0000	739644.733552
4.5163	-0.6375	0.8458	52.3200	55.0000	739644.733552
4.6164	-0.7108	0.9408	52.3200	55.0000	739644.733552
4.7166	-0.7842	1.0357	52.3200	55.0000	739644.733552
4.8332	-0.8697	1.1465	52.3200	55.0000	739644.733552
4.9334	-0.9431	1.2415	52.3200	55.0000	739644.733552
5.0502	-1.0042	1.3206	52.3200	55.0000	739644.733552
5.1503	-1.0042	1.3206	52.3200	55.0000	739644.733552
5.2673	-1.0042	1.3206	52.3200	55.0000	739644.733552
5.3840	-1.0042	1.3206	53.5400	55.0000	739644.733552
5.5008	-1.0042	1.3206	60.8600	55.0000	739644.733552
5.6174	-1.0042	1.3206	60.8600	55.0000	739644.733552
5.7176	-1.0042	1.3206	60.8600	55.0000	739644.733552
5.8177	-1.0432	1.3905	60.8600	55.0000	739644.733552
5.9180	-1.1016	1.4953	60.8600	55.0000	739644.733552
6.0345	-1.1698	1.6176	60.8600	55.0000	739644.733552
6.1347	-1.2282	1.7224	60.8600	55.0000	739644.733552
6.2513	-1.2672	1.7923	60.8600	55.0000	739644.733552
6.3521	-1.2672	1.7923	68.1800	55.0000	739644.733552
6.4682	-1.2672	1.7923	76.7200	55.0000	739644.733552
6.5684	-1.2672	1.7923	82.8200	55.0000	739644.733552
6.6851	-1.2847	1.9312	82.8200	55.0000	739644.733552
6.8019	-1.3022	2.0701	82.8200	55.0000	739644.733552
6.9023	-1.3022	2.0701	82.8200	55.0000	739644.733552
7.0188	-1.3022	2.0701	79.1600	55.0000	739644.733552
7.1356	-1.3022	2.0701	70.6200	55.0000	739644.733552
7.2524	-1.3022	2.0701	68.1800	55.0000	739644.733552
7.3525	-1.3096	2.0887	68.1800	55.0000	739644.733552
7.4693	-1.3616	2.2186	68.1800	55.0000	739644.733552
7.5864	-1.4137	2.3486	68.1800	55.0000	739644.733552
7.7026	-1.4657	2.4786	68.1800	55.0000	739644.733552
7.8030	-1.5029	2.5714	69.4000	55.0000	739644.733552
7.9194	-1.5029	2.5714	77.9400	55.0000	739644.733552
8.0197	-1.5029	2.5714	85.2600	55.0000	739644.733552
8.1198	-1.5029	2.5714	91.3600	55.0000	739644.733552
8.2202	-1.5019	2.6114	91.3600	55.0000	739644.733552
8.3204	-1.4991	2.7314	91.3600	55.0000	739644.733552
8.4369	-1.4958	2.8713	91.3600	55.0000	739644.733552
8.5537	-1.4924	3.0113	91.3600	55.0000	739644.733552
8.6701	-1.4905	3.0913	91.3600	55.0000	739644.733552
8.7869	-1.4905	3.0913	91.3600	55.0000	739644.733552
8.8872	-1.4905	3.0913	95.0200	55.0000	739644.733552
9.0038	-1.4905	3.0913	103.5600	55.0000	739644.733552
9.1040	-1.4905	3.0913	110.8800	55.0000	739644.733552
9.2207	-1.4905	3.0913	114.5400	55.0000	739644.733552
9.3209	-1.4905	3.0913	114.5400	55.0000	739644.733552
9.4376	-1.4905	3.0913	114.5400	55.0000	739644.733552
9.5377	-1.4490	3.1822	114.5400	55.0000	739644.733552
9.6382	-1.4158	3.2550	114.5400	55.0000	739644.733552
9.7388	-1.4158	3.2550	114.5400	55.0000	739644.733552
9.8546	-1.4158	3.2550	114.5400	55.0000	739644.733552
9.9547	-1.4158	3.2550	114.5400	55.0000	739644.733552
10.0549	-1.4158	3.2550	114.5400	55.0000	739644.733552
10.1715	-1.4656	3.1459	114.5400	55.0000	739644.733552
10.2716	-1.5155	3.0367	114.5400	55.0000	739644.733552
10.3883	-1.5321	3.0003	114.5400	55.0000	739644.733552
10.4884	-1.5321	3.0003	114.5400	55.0000	739644.733552
10.6051	-1.5321	3.0003	114.5400	55.0000	739644.733552
10.7054	-1.5321	3.0003	114.5400	55.0000	739644.733552
10.8221	-1.5321	3.0003	114.5400	55.0000	739644.733552
10.9223	-1.5819	2.8911	114.5400	55.0000	739644.733552
11.0224	-1.6318	2.7820	114.5400	55.0000	739644.733552
11.1407	-1.6899	2.6546	114.5400	55.0000	739644.733552
11.2558	-1.7480	2.5273	114.5400	55.0000	739644.733552
11.3559	-1.7979	2.4181	114.5400	55.0000	739644.733552
11.4745	-1.8560	2.2908	114.5400	55.0000	739644.733552
11.5894	-1.8726	2.2089	114.5400	55.0000	739644.733552
11.6895	-1.8726	2.1543	114.5400	55.0000	739644.733552
11.7896	-1.8726	2.0997	114.5400	55.0000	739644.733552
11.8896	-1.8726	2.0452	114.5400	55.0000	739644.733552
12.0064	-1.8726	1.9815	114.5400	55.0000	739644.733552
12.1065	-1.8726	1.9269	114.5400	55.0000	739644.733552
12.2232	-1.8726	1.8632	114.5400	55.0000	739644.733552
12.3234	-1.8726	1.8541	114.5400	55.0000	739644.733552
12.4401	-1.8726	1.8541	114.5400	55.0000	739644.733552
12.5569	-1.8726	1.8541	114.5400	55.0000	739644.733552
12.6589	-1.8726	1.8541	114.5400	55.0000	739644.733552
12.7748	-1.8726	1.8541	114.5400	55.0000	739644.733552
12.8750	-1.8726	1.8541	114.5400	55.0000	739644.733552
12.9917	-1.8726	1.8541	113.3200	55.0000	739644.733552
13.0918	-1.8726	1.8541	106.0000	55.0000	739644.733552
13.2085	-1.8726	1.8541	98.6800	55.0000	739644.733552
13.3087	-1.8726	1.8541	98.6800	55.0000	739644.733552
13.4087	-1.8726	1.8541	98.6800	55.0000	739644.733552
13.5089	-1.8726	1.8541	103.5600	55.0000	739644.733552
13.6255	-1.8726	1.8541	112.1000	55.0000	739644.733552
13.7257	-1.8726	1.8541	114.5400	55.0000	739644.733552
13.8258	-1.8726	1.8541	114.5400	55.0000	739644.733552
13.9260	-1.8726	1.7995	114.5400	55.0000	739644.733552
14.0261	-1.8726	1.7450	114.5400	55.0000	739644.733552
14.1428	-1.8726	1.6813	114.5400	55.0000	739644.733552
14.2598	-1.8726	1.6273	119.4200	55.0000	739644.733552
14.3763	-1.8726	1.6273	127.9600	55.0000	739644.733552
14.4766	-1.8726	1.6273	135.2800	55.0000	739644.733552
14.5768	-1.8726	1.6273	142.6000	55.0000	739644.733552
14.6934	-1.8726	1.6273	151.1400	55.0000	739644.733552
14.8102	-1.8726	1.6273	159.6800	55.0000	739644.733552
14.9268	-1.8726	1.6273	168.2200	55.0000	739644.733552
15.0270	-1.8726	1.6273	169.4400	55.0000	739644.733552
15.1271	-1.8726	1.6273	169.4400	55.0000	739644.733552
15.2439	-1.8726	1.6273	169.4400	55.0000	739644.733552
15.3608	-1.8726	1.6273	173.1000	55.0000	739644.733552
15.4772	-1.8726	1.6273	181.6400	55.0000	739644.733552
15.5775	-1.8726	1.6273	184.0800	55.0000	739644.733552
15.6777	-1.8726	1.6273	184.0800	55.0000	739644.733552
15.7944	-1.8726	1.6273	184.0800	55.0000	739644.733552
15.9111	-1.8726	1.6273	191.4000	55.0000	739644.733552
16.0114	-1.8726	1.6273	198.7200	55.0000	739644.733552
16.1281	-1.8726	1.6273	207.2600	55.0000	739644.733552
16.2448	-1.7838	1.5815	207.2600	55.0000	739644.733552
16.3615	-1.6593	1.5173	207.2600	55.0000	739644.733552
16.4616	-1.5704	1.4715	207.2600	55.0000	739644.733552
16.5784	-1.5704	1.4715	207.2600	55.0000	739644.733552
16.6787	-1.5704	1.4715	207.2600	55.0000	739644.733552
16.7952	-1.5704	1.4715	215.8000	55.0000	739644.733552
16.9133	-1.5704	1.4715	224.3400	55.0000	739644.733552
17.0287	-1.5704	1.4715	231.6600	55.0000	739644.733552
17.1288	-1.5704	1.4715	231.6600	55.0000	739644.733552
17.2457	-1.5704	1.4715	231.6600	55.0000	739644.733552
17.3624	-1.4836	1.3617	231.6600	55.0000	739644.733552
17.4625	-1.4091	1.2676	231.6600	55.0000	739644.733552
17.5628	-1.3967	1.2519	231.6600	55.0000	739644.733552
17.6794	-1.3967	1.2519	231.6600	55.0000	739644.733552
17.7961	-1.3967	1.2519	231.6600	55.0000	739644.733552
17.8963	-1.3967	1.2519	231.6600	55.0000	739644.733552
17.9964	-1.3967	1.2519	231.6600	55.0000	739644.733552
18.1130	-1.3967	1.2519	234.1000	55.0000	739644.733552
18.2131	-1.3967	1.2519	241.4200	55.0000	739644.733552
18.3298	-1.3967	1.2519	243.8600	55.0000	739644.733552
18.4299	-1.3967	1.2519	247.5200	55.0000	739644.733552
18.5300	-1.3967	1.2519	253.6200	55.0000	739644.733552
18.6468	-1.3967	1.2519	253.6200	55.0000	739644.733552
18.7469	-1.3967	1.2519	258.5000	55.0000	739644.733552
18.8636	-1.3967	1.2519	259.7200	55.0000	739644.733552
18.9637	-1.3967	1.2519	264.6000	55.0000	739644.733552
19.0639	-1.3967	1.2519	268.2600	55.0000	739644.733552
19.1640	-1.3967	1.2519	270.7000	55.0000	739644.733552
19.2807	-1.3967	1.2519	273.1400	55.0000	739644.733552
19.3811	-1.3967	1.2519	273.1400	55.0000	739644.733552
19.4977	-1.3967	1.2519	280.4600	55.0000	739644.733552
19.6143	-1.3967	1.2519	282.9000	55.0000	739644.733552
19.7144	-1.3967	1.2519	282.9000	55.0000	739644.733552
19.8312	-1.4190	1.1544	282.9000	55.0000	739644.733552
19.9480	-1.4503	1.0180	282.9000	55.0000	739644.733552
20.0646	-1.4503	1.0180	282.9000	55.0000	739644.733552
20.1647	-1.4503	1.0180	286.5600	55.0000	739644.733552
20.2649	-1.4503	1.0180	293.8800	55.0000	739644.733552
20.3650	-1.4503	1.0180	301.2000	55.0000	739644.733552
20.4818	-1.4503	1.0180	309.7400	55.0000	739644.733552
20.5985	-1.4503	1.0180	317.0600	55.0000	739644.733552
20.6986	-1.4503	1.0180	317.0600	55.0000	739644.733552
20.7987	-1.4503	1.0180	317.0600	55.0000	739644.733552
20.8988	-1.4503	1.0180	317.0600	55.0000	739644.733552
20.9989	-1.4503	1.0180	317.0600	55.0000	739644.733552
21.0990	-1.4503	1.0180	317.0600	55.0000	739644.733552
21.1993	-1.4503	1.0180	317.0600	55.0000	739644.733552
21.3159	-1.4503	1.0180	317.0600	55.0000	739644.733552
21.4161	-1.5381	0.9362	317.0600	55.0000	739644.733552
21.5328	-1.5967	0.8817	317.0600	55.0000	739644.733552
21.6498	-1.5967	0.8817	317.0600	55.0000	739644.733552
21.7661	-1.5967	0.8817	318.2800	55.0000	739644.733552
21.8663	-1.5967	0.8817	325.6000	55.0000	739644.733552
21.9665	-1.5967	0.8817	330.4800	55.0000	739644.733552
22.0832	-1.5967	0.8817	330.4800	55.0000	739644.733552
22.2000	-1.5967	0.8817	330.4800	55.0000	739644.733552
22.3001	-1.6663	0.8423	330.4800	55.0000	739644.733552
22.4004	-1.7707	0.7832	330.4800	55.0000	739644.733552
22.5169	-1.8056	0.7635	330.4800	55.0000	739644.733552
22.6170	-1.8056	0.7635	331.7000	55.0000	739644.733552
22.7338	-1.8056	0.7635	340.2400	55.0000	739644.733552
22.8340	-1.8056	0.7635	347.5600	55.0000	739644.733552
22.9509	-1.8056	0.7635	353.6600	55.0000	739644.733552
23.0674	-1.8851	0.7546	353.6600	55.0000	739644.733552
23.1841	-2.0242	0.7392	353.6600	55.0000	739644.733552
23.2844	-2.0640	0.7348	353.6600	55.0000	739644.733552
23.4011	-2.0640	0.7348	353.6600	55.0000	739644.733552
23.5012	-2.0640	0.7348	353.6600	55.0000	739644.733552
23.6180	-2.0640	0.7348	353.6600	55.0000	739644.733552
23.7347	-2.1832	0.7215	353.6600	55.0000	739644.733552
23.8350	-2.3025	0.7083	353.6600	55.0000	739644.733552
23.9514	-2.3025	0.7083	353.6600	55.0000	739644.733552
24.0517	-2.3025	0.7083	353.6600	55.0000	739644.733552
24.1518	-2.4019	0.6972	353.6600	55.0000	739644.733552
24.2685	-2.4615	0.6906	353.6600	55.0000	739644.733552
24.3688	-2.4615	0.6906	353.6600	55.0000	739644.733552
24.4855	-2.6007	0.6751	353.6600	55.0000	739644.733552
24.5858	-2.6802	0.6663	353.6600	55.0000	739644.733552
24.7023	-2.7000	0.6641	353.6600	55.0000	739644.733552
24.8189	-2.8392	0.6486	353.6600	55.0000	739644.733552
24.9191	-2.9187	0.6398	353.6600	55.0000	739644.733552
25.0359	-2.9187	0.6398	353.6600	55.0000	739644.733552
25.1524	-3.0181	0.6287	353.6600	55.0000	739644.733552
25.2529	-3.0976	0.6199	353.6600	55.0000	739644.733552
25.3532	-3.0976	0.6199	353.6600	55.0000	739644.733552
25.4703	-3.1572	0.6133	353.6600	55.0000	739644.733552
25.5865	-3.2765	0.6000	353.6600	55.0000	739644.733552
25.6867	-3.2765	0.6000	353.6600	55.0000	739644.733552
25.8031	-3.2765	0.6000	353.6600	55.0000	739644.733552
25.9032	-3.2765	0.6000	353.6600	55.0000	739644.733552
26.0033	-3.2765	0.6000	360.9800	55.0000	739644.733552
26.1034	-3.2765	0.6000	368.3000	55.0000	739644.733552
26.2035	-3.2765	0.6000	375.6200	55.0000	739644.733552
26.3202	-3.2765	0.6000	380.5000	55.0000	739644.733552
26.4203	-3.2765	0.6000	380.5000	55.0000	739644.733552
26.5203	-3.2765	0.6000	380.5000	55.0000	739644.733552
26.6206	-3.2765	0.6000	380.5000	55.0000	739644.733552
26.7211	-3.2765	0.6000	380.5000	55.0000	739644.733552
26.8377	-3.2765	0.6000	380.5000	55.0000	739644.733552
26.9541	-3.2765	0.6000	380.5000	55.0000	739644.733552
27.0543	-3.2765	0.6000	380.5000	55.0000	739644.733552
27.1545	-3.3327	0.6210	380.5000	55.0000	739644.733552
27.2711	-3.4638	0.6701	380.5000	55.0000	739644.733552
27.3711	-3.4826	0.6771	380.5000	55.0000	739644.733552
27.4714	-3.4826	0.6771	380.5000	55.0000	739644.733552
27.5715	-3.4826	0.6771	380.5000	55.0000	739644.733552
27.6883	-3.5388	0.6981	380.5000	55.0000	739644.733552
27.8049	-3.6699	0.7471	380.5000	55.0000	739644.733552
27.9051	-3.7823	0.7891	380.5000	55.0000	739644.733552
28.0218	-3.9134	0.8382	380.5000	55.0000	739644.733552
28.1220	-4.0258	0.8802	380.5000	55.0000	739644.733552
28.2221	-4.0633	0.8942	380.5000	55.0000	739644.733552
28.3389	-4.0633	0.8942	386.6000	55.0000	739644.733552
28.4555	-4.0633	0.8942	395.1400	55.0000	739644.733552
28.5556	-4.0633	0.8942	402.4600	55.0000	739644.733552
28.6558	-4.0633	0.8942	409.7800	55.0000	739644.733552
28.7725	-4.0847	0.9280	418.3200	55.0000	739644.733552
28.8892	-4.1477	1.0529	426.8600	55.0000	739644.733552
28.9906	-4.1865	1.1663	434.1800	55.0000	739644.733552
29.0908	-4.2004	1.2247	441.5000	55.0000	739644.733552
29.2061	-4.2004	1.2247	450.0400	55.0000	739644.733552
29.3062	-4.2004	1.2247	453.7000	55.0000	739644.733552
29.4063	-4.2004	1.2247	453.7000	55.0000	739644.733552
29.5231	-4.2004	1.2247	453.7000	55.0000	739644.733552
29.6232	-4.2004	1.2247	451.2600	55.0000	739644.733552
29.7399	-4.2004	1.2247	442.7200	55.0000	739644.733552
29.8400	-4.2004	1.2247	435.4000	55.0000	739644.733552
29.9401	-4.2004	1.2247	435.4000	55.0000	739644.733552
30.0402	-4.2004	1.2247	435.4000	55.0000	739644.733552
30.1402	-4.2054	1.2441	435.4000	55.0000	739644.733552
30.2404	-4.2357	1.3602	435.4000	55.0000	739644.733552
30.3572	-4.2458	1.3989	435.4000	55.0000	739644.733552
30.4739	-4.2458	1.3989	435.4000	55.0000	739644.733552
30.5740	-4.2458	1.3989	435.4000	55.0000	739644.733552
30.6909	-4.2609	1.4570	435.4000	55.0000	739644.733552
30.7910	-4.2912	1.5731	435.4000	55.0000	739644.733552
30.9082	-4.2962	1.5924	435.4000	55.0000	739644.733552
31.0087	-4.2962	1.5924	435.4000	55.0000	739644.733552
31.1246	-4.2962	1.5924	435.4000	55.0000	739644.733552
31.2248	-4.2962	1.5924	435.4000	55.0000	739644.733552
31.3414	-4.3214	1.6892	435.4000	55.0000	739644.733552
31.4582	-4.3567	1.8247	435.4000	55.0000	739644.733552
31.5583	-4.3567	1.8247	435.4000	55.0000	739644.733552
31.6751	-4.3567	1.8247	435.4000	55.0000	739644.733552
31.7755	-4.3567	1.8247	435.4000	55.0000	739644.733552
31.8919	-4.3567	1.8247	435.4000	55.0000	739644.733552
31.9920	-4.3567	1.8247	435.4000	55.0000	739644.733552
32.0921	-4.3567	1.8247	442.7200	55.0000	739644.733552
32.1923	-4.3567	1.8247	446.3800	55.0000	739644.733552
32.3090	-4.3567	1.8247	446.3800	55.0000	739644.733552
32.4091	-4.3567	1.8247	446.3800	55.0000	739644.733552
32.5092	-4.3567	1.8247	446.3800	55.0000	739644.733552
32.6259	-4.3567	1.8247	446.3800	55.0000	739644.733552
32.7429	-4.3617	1.9045	446.3800	55.0000	739644.733552
32.8593	-4.3681	2.0043	446.3800	55.0000	739644.733552
32.9597	-4.3681	2.0043	446.3800	55.0000	739644.733552
33.0598	-4.3681	2.0043	446.3800	55.0000	739644.733552
33.1764	-4.3681	2.0043	448.8200	55.0000	739644.733552
33.2766	-4.3681	2.0043	456.1400	55.0000	739644.733552
33.3933	-4.3681	2.0043	464.6800	55.0000	739644.733552
33.4934	-4.3681	2.0043	472.0000	55.0000	739644.733552
33.6103	-4.3681	2.0043	480.5400	55.0000	739644.733552
33.7267	-4.3681	2.0043	489.0800	55.0000	739644.733552
33.8270	-4.3681	2.0043	495.1800	55.0000	739644.733552
33.9438	-4.3681	2.0043	495.1800	55.0000	739644.733552
34.0604	-4.3681	2.0043	495.1800	55.0000	739644.733552
34.1606	-4.3681	2.0043	502.5000	55.0000	739644.733552
34.2608	-4.3681	2.0043	509.8200	55.0000	739644.733552
34.3776	-4.3681	2.0043	518.3600	55.0000	739644.733552
34.4942	-4.3681	2.0043	526.9000	55.0000	739644.733552
34.5944	-4.3681	2.0043	534.2200	55.0000	739644.733552
34.7110	-4.3681	2.0043	542.7600	55.0000	739644.733552
34.8112	-4.3681	2.0043	550.0800	55.0000	739644.733552
34.9281	-4.3681	2.0043	558.6200	55.0000	739644.733552
35.0282	-4.3681	2.0043	559.8400	55.0000	739644.733552
35.1448	-4.3681	2.0043	559.8400	55.0000	739644.733552
35.2449	-4.3681	2.0043	559.8400	55.0000	739644.733552
35.3451	-4.3681	2.0043	559.8400	55.0000	739644.733552
35.4617	-4.3681	2.0043	559.8400	55.0000	739644.733552
35.5619	-4.3681	2.0043	561.0600	55.0000	739644.733552
35.6785	-4.3681	2.0043	569.6000	55.0000	739644.733552
35.7954	-4.3681	2.0043	573.2600	55.0000	739644.733552
35.8956	-4.3681	2.0043	573.2600	55.0000	739644.733552
36.0124	-4.3513	1.9934	573.2600	55.0000	739644.733552
36.1291	-4.2343	1.9166	573.2600	55.0000	739644.733552
36.2459	-4.1172	1.8398	573.2600	55.0000	739644.733552
36.3626	-4.0336	1.7850	573.2600	55.0000	739644.733552
36.4793	-4.0336	1.7850	573.2600	55.0000	739644.733552
36.5795	-4.0336	1.7850	573.2600	55.0000	739644.733552
36.6961	-4.0336	1.7850	564.7200	55.0000	739644.733552
36.7963	-4.0336	1.7850	562.2800	55.0000	739644.733552
36.9133	-4.0336	1.7850	562.2800	55.0000	739644.733552
37.0299	-4.0336	1.7850	562.2800	55.0000	739644.733552
37.1300	-4.0336	1.7850	562.2800	55.0000	739644.733552
37.2301	-4.0336	1.7850	562.2800	55.0000	739644.733552
37.3468	-3.9410	1.7470	562.2800	55.0000	739644.733552
37.4469	-3.8300	1.7015	562.2800	55.0000	739644.733552
37.5637	-3.7005	1.6485	562.2800	55.0000	739644.733552
37.6804	-3.5709	1.5954	562.2800	55.0000	739644.733552
37.7806	-3.4599	1.5499	562.2800	55.0000	739644.733552
37.8974	-3.3858	1.5196	562.2800	55.0000	739644.733552
37.9975	-3.3858	1.5196	562.2800	55.0000	739644.733552
38.1145	-3.3858	1.5196	553.7400	55.0000	739644.733552
38.2311	-3.3858	1.5196	545.2000	55.0000	739644.733552
38.3475	-3.3858	1.5196	541.5400	55.0000	739644.733552
38.4478	-3.3858	1.5196	541.5400	55.0000	739644.733552
38.5663	-3.3459	1.5185	541.5400	55.0000	739644.733552
38.6812	-3.2059	1.5147	541.5400	55.0000	739644.733552
38.7813	-3.0859	1.5115	541.5400	55.0000	739644.733552
38.8815	-2.9660	1.5083	541.5400	55.0000	739644.733552
38.9982	-2.9660	1.5083	541.5400	55.0000	739644.733552
39.0984	-2.9660	1.5083	541.5400	55.0000	739644.733552
39.2151	-2.9660	1.5083	535.4400	55.0000	739644.733552
39.3318	-2.9660	1.5083	526.9000	55.0000	739644.733552
39.4320	-2.9660	1.5083	519.5800	55.0000	739644.733552
39.5488	-2.9660	1.5083	511.0400	55.0000	739644.733552
39.6655	-2.9660	1.5083	507.3800	55.0000	739644.733552
39.7822	-2.9660	1.5083	507.3800	55.0000	739644.733552
39.8824	-2.9660	1.5083	507.3800	55.0000	739644.733552
39.9992	-2.9660	1.5083	507.3800	55.0000	739644.733552
40.1158	-2.9660	1.5083	507.3800	55.0000	739644.733552
40.2161	-2.9660	1.5083	502.5000	55.0000	739644.733552
40.3327	-2.9660	1.5083	493.9600	55.0000	739644.733552
40.4329	-2.9660	1.5083	486.6400	55.0000	739644.733552
40.5495	-2.9660	1.5083	481.7600	55.0000	739644.733552
40.6497	-2.9660	1.5083	481.7600	55.0000	739644.733552
40.7666	-2.9134	1.5933	481.7600	55.0000	739644.733552
40.8668	-2.8502	1.6953	481.7600	55.0000	739644.733552
40.9838	-2.8291	1.7293	481.7600	55.0000	739644.733552
41.0840	-2.8291	1.7293	481.7600	55.0000	739644.733552
41.2001	-2.8291	1.7293	481.7600	55.0000	739644.733552
41.3003	-2.8291	1.7293	481.7600	55.0000	739644.733552
41.4170	-2.8186	1.7463	481.7600	55.0000	739644.733552
41.5171	-2.7554	1.8484	481.7600	55.0000	739644.733552
41.6339	-2.6818	1.9674	481.7600	55.0000	739644.733552
41.7507	-2.6186	2.0694	481.7600	55.0000	739644.733552
41.8678	-2.6186	2.0694	481.7600	55.0000	739644.733552
41.9841	-2.6186	2.0694	475.6600	55.0000	739644.733552
42.0844	-2.6186	2.0694	468.3400	55.0000	739644.733552
42.2009	-2.6186	2.0694	467.1200	55.0000	739644.733552
42.3012	-2.6186	2.0694	467.1200	55.0000	739644.733552
42.4179	-2.5950	2.1459	467.1200	55.0000	739644.733552
42.5345	-2.5538	2.2797	467.1200	55.0000	739644.733552
42.6349	-2.5538	2.2797	467.1200	55.0000	739644.733552
42.7515	-2.5538	2.2797	465.9000	55.0000	739644.733552
42.8516	-2.5538	2.2797	458.5800	55.0000	739644.733552
42.9518	-2.5538	2.2797	454.9200	55.0000	739644.733552
43.0688	-2.5538	2.2797	454.9200	55.0000	739644.733552
43.1853	-2.5470	2.3594	454.9200	55.0000	739644.733552
43.3020	-2.5350	2.4989	454.9200	55.0000	739644.733552
43.4021	-2.5247	2.6184	454.9200	55.0000	739644.733552
43.5022	-2.5144	2.7380	454.9200	55.0000	739644.733552
43.6189	-2.5024	2.8775	454.9200	55.0000	739644.733552
43.7191	-2.4921	2.9970	454.9200	55.0000	739644.733552
43.8360	-2.4801	3.1365	454.9200	55.0000	739644.733552
43.9526	-2.4681	3.2760	454.9200	55.0000	739644.733552
44.0532	-2.4578	3.3956	454.9200	55.0000	739644.733552
44.1694	-2.4509	3.4753	454.9200	55.0000	739644.733552
44.2696	-2.4509	3.4753	454.9200	55.0000	739644.733552
44.3697	-2.4509	3.4753	454.9200	55.0000	739644.733552
44.4700	-2.4509	3.4753	454.9200	55.0000	739644.733552
44.5703	-2.4509	3.4753	454.9200	55.0000	739644.733552
44.6866	-2.4509	3.4753	454.9200	55.0000	739644.733552
44.8034	-2.4440	3.5550	454.9200	55.0000	739644.733552
44.9035	-2.4338	3.6745	454.9200	55.0000	739644.733552
45.0039	-2.4320	3.6945	454.9200	55.0000	739644.733552
45.1205	-2.4320	3.6945	454.9200	55.0000	739644.733552
45.2369	-2.4320	3.6945	454.9200	55.0000	739644.733552
45.3372	-2.4320	3.6945	453.7000	55.0000	739644.733552
45.4539	-2.4320	3.6945	445.1600	55.0000	739644.733552
45.5541	-2.4320	3.6945	442.7200	55.0000	739644.733552
45.6707	-2.4320	3.6945	442.7200	55.0000	739644.733552
45.7708	-2.4320	3.6945	442.7200	55.0000	739644.733552
45.8708	-2.4447	3.7937	442.7200	55.0000	739644.733552
45.9709	-2.4599	3.9127	442.7200	55.0000	739644.733552
46.0710	-2.4751	4.0317	442.7200	55.0000	739644.733552
46.1711	-2.4903	4.1508	442.7200	55.0000	739644.733552
46.2711	-2.5055	4.2698	442.7200	55.0000	739644.733552
46.3713	-2.5207	4.3888	442.7200	55.0000	739644.733552
46.4714	-2.5360	4.5079	442.7200	55.0000	739644.733552
46.5716	-2.5410	4.5475	439.0600	55.0000	739644.733552
46.6884	-2.5410	4.5475	430.5200	55.0000	739644.733552
46.7885	-2.5410	4.5475	424.4200	55.0000	739644.733552
46.9053	-2.5410	4.5475	424.4200	55.0000	739644.733552
47.0239	-2.5583	4.5836	424.4200	55.0000	739644.733552
47.1387	-2.6187	4.7099	424.4200	55.0000	739644.733552
47.2388	-2.6706	4.8181	424.4200	55.0000	739644.733552
47.3389	-2.7224	4.9264	424.4200	55.0000	739644.733552
47.4556	-2.7828	5.0526	424.4200	55.0000	739644.733552
47.5557	-2.8346	5.1609	424.4200	55.0000	739644.733552
47.6558	-2.8433	5.1789	429.3000	55.0000	739644.733552
47.7727	-2.8433	5.1789	431.7400	55.0000	739644.733552
47.8894	-2.8433	5.1789	431.7400	55.0000	739644.733552
47.9895	-2.8433	5.1789	431.7400	55.0000	739644.733552
48.1063	-2.8433	5.1789	428.0800	55.0000	739644.733552
48.2065	-2.8433	5.1789	420.7600	55.0000	739644.733552
48.3237	-2.8433	5.1789	412.2200	55.0000	739644.733552
48.4400	-2.8433	5.1789	407.3400	55.0000	739644.733552
48.5400	-2.8433	5.1789	407.3400	55.0000	739644.733552
48.6401	-2.8433	5.1789	403.6800	55.0000	739644.733552
48.7403	-2.8433	5.1789	396.3600	55.0000	739644.733552
48.8568	-2.8433	5.1789	391.4800	55.0000	739644.733552
48.9570	-2.8433	5.1789	391.4800	55.0000	739644.733552
49.0571	-2.8433	5.1789	391.4800	55.0000	739644.733552
49.1738	-2.8433	5.1789	391.4800	55.0000	739644.733552
49.2907	-2.8433	5.1789	391.4800	55.0000	739644.733552
49.3907	-2.8433	5.1789	391.4800	55.0000	739644.733552
49.5075	-2.8433	5.1789	391.4800	55.0000	739644.733552
49.6076	-2.8433	5.1789	391.4800	55.0000	739644.733552
49.7077	-2.7409	5.1163	391.4800	55.0000	739644.733552
49.8245	-2.6215	5.0431	391.4800	55.0000	739644.733552
49.9246	-2.5192	4.9805	391.4800	55.0000	739644.733552
50.0247	-2.4168	4.9178	391.4800	55.0000	739644.733552
50.1413	-2.4168	4.9178	384.1600	55.0000	739644.733552
50.2414	-2.4168	4.9178	376.8400	55.0000	739644.733552
50.3415	-2.4168	4.9178	369.5200	55.0000	739644.733552
50.4416	-2.4168	4.9178	362.2000	55.0000	739644.733552
50.5417	-2.4168	4.9178	354.8800	55.0000	739644.733552
50.6418	-2.4168	4.9178	347.5600	55.0000	739644.733552
50.7420	-2.4168	4.9178	340.2400	55.0000	739644.733552
50.8421	-2.4168	4.9178	336.5800	55.0000	739644.733552
50.9423	-2.4168	4.9178	336.5800	55.0000	739644.733552
51.0589	-2.3801	4.9337	336.5800	55.0000	739644.733552
51.1591	-2.2700	4.9814	336.5800	55.0000	739644.733552
51.2758	-2.2150	5.0053	336.5800	55.0000	739644.733552
51.3926	-2.2150	5.0053	336.5800	55.0000	739644.733552
51.4926	-2.2150	5.0053	336.5800	55.0000	739644.733552
51.6095	-2.2150	5.0053	336.5800	55.0000	739644.733552
51.7098	-2.2700	4.9814	336.5800	55.0000	739644.733552
51.8263	-2.3618	4.9417	336.5800	55.0000	739644.733552
51.9430	-2.3618	4.9417	336.5800	55.0000	739644.733552
52.0432	-2.3618	4.9417	336.5800	55.0000	739644.733552
52.1598	-2.3618	4.9417	336.5800	55.0000	739644.733552
52.2600	-2.3618	4.9417	330.4800	55.0000	739644.733552
52.3600	-2.3618	4.9417	323.1600	55.0000	739644.733552
52.4615	-2.3618	4.9417	315.8400	55.0000	739644.733552
52.5769	-2.3618	4.9417	307.3000	55.0000	739644.733552
52.6770	-2.3618	4.9417	304.8600	55.0000	739644.733552
52.7772	-2.3847	4.9088	304.8600	55.0000	739644.733552
52.8938	-2.4647	4.7940	304.8600	55.0000	739644.733552
52.9938	-2.5333	4.6955	304.8600	55.0000	739644.733552
53.0939	-2.5561	4.6627	304.8600	55.0000	739644.733552
53.1943	-2.5561	4.6627	299.9800	55.0000	739644.733552
53.3109	-2.5561	4.6627	291.4400	55.0000	739644.733552
53.4276	-2.5561	4.6627	282.9000	55.0000	739644.733552
53.5277	-2.5561	4.6627	281.6800	55.0000	739644.733552
53.6278	-2.5561	4.6627	281.6800	55.0000	739644.733552
53.7279	-2.5602	4.6431	281.6800	55.0000	739644.733552
53.8280	-2.5845	4.5256	281.6800	55.0000	739644.733552
53.9281	-2.6047	4.4277	281.6800	55.0000	739644.733552
54.0449	-2.6047	4.4277	281.6800	55.0000	739644.733552
54.1451	-2.6047	4.4277	278.0200	55.0000	739644.733552
54.2618	-2.6047	4.4277	269.4800	55.0000	739644.733552
54.3785	-2.6047	4.4277	260.9400	55.0000	739644.733552
54.4787	-2.6047	4.4277	253.6200	55.0000	739644.733552
54.5957	-2.6047	4.4277	249.9600	55.0000	739644.733552
54.7121	-2.6047	4.4277	249.9600	55.0000	739644.733552
54.8123	-2.5636	4.3149	249.9600	55.0000	739644.733552
54.9289	-2.5156	4.1834	249.9600	55.0000	739644.733552
55.0292	-2.4745	4.0707	249.9600	55.0000	739644.733552
55.1292	-2.4334	3.9579	249.9600	55.0000	739644.733552
55.2459	-2.3854	3.8264	249.9600	55.0000	739644.733552
55.3461	-2.3443	3.7137	249.9600	55.0000	739644.733552
55.4627	-2.2963	3.5821	249.9600	55.0000	739644.733552
55.5631	-2.2552	3.4694	249.9600	55.0000	739644.733552
55.6796	-2.2072	3.3379	249.9600	55.0000	739644.733552
55.7796	-2.1866	3.2815	249.9600	55.0000	739644.733552
55.8797	-2.1866	3.2815	249.9600	55.0000	739644.733552
55.9798	-2.1866	3.2815	249.9600	55.0000	739644.733552
56.0800	-2.1866	3.2815	253.6200	55.0000	739644.733552
56.1801	-2.1866	3.2815	260.9400	55.0000	739644.733552
56.2802	-2.1866	3.2815	263.3800	55.0000	739644.733552
56.3802	-2.1866	3.2815	263.3800	55.0000	739644.733552
56.4803	-2.1866	3.2815	263.3800	55.0000	739644.733552
56.5804	-2.1774	3.2021	263.3800	55.0000	739644.733552
56.6972	-2.1613	3.0630	263.3800	55.0000	739644.733552
56.7973	-2.1475	2.9438	263.3800	55.0000	739644.733552
56.8977	-2.1336	2.8246	263.3800	55.0000	739644.733552
57.0143	-2.1313	2.8047	263.3800	55.0000	739644.733552
57.1310	-2.1313	2.8047	270.7000	55.0000	739644.733552
57.2311	-2.1313	2.8047	270.7000	55.0000	739644.733552
57.3479	-2.1313	2.8047	270.7000	55.0000	739644.733552
57.4646	-2.1320	2.7447	270.7000	55.0000	739644.733552
57.5647	-2.1335	2.6247	270.7000	55.0000	739644.733552
57.6815	-2.1352	2.4847	270.7000	55.0000	739644.733552
57.7816	-2.1367	2.3648	270.7000	55.0000	739644.733552
57.8984	-2.1384	2.2248	270.7000	55.0000	739644.733552
58.0150	-2.1401	2.0848	270.7000	55.0000	739644.733552
58.1152	-2.1424	2.0048	275.5800	55.0000	739644.733552
58.2318	-2.1424	2.0048	284.1200	55.0000	739644.733552
58.3320	-2.1424	2.0048	291.4400	55.0000	739644.733552
58.4322	-2.1424	2.0048	298.7600	55.0000	739644.733552
58.5490	-2.1531	1.9879	302.4200	55.0000	739644.733552
58.6657	-2.2281	1.8698	302.4200	55.0000	739644.733552
58.7658	-2.2925	1.7685	302.4200	55.0000	739644.733552
58.8826	-2.3568	1.6672	303.6400	55.0000	739644.733552
58.9991	-2.3568	1.6672	312.1800	55.0000	739644.733552
59.0995	-2.3568	1.6672	319.5000	55.0000	739644.733552
59.2160	-2.3568	1.6672	328.0400	55.0000	739644.733552
59.3162	-2.3568	1.6672	335.3600	55.0000	739644.733552
59.4163	-2.3568	1.6672	339.0200	55.0000	739644.733552
59.5332	-2.4315	1.6385	339.0200	55.0000	739644.733552
59.6499	-2.5622	1.5884	339.0200	55.0000	739644.733552
59.7500	-2.6743	1.5454	339.0200	55.0000	739644.733552
59.8667	-2.7863	1.5025	339.0200	55.0000	739644.733552
59.9668	-2.7863	1.5025	339.0200	55.0000	739644.733552
60.0670	-2.7863	1.5025	339.0200	55.0000	739644.733552
60.1837	-2.7863	1.5025	340.2400	55.0000	739644.733552
60.2838	-2.7863	1.5025	347.5600	55.0000	739644.733552
60.4007	-2.7863	1.5025	356.1000	55.0000	739644.733552
60.5173	-2.7863	1.5025	364.6400	55.0000	739644.733552
60.6175	-2.7863	1.5025	367.0800	55.0000	739644.733552
60.7342	-2.7863	1.5025	367.0800	55.0000	739644.733552
60.8343	-2.8657	1.5123	367.0800	55.0000	739644.733552
60.9344	-2.9848	1.5271	367.0800	55.0000	739644.733552
61.0512	-3.1237	1.5444	367.0800	55.0000	739644.733552
61.1513	-3.2428	1.5592	367.0800	55.0000	739644.733552
61.2688	-3.3817	1.5764	367.0800	55.0000	739644.733552
61.3848	-3.5207	1.5937	367.0800	55.0000	739644.733552
61.5015	-3.6596	1.6109	367.0800	55.0000	739644.733552
61.6017	-3.7787	1.6257	367.0800	55.0000	739644.733552
61.7187	-3.8184	1.6306	367.0800	55.0000	739644.733552
61.8351	-3.8184	1.6306	367.0800	55.0000	739644.733552
61.9353	-3.8184	1.6306	367.0800	55.0000	739644.733552
62.0520	-3.8184	1.6306	362.2000	55.0000	739644.733552
62.1688	-3.8184	1.6306	353.6600	55.0000	739644.733552
62.2855	-3.8184	1.6306	345.1200	55.0000	739644.733552
62.3856	-3.8184	1.6306	337.8000	55.0000	739644.733552
62.4858	-3.8184	1.6306	331.7000	55.0000	739644.733552
62.6023	-3.8184	1.6306	331.7000	55.0000	739644.733552
62.7028	-3.8712	1.6022	331.7000	55.0000	739644.733552
62.8192	-3.9240	1.5738	331.7000	55.0000	739644.733552
62.9195	-3.9240	1.5738	331.7000	55.0000	739644.733552
63.0361	-3.9240	1.5738	324.3800	55.0000	739644.733552
63.1363	-3.9240	1.5738	317.0600	55.0000	739644.733552
63.2364	-3.9240	1.5738	309.7400	55.0000	739644.733552
63.3531	-3.9240	1.5738	301.2000	55.0000	739644.733552
63.4699	-3.9240	1.5738	292.6600	55.0000	739644.733552
63.5700	-3.9240	1.5738	286.5600	55.0000	739644.733552
63.6867	-3.9240	1.5738	286.5600	55.0000	739644.733552
63.7868	-3.9240	1.5738	286.5600	55.0000	739644.733552
63.9038	-3.9240	1.5738	286.5600	55.0000	739644.733552
64.0204	-3.9240	1.5738	286.5600	55.0000	739644.733552
64.1382	-3.9297	1.5546	286.5600	55.0000	739644.733552
64.2544	-3.9639	1.4396	286.5600	55.0000	739644.733552
64.3709	-3.9639	1.4396	286.5600	55.0000	739644.733552
64.4716	-3.9639	1.4396	286.5600	55.0000	739644.733552
64.5724	-3.9639	1.4396	286.5600	55.0000	739644.733552
64.6891	-3.9639	1.4396	278.0200	55.0000	739644.733552
64.7893	-3.9639	1.4396	270.7000	55.0000	739644.733552
64.9058	-3.9639	1.4396	270.7000	55.0000	739644.733552
65.0226	-3.9644	1.3996	270.7000	55.0000	739644.733552
65.1228	-3.9659	1.2796	270.7000	55.0000	739644.733552
65.2395	-3.9676	1.1396	270.7000	55.0000	739644.733552
65.3562	-3.9693	0.9996	270.7000	55.0000	739644.733552
65.4572	-3.9703	0.9196	270.7000	55.0000	739644.733552
65.5753	-3.9703	0.9196	264.6000	55.0000	739644.733552
65.6769	-3.9703	0.9196	257.2800	55.0000	739644.733552
65.7938	-3.9703	0.9196	248.7400	55.0000	739644.733552
65.9102	-3.9703	0.9196	240.2000	55.0000	739644.733552
66.0269	-3.9703	0.9196	240.2000	55.0000	739644.733552
66.1272	-3.9703	0.9196	240.2000	55.0000	739644.733552
66.2438	-3.9703	0.9196	240.2000	55.0000	739644.733552
66.3439	-3.9703	0.9196	240.2000	55.0000	739644.733552
66.4441	-3.9703	0.9196	240.2000	55.0000	739644.733552
66.5608	-3.9206	0.8328	240.2000	55.0000	739644.733552
66.6775	-3.8510	0.7113	240.2000	55.0000	739644.733552
66.7777	-3.8411	0.6940	240.2000	55.0000	739644.733552
66.8944	-3.8411	0.6940	240.2000	55.0000	739644.733552
67.0112	-3.8411	0.6940	234.1000	55.0000	739644.733552
67.1126	-3.8411	0.6940	226.7800	55.0000	739644.733552
67.2293	-3.8411	0.6940	218.2400	55.0000	739644.733552
67.3459	-3.8411	0.6940	209.7000	55.0000	739644.733552
67.4460	-3.8411	0.6940	202.3800	55.0000	739644.733552
67.5462	-3.8411	0.6940	195.0600	55.0000	739644.733552
67.6630	-3.8411	0.6940	186.5200	55.0000	739644.733552
67.7795	-3.8411	0.6940	182.8600	55.0000	739644.733552
67.8799	-3.8411	0.6940	182.8600	55.0000	739644.733552
67.9965	-3.8411	0.6940	182.8600	55.0000	739644.733552
68.1132	-3.7812	0.6910	182.8600	55.0000	739644.733552
68.2135	-3.6613	0.6850	182.8600	55.0000	739644.733552
68.3301	-3.5215	0.6780	182.8600	55.0000	739644.733552
68.4303	-3.4016	0.6720	182.8600	55.0000	739644.733552
68.5304	-3.2818	0.6660	182.8600	55.0000	739644.733552
68.6305	-3.1619	0.6601	182.8600	55.0000	739644.733552
68.7473	-3.0221	0.6531	182.8600	55.0000	739644.733552
68.8641	-2.8823	0.6461	182.8600	55.0000	739644.733552
68.9807	-2.7425	0.6391	182.8600	55.0000	739644.733552
69.0810	-2.6226	0.6331	182.8600	55.0000	739644.733552
69.1976	-2.4828	0.6261	182.8600	55.0000	739644.733552
69.2978	-2.3629	0.6201	182.8600	55.0000	739644.733552
69.4145	-2.3030	0.6171	182.8600	55.0000	739644.733552
69.5314	-2.3030	0.6171	182.8600	55.0000	739644.733552
69.6479	-2.3030	0.6171	182.8600	55.0000	739644.733552
69.7481	-2.3030	0.6171	182.8600	55.0000	739644.733552
69.8482	-2.3030	0.6171	182.8600	55.0000	739644.733552
69.9651	-2.3030	0.6171	182.8600	55.0000	739644.733552
70.0816	-2.3030	0.6171	182.8600	55.0000	739644.733552
70.1818	-2.3030	0.6171	182.8600	55.0000	739644.733552
70.2821	-2.3030	0.6171	179.2000	55.0000	739644.733552
70.3987	-2.3030	0.6171	170.6600	55.0000	739644.733552
70.4988	-2.3030	0.6171	163.3400	55.0000	739644.733552
70.6158	-2.3030	0.6171	154.8000	55.0000	739644.733552
70.7321	-2.3030	0.6171	146.2600	55.0000	739644.733552
70.8323	-2.2069	0.6890	142.6000	55.0000	739644.733552
70.9325	-2.1116	0.7619	142.6000	55.0000	739644.733552
71.0491	-2.0004	0.8469	142.6000	55.0000	739644.733552
71.1493	-1.9169	0.9031	142.6000	55.0000	739644.733552
71.2496	-1.8216	0.9760	142.6000	55.0000	739644.733552
71.3661	-1.7580	1.0245	142.6000	55.0000	739644.733552
71.4663	-1.7580	1.0245	142.6000	55.0000	739644.733552
71.5830	-1.7580	1.0245	142.6000	55.0000	739644.733552
71.6997	-1.7580	1.0245	142.6000	55.0000	739644.733552
71.7999	-1.7580	1.0245	142.6000	55.0000	739644.733552
71.9165	-1.7580	1.0245	149.9200	55.0000	739644.733552
72.0167	-1.7580	1.0245	157.2400	55.0000	739644.733552
72.1175	-1.7580	1.0245	164.5600	55.0000	739644.733552
72.2335	-1.7580	1.0245	165.7800	55.0000	739644.733552
72.3336	-1.6417	1.0540	165.7800	55.0000	739644.733552
72.4338	-1.5254	1.0835	165.7800	55.0000	739644.733552
72.5352	-1.4091	1.1130	165.7800	55.0000	739644.733552
72.6505	-1.4091	1.1130	169.4400	55.0000	739644.733552
72.7507	-1.4091	1.1130	176.7600	55.0000	739644.733552
72.8509	-1.4091	1.1130	184.0800	55.0000	739644.733552
72.9676	-1.4091	1.1130	192.6200	55.0000	739644.733552
73.0677	-1.4091	1.1130	193.8400	55.0000	739644.733552
73.1845	-1.3120	1.0891	193.8400	55.0000	739644.733552
73.3012	-1.2149	1.0651	193.8400	55.0000	739644.733552
73.4013	-1.2149	1.0651	195.0600	55.0000	739644.733552
73.5181	-1.2149	1.0651	203.6000	55.0000	739644.733552
73.6182	-1.2149	1.0651	206.0400	55.0000	739644.733552
73.7184	-1.2149	1.0651	206.0400	55.0000	739644.733552
73.8351	-1.2149	1.0651	206.0400	55.0000	739644.733552
73.9522	-1.2149	1.0651	206.0400	55.0000	739644.733552
74.0687	-1.2149	1.0651	206.0400	55.0000	739644.733552
74.1852	-1.2149	1.0651	206.0400	55.0000	739644.733552
74.2853	-1.3227	1.1178	206.0400	55.0000	739644.733552
74.3854	-1.4305	1.1705	206.0400	55.0000	739644.733552
74.4860	-1.5383	1.2232	206.0400	55.0000	739644.733552
74.6024	-1.6641	1.2846	206.0400	55.0000	739644.733552
74.7026	-1.7719	1.3373	206.0400	55.0000	739644.733552
74.8032	-1.8618	1.3856	206.0400	55.0000	739644.733552
74.9193	-1.8618	1.3988	206.0400	55.0000	739644.733552
75.0195	-1.8618	1.3988	206.0400	55.0000	739644.733552
75.1365	-1.8618	1.3988	206.0400	55.0000	739644.733552
75.2529	-1.8618	1.3988	202.3800	55.0000	739644.733552
75.3542	-1.8618	1.3988	195.0600	55.0000	739644.733552
75.4699	-1.8618	1.3988	186.5200	55.0000	739644.733552
75.5865	-1.8618	1.3988	177.9800	55.0000	739644.733552
75.6867	-1.8618	1.3988	170.6600	55.0000	739644.733552
75.7868	-1.8618	1.3988	163.3400	55.0000	739644.733552
75.9036	-1.8618	1.3988	154.8000	55.0000	739644.733552
76.0037	-1.8618	1.3988	147.4800	55.0000	739644.733552
76.1204	-1.8618	1.3988	138.9400	55.0000	739644.733552
76.2372	-1.8618	1.3988	130.4000	55.0000	739644.733552
76.3373	-1.8618	1.3988	123.0800	55.0000	739644.733552
76.4551	-1.8618	1.3988	116.9800	55.0000	739644.733552
76.5715	-1.8618	1.3988	116.9800	55.0000	739644.733552
76.6879	-1.8618	1.3988	116.9800	55.0000	739644.733552
76.7881	-1.8618	1.3988	116.9800	55.0000	739644.733552
76.8888	-1.8436	1.4344	116.9800	55.0000	739644.733552
77.0056	-1.7983	1.5235	116.9800	55.0000	739644.733552
77.1058	-1.7983	1.5235	116.9800	55.0000	739644.733552
77.2225	-1.7983	1.5235	116.9800	55.0000	739644.733552
77.3227	-1.7983	1.5235	109.6600	55.0000	739644.733552
77.4392	-1.7983	1.5235	102.3400	55.0000	739644.733552
77.5393	-1.7983	1.5235	102.3400	55.0000	739644.733552
77.6397	-1.7983	1.5235	102.3400	55.0000	739644.733552
77.7562	-1.7897	1.5626	102.3400	55.0000	739644.733552
77.8731	-1.7598	1.6994	102.3400	55.0000	739644.733552
77.9899	-1.7299	1.8361	102.3400	55.0000	739644.733552
78.1067	-1.7000	1.9729	102.3400	55.0000	739644.733552
78.2232	-1.6700	2.1097	102.3400	55.0000	739644.733552
78.3234	-1.6700	2.1097	101.1200	55.0000	739644.733552
78.4236	-1.6700	2.1097	93.8000	55.0000	739644.733552
78.5403	-1.6700	2.1097	85.2600	55.0000	739644.733552
78.6569	-1.6700	2.1097	80.3800	55.0000	739644.733552
78.7572	-1.6734	2.1294	80.3800	55.0000	739644.733552
78.8573	-1.6934	2.2477	80.3800	55.0000	739644.733552
78.9743	-1.7168	2.3857	80.3800	55.0000	739644.733552
79.0906	-1.7402	2.5238	80.3800	55.0000	739644.733552
79.1909	-1.7603	2.6421	80.3800	55.0000	739644.733552
79.3076	-1.7837	2.7801	80.3800	55.0000	739644.733552
79.4077	-1.7971	2.8590	80.3800	55.0000	739644.733552
79.5078	-1.7971	2.8590	80.3800	55.0000	739644.733552
79.6246	-1.7971	2.8590	80.3800	55.0000	739644.733552
79.7248	-1.7971	2.8590	80.3800	55.0000	739644.733552
79.8414	-1.7971	2.8590	80.3800	55.0000	739644.733552
79.9415	-1.7971	2.8590	86.4800	55.0000	739644.733552
80.0417	-1.7971	2.8590	91.3600	55.0000	739644.733552
80.1583	-1.7971	2.8590	91.3600	55.0000	739644.733552
80.2584	-1.7952	2.9390	91.3600	55.0000	739644.733552
80.3585	-1.7923	3.0589	91.3600	55.0000	739644.733552
80.4770	-1.7890	3.1989	91.3600	55.0000	739644.733552
80.5920	-1.7857	3.3388	91.3600	55.0000	739644.733552
80.6921	-1.7828	3.4588	91.3600	55.0000	739644.733552
80.7921	-1.7819	3.4988	93.8000	55.0000	739644.733552
80.8922	-1.7819	3.4988	101.1200	55.0000	739644.733552
80.9924	-1.7819	3.4988	108.4400	55.0000	739644.733552
81.0925	-1.7819	3.4988	114.5400	55.0000	739644.733552
81.1926	-1.7819	3.4988	114.5400	55.0000	739644.733552
81.2926	-1.7819	3.4988	114.5400	55.0000	739644.733552
81.3928	-1.7652	3.5352	114.5400	55.0000	739644.733552
81.4929	-1.7154	3.6444	114.5400	55.0000	739644.733552
81.5931	-1.6656	3.7535	114.5400	55.0000	739644.733552
81.7097	-1.6573	3.7717	114.5400	55.0000	739644.733552
81.8100	-1.6573	3.7717	114.5400	55.0000	739644.733552
81.9268	-1.6573	3.7717	116.9800	55.0000	739644.733552
82.0433	-1.6573	3.7717	125.5200	55.0000	739644.733552
82.1435	-1.6573	3.7717	132.8400	55.0000	739644.733552
82.2436	-1.6573	3.7717	140.1600	55.0000	739644.733552
82.3604	-1.6573	3.7717	141.3800	55.0000	739644.733552
82.4606	-1.6573	3.7717	141.3800	55.0000	739644.733552
82.5772	-1.5479	3.8591	141.3800	55.0000	739644.733552
82.6774	-1.4854	3.9090	141.3800	55.0000	739644.733552
82.7941	-1.4854	3.9090	141.3800	55.0000	739644.733552
82.9109	-1.4854	3.9090	141.3800	55.0000	739644.733552
83.0117	-1.4854	3.9090	141.3800	55.0000	739644.733552
83.1118	-1.3916	3.9839	141.3800	55.0000	739644.733552
83.2279	-1.3135	4.0463	141.3800	55.0000	739644.733552
83.3446	-1.3135	4.0463	143.8200	55.0000	739644.733552
83.4447	-1.3135	4.0463	151.1400	55.0000	739644.733552
83.5448	-1.3135	4.0463	158.4600	55.0000	739644.733552
83.6450	-1.3135	4.0463	165.7800	55.0000	739644.733552
83.7617	-1.3135	4.0463	174.3200	55.0000	739644.733552
83.8784	-1.3135	4.0463	182.8600	55.0000	739644.733552
83.9786	-1.3135	4.0463	190.1800	55.0000	739644.733552
84.0952	-1.3135	4.0463	198.7200	55.0000	739644.733552
84.1954	-1.3135	4.0463	206.0400	55.0000	739644.733552
84.3121	-1.3135	4.0463	214.5800	55.0000	739644.733552
84.4127	-1.3135	4.0463	221.9000	55.0000	739644.733552
84.5132	-1.3135	4.0463	229.2200	55.0000	739644.733552
84.6134	-1.3135	4.0463	236.5400	55.0000	739644.733552
84.7139	-1.3135	4.0463	243.8600	55.0000	739644.733552
84.8141	-1.3135	4.0463	251.1800	55.0000	739644.733552
84.9143	-1.3135	4.0463	251.1800	55.0000	739644.733552
85.0308	-1.3135	4.0463	251.1800	55.0000	739644.733552
85.1312	-1.3135	4.0463	251.1800	55.0000	739644.733552
85.2478	-1.3135	4.0463	251.1800	55.0000	739644.733552
85.3479	-1.3135	4.0463	253.6200	55.0000	739644.733552
85.4646	-1.3135	4.0463	262.1600	55.0000	739644.733552
85.5649	-1.3135	4.0463	262.1600	55.0000	739644.733552
85.6818	-1.3135	4.0463	262.1600	55.0000	739644.733552
85.7985	-1.3135	4.0463	262.1600	55.0000	739644.733552
85.9151	-1.3135	4.0463	262.1600	55.0000	739644.733552
86.0154	-1.3135	4.0463	262.1600	55.0000	739644.733552
86.1155	-1.3135	4.0463	262.1600	55.0000	739644.733552
86.2337	-1.3135	4.0463	262.1600	55.0000	739644.733552
86.3489	-1.2944	3.9076	262.1600	55.0000	739644.733552
86.4491	-1.2780	3.7888	262.1600	55.0000	739644.733552
86.5665	-1.2589	3.6501	262.1600	55.0000	739644.733552
86.6825	-1.2398	3.5114	262.1600	55.0000	739644.733552
86.7826	-1.2289	3.4321	262.1600	55.0000	739644.733552
86.8993	-1.2289	3.4321	262.1600	55.0000	739644.733552
87.0001	-1.2289	3.4321	262.1600	55.0000	739644.733552
87.1162	-1.2289	3.4321	262.1600	55.0000	739644.733552
87.2162	-1.2289	3.4321	264.6000	55.0000	739644.733552
87.3164	-1.2289	3.4321	271.9200	55.0000	739644.733552
87.4167	-1.2289	3.4321	274.3600	55.0000	739644.733552
87.5333	-1.2289	3.4321	274.3600	55.0000	739644.733552
87.6336	-1.2289	3.4321	274.3600	55.0000	739644.733552
87.7502	-1.2396	3.2925	274.3600	55.0000	739644.733552
87.8503	-1.2487	3.1729	274.3600	55.0000	739644.733552
87.9670	-1.2593	3.0333	274.3600	55.0000	739644.733552
88.0671	-1.2685	2.9136	274.3600	55.0000	739644.733552
88.1673	-1.2776	2.7940	274.3600	55.0000	739644.733552
88.2842	-1.2776	2.7940	274.3600	55.0000	739644.733552
88.4006	-1.2776	2.7940	274.3600	55.0000	739644.733552
88.5010	-1.2776	2.7940	274.3600	55.0000	739644.733552
88.6011	-1.2776	2.7940	274.3600	55.0000	739644.733552
88.7177	-1.2776	2.7940	274.3600	55.0000	739644.733552
88.8346	-1.2776	2.7940	274.3600	55.0000	739644.733552
88.9347	-1.2776	2.7940	274.3600	55.0000	739644.733552
89.0515	-1.2791	2.7740	274.3600	55.0000	739644.733552
89.1686	-1.2897	2.6344	274.3600	55.0000	739644.733552
89.2851	-1.2928	2.5946	274.3600	55.0000	739644.733552
89.3853	-1.2928	2.5946	274.3600	55.0000	739644.733552
89.5019	-1.2973	2.5347	274.3600	55.0000	739644.733552
89.6021	-1.3065	2.4151	274.3600	55.0000	739644.733552
89.7023	-1.3095	2.3752	274.3600	55.0000	739644.733552
89.8190	-1.3141	2.3154	274.3600	55.0000	739644.733552
89.9357	-1.3217	2.2157	274.3600	55.0000	739644.733552
90.0365	-1.3217	2.2157	274.3600	55.0000	739644.733552
90.1525	-1.3217	2.2157	274.3600	55.0000	739644.733552
90.2527	-1.3217	2.2157	269.4800	55.0000	739644.733552
90.3698	-1.3217	2.2157	263.3800	55.0000	739644.733552
90.4862	-1.3217	2.2157	263.3800	55.0000	739644.733552
90.5862	-1.3217	2.2157	263.3800	55.0000	739644.733552
90.7031	-1.3171	2.1759	263.3800	55.0000	739644.733552
90.8198	-1.3009	2.0369	263.3800	55.0000	739644.733552
90.9199	-1.3009	2.0369	263.3800	55.0000	739644.733552
91.0367	-1.3009	2.0369	263.3800	55.0000	739644.733552
91.1368	-1.3009	2.0369	263.3800	55.0000	739644.733552
91.2536	-1.3009	2.0369	254.8400	55.0000	739644.733552
91.3537	-1.3009	2.0369	247.5200	55.0000	739644.733552
91.4704	-1.3009	2.0369	238.9800	55.0000	739644.733552
91.5872	-1.3009	2.0369	230.4400	55.0000	739644.733552
91.7038	-1.3009	2.0369	225.5600	55.0000	739644.733552
91.8041	-1.3009	2.0369	225.5600	55.0000	739644.733552
91.9042	-1.3009	2.0369	225.5600	55.0000	739644.733552
92.0208	-1.3009	2.0369	225.5600	55.0000	739644.733552
92.1209	-1.2869	2.0226	225.5600	55.0000	739644.733552
92.2377	-1.1889	1.9226	225.5600	55.0000	739644.733552
92.3378	-1.1049	1.8369	225.5600	55.0000	739644.733552
92.4378	-1.0209	1.7513	225.5600	55.0000	739644.733552
92.5379	-0.9368	1.6656	225.5600	55.0000	739644.733552
92.6547	-0.8668	1.5942	225.5600	55.0000	739644.733552
92.7548	-0.8668	1.5942	225.5600	55.0000	739644.733552
92.8715	-0.8668	1.5942	225.5600	55.0000	739644.733552
92.9716	-0.8668	1.5942	232.8800	55.0000	739644.733552
93.0717	-0.8668	1.5942	240.2000	55.0000	739644.733552
93.1717	-0.8668	1.5942	247.5200	55.0000	739644.733552
93.2718	-0.8668	1.5942	254.8400	55.0000	739644.733552
93.3730	-0.8668	1.5942	262.1600	55.0000	739644.733552
93.4905	-0.8668	1.5942	268.2600	55.0000	739644.733552
93.6055	-0.8668	1.5942	268.2600	55.0000	739644.733552
93.7057	-0.8668	1.5942	268.2600	55.0000	739644.733552
93.8058	-0.8662	1.5742	268.2600	55.0000	739644.733552
93.9225	-0.8620	1.4343	268.2600	55.0000	739644.733552
94.0392	-0.8577	1.2943	268.2600	55.0000	739644.733552
94.1394	-0.8541	1.1744	268.2600	55.0000	739644.733552
94.2561	-0.8528	1.1344	268.2600	55.0000	739644.733552
94.3562	-0.8528	1.1344	275.5800	55.0000	739644.733552
94.4564	-0.8528	1.1344	282.9000	55.0000	739644.733552
94.5731	-0.8528	1.1344	291.4400	55.0000	739644.733552
94.6750	-0.8528	1.1344	293.8800	55.0000	739644.733552
94.7917	-0.9014	1.0247	293.8800	55.0000	739644.733552
94.8920	-0.9500	0.9149	293.8800	55.0000	739644.733552
95.0086	-0.9500	0.9149	296.3200	55.0000	739644.733552
95.1253	-0.9500	0.9149	304.8600	55.0000	739644.733552
95.2254	-0.9500	0.9149	312.1800	55.0000	739644.733552
95.3256	-0.9500	0.9149	319.5000	55.0000	739644.733552
95.4422	-0.9500	0.9149	325.6000	55.0000	739644.733552
95.5589	-0.9500	0.9149	325.6000	55.0000	739644.733552
95.6592	-1.0160	0.8697	325.6000	55.0000	739644.733552
95.7759	-1.1315	0.7907	325.6000	55.0000	739644.733552
95.8760	-1.1480	0.7794	325.6000	55.0000	739644.733552
95.9928	-1.1480	0.7794	331.7000	55.0000	739644.733552
96.1094	-1.1480	0.7794	340.2400	55.0000	739644.733552
96.2096	-1.1480	0.7794	347.5600	55.0000	739644.733552
96.3101	-1.1480	0.7794	351.2200	55.0000	739644.733552
96.4265	-1.1480	0.7794	351.2200	55.0000	739644.733552
96.5432	-1.1480	0.7794	351.2200	55.0000	739644.733552
96.6433	-1.1480	0.7794	351.2200	55.0000	739644.733552
96.7601	-1.1480	0.7794	351.2200	55.0000	739644.733552
96.8769	-1.1480	0.7794	348.7800	55.0000	739644.733552
96.9935	-1.1480	0.7794	340.2400	55.0000	739644.733552
97.0938	-1.1480	0.7794	337.8000	55.0000	739644.733552
97.1940	-1.1480	0.7794	337.8000	55.0000	739644.733552
97.3107	-1.2777	0.7265	337.8000	55.0000	739644.733552
97.4111	-1.3517	0.6962	337.8000	55.0000	739644.733552
97.5275	-1.3517	0.6962	337.8000	55.0000	739644.733552
97.6276	-1.3517	0.6962	337.8000	55.0000	739644.733552
97.7444	-1.4073	0.6736	337.8000	55.0000	739644.733552
97.8611	-1.5369	0.6207	337.8000	55.0000	739644.733552
97.9612	-1.6480	0.5753	337.8000	55.0000	739644.733552
98.0780	-1.7776	0.5224	337.8000	55.0000	739644.733552
98.1784	-1.8887	0.4771	337.8000	55.0000	739644.733552
98.2794	-1.9818	0.4405	341.4600	55.0000	739644.733552
98.3796	-1.9818	0.4405	348.7800	55.0000	739644.733552
98.4963	-1.9818	0.4405	353.6600	55.0000	739644.733552
98.5965	-2.0017	0.4383	353.6600	55.0000	739644.733552
98.7132	-2.1408	0.4228	353.6600	55.0000	739644.733552
98.8133	-2.2601	0.4096	353.6600	55.0000	739644.733552
98.9134	-2.3793	0.3963	353.6600	55.0000	739644.733552
99.0138	-2.4986	0.3831	353.6600	55.0000	739644.733552
99.1303	-2.6377	0.3676	353.6600	55.0000	739644.733552
99.2305	-2.7570	0.3544	353.6600	55.0000	739644.733552
99.3308	-2.8565	0.3446	357.3200	55.0000	739644.733552
99.4473	-2.8565	0.3446	365.8600	55.0000	739644.733552
99.5641	-2.8565	0.3446	373.1800	55.0000	739644.733552
99.6643	-2.9149	0.3583	373.1800	55.0000	739644.733552
99.7810	-3.0512	0.3902	373.1800	55.0000	739644.733552
99.8811	-3.1681	0.4175	373.1800	55.0000	739644.733552
99.9979	-3.2067	0.4279	381.7200	55.0000	739644.733552
100.1146	-3.2067	0.4279	390.2600	55.0000	739644.733552
100.2146	-3.2067	0.4279	397.5800	55.0000	739644.733552
100.3147	-3.2067	0.4279	404.9000	55.0000	739644.733552
100.4148	-3.2597	0.4879	408.5600	55.0000	739644.733552
100.5148	-3.3391	0.5778	408.5600	55.0000	739644.733552
100.6152	-3.4185	0.6678	408.5600	55.0000	739644.733552
100.7317	-3.4847	0.7428	408.5600	55.0000	739644.733552
100.8318	-3.4847	0.7428	408.5600	55.0000	739644.733552
100.9319	-3.4847	0.7428	408.5600	55.0000	739644.733552
101.0488	-3.4847	0.7428	400.0200	55.0000	739644.733552
101.1655	-3.4847	0.7428	391.4800	55.0000	739644.733552
101.2822	-3.4847	0.7428	386.6000	55.0000	739644.733552
101.3823	-3.4847	0.7428	386.6000	55.0000	739644.733552
101.4992	-3.5920	0.7965	386.6000	55.0000	739644.733552
101.6001	-3.6993	0.8502	386.6000	55.0000	739644.733552
101.7160	-3.8245	0.9129	386.6000	55.0000	739644.733552
101.8161	-3.9318	0.9666	386.6000	55.0000	739644.733552
101.9162	-4.0391	1.0204	386.6000	55.0000	739644.733552
102.0328	-4.1642	1.0831	386.6000	55.0000	739644.733552
102.1330	-4.1642	1.0831	386.6000	55.0000	739644.733552
102.2498	-4.1642	1.0831	389.0400	55.0000	739644.733552
102.3666	-4.1642	1.0831	397.5800	55.0000	739644.733552
102.4834	-4.1642	1.0831	406.1200	55.0000	739644.733552
102.5838	-4.2040	1.1280	408.5600	55.0000	739644.733552
102.7001	-4.2966	1.2330	408.5600	55.0000	739644.733552
102.8003	-4.3760	1.3229	408.5600	55.0000	739644.733552
102.9170	-4.4687	1.4279	408.5600	55.0000	739644.733552
103.0172	-4.5084	1.4729	411.0000	55.0000	739644.733552
103.1340	-4.5084	1.4729	419.5400	55.0000	739644.733552
103.2507	-4.5084	1.4729	428.0800	55.0000	739644.733552
103.3674	-4.5084	1.4729	436.6200	55.0000	739644.733552
103.4676	-4.5114	1.4927	441.5000	55.0000	739644.733552
103.5842	-4.5320	1.6311	441.5000	55.0000	739644.733552
103.6844	-4.5498	1.7498	441.5000	55.0000	739644.733552
103.8011	-4.5587	1.8091	442.7200	55.0000	739644.733552
103.9013	-4.5587	1.8091	450.0400	55.0000	739644.733552
104.0180	-4.5587	1.8091	458.5800	55.0000	739644.733552
104.1182	-4.5587	1.8091	465.9000	55.0000	739644.733552
104.2348	-4.5524	1.8281	468.3400	55.0000	739644.733552
104.3516	-4.5083	1.9610	468.3400	55.0000	739644.733552
104.4518	-4.4831	2.0369	468.3400	55.0000	739644.733552
104.5521	-4.4831	2.0369	472.0000	55.0000	739644.733552
104.6686	-4.4831	2.0369	480.5400	55.0000	739644.733552
104.7853	-4.4831	2.0369	489.0800	55.0000	739644.733552
104.8854	-4.4831	2.0369	496.4000	55.0000	739644.733552
104.9855	-4.4831	2.0369	501.2800	55.0000	739644.733552
105.0858	-4.4831	2.0369	497.6200	55.0000	739644.733552
105.1863	-4.4831	2.0369	490.3000	55.0000	739644.733552
105.3025	-4.4831	2.0369	487.8600	55.0000	739644.733552
105.4026	-4.4831	2.0369	487.8600	55.0000	739644.733552
105.5201	-4.4831	2.0369	487.8600	55.0000	739644.733552
105.6365	-4.4831	2.0369	487.8600	55.0000	739644.733552
105.7367	-4.4340	2.1001	487.8600	55.0000	739644.733552
105.8535	-4.3727	2.1791	487.8600	55.0000	739644.733552
105.9702	-4.3727	2.1791	487.8600	55.0000	739644.733552
106.0704	-4.3727	2.1791	487.8600	55.0000	739644.733552
106.1705	-4.4095	2.1317	487.8600	55.0000	739644.733552
106.2872	-4.4954	2.0212	487.8600	55.0000	739644.733552
106.4040	-4.5813	1.9106	487.8600	55.0000	739644.733552
106.5207	-4.6673	1.8001	487.8600	55.0000	739644.733552
106.6375	-4.7532	1.6896	487.8600	55.0000	739644.733552
106.7376	-4.8268	1.5948	487.8600	55.0000	739644.733552
106.8543	-4.8637	1.5317	487.8600	55.0000	739644.733552
106.9544	-4.8637	1.5317	487.8600	55.0000	739644.733552
107.0546	-4.8637	1.5317	487.8600	55.0000	739644.733552
107.1547	-4.8637	1.5317	491.5200	55.0000	739644.733552
107.2715	-4.8637	1.5317	500.0600	55.0000	739644.733552
107.3883	-4.8637	1.5317	508.6000	55.0000	739644.733552
107.5049	-4.8637	1.5317	517.1400	55.0000	739644.733552
107.6216	-4.8637	1.5317	525.6800	55.0000	739644.733552
107.7217	-4.8637	1.5317	530.5600	55.0000	739644.733552
107.8242	-4.8439	1.5349	530.5600	55.0000	739644.733552
107.9388	-4.7058	1.5579	530.5600	55.0000	739644.733552
108.0389	-4.5874	1.5776	530.5600	55.0000	739644.733552
108.1558	-4.4493	1.6005	530.5600	55.0000	739644.733552
108.2725	-4.3112	1.6235	530.5600	55.0000	739644.733552
108.3726	-4.2520	1.6333	530.5600	55.0000	739644.733552
108.4893	-4.2520	1.6333	533.0000	55.0000	739644.733552
108.5895	-4.2520	1.6333	540.3200	55.0000	739644.733552
108.7064	-4.2520	1.6333	545.2000	55.0000	739644.733552
108.8242	-4.2122	1.6297	545.2000	55.0000	739644.733552
108.9397	-4.0728	1.6170	545.2000	55.0000	739644.733552
109.0398	-3.9533	1.6062	545.2000	55.0000	739644.733552
109.1400	-3.8338	1.5953	545.2000	55.0000	739644.733552
109.2568	-3.6944	1.5826	545.2000	55.0000	739644.733552
109.3568	-3.5748	1.5717	545.2000	55.0000	739644.733552
109.4735	-3.4354	1.5590	545.2000	55.0000	739644.733552
109.5736	-3.3159	1.5482	545.2000	55.0000	739644.733552
109.6737	-3.1964	1.5373	545.2000	55.0000	739644.733552
109.7904	-3.0570	1.5246	545.2000	55.0000	739644.733552
109.9073	-2.9972	1.5192	545.2000	55.0000	739644.733552
110.0240	-2.9972	1.5192	545.2000	55.0000	739644.733552
110.1408	-2.9972	1.5192	541.5400	55.0000	739644.733552
110.2430	-2.9972	1.5192	534.2200	55.0000	739644.733552
110.3431	-2.9972	1.5192	526.9000	55.0000	739644.733552
110.4577	-2.9972	1.5192	518.3600	55.0000	739644.733552
110.5745	-2.9972	1.5192	509.8200	55.0000	739644.733552
110.6746	-2.9972	1.5192	502.5000	55.0000	739644.733552
110.7914	-2.9972	1.5192	493.9600	55.0000	739644.733552
110.9082	-2.9972	1.5192	485.4200	55.0000	739644.733552
111.0249	-2.9972	1.5192	476.8800	55.0000	739644.733552
111.1250	-2.9972	1.5192	469.5600	55.0000	739644.733552
111.2251	-2.9972	1.5192	465.9000	55.0000	739644.733552
111.3419	-2.9972	1.5192	465.9000	55.0000	739644.733552
111.4420	-2.9918	1.5384	465.9000	55.0000	739644.733552
111.5587	-2.9534	1.6730	465.9000	55.0000	739644.733552
111.6755	-2.9150	1.8077	465.9000	55.0000	739644.733552
111.7756	-2.8822	1.9231	465.9000	55.0000	739644.733552
111.8923	-2.8438	2.0577	465.9000	55.0000	739644.733552
111.9925	-2.8109	2.1731	465.9000	55.0000	739644.733552
112.1093	-2.8000	2.2116	465.9000	55.0000	739644.733552
112.2094	-2.8000	2.2116	465.9000	55.0000	739644.733552
112.3260	-2.8000	2.2116	465.9000	55.0000	739644.733552
112.4262	-2.8000	2.2116	463.4600	55.0000	739644.733552
112.5429	-2.8000	2.2116	454.9200	55.0000	739644.733552
112.6597	-2.8000	2.2116	446.3800	55.0000	739644.733552
112.7598	-2.8000	2.2116	443.9400	55.0000	739644.733552
112.8765	-2.8000	2.2116	443.9400	55.0000	739644.733552
112.9766	-2.8000	2.2116	443.9400	55.0000	739644.733552
113.0768	-2.8000	2.2116	443.9400	55.0000	739644.733552
113.1934	-2.8000	2.2116	443.9400	55.0000	739644.733552
113.2937	-2.8000	2.2116	443.9400	55.0000	739644.733552
113.4103	-2.8000	2.2116	443.9400	55.0000	739644.733552
113.5104	-2.8000	2.2116	451.2600	55.0000	739644.733552
113.6272	-2.8000	2.2116	456.1400	55.0000	739644.733552
113.7441	-2.8000	2.2116	456.1400	55.0000	739644.733552
113.8608	-2.7871	2.3309	456.1400	55.0000	739644.733552
113.9775	-2.7722	2.4701	456.1400	55.0000	739644.733552
114.0777	-2.7593	2.5894	456.1400	55.0000	739644.733552
114.1944	-2.7444	2.7286	456.1400	55.0000	739644.733552
114.2946	-2.7315	2.8479	456.1400	55.0000	739644.733552
114.4112	-2.7166	2.9871	456.1400	55.0000	739644.733552
114.5281	-2.7016	3.1263	456.1400	55.0000	739644.733552
114.6446	-2.6866	3.2655	456.1400	55.0000	739644.733552
114.7450	-2.6738	3.3848	456.1400	55.0000	739644.733552
114.8451	-2.6609	3.5041	456.1400	55.0000	739644.733552
114.9617	-2.6460	3.6433	456.1400	55.0000	739644.733552
115.0619	-2.6331	3.7627	456.1400	55.0000	739644.733552
115.1787	-2.6182	3.9019	456.1400	55.0000	739644.733552
115.2787	-2.6053	4.0212	456.1400	55.0000	739644.733552
115.3818	-2.5925	4.1405	456.1400	55.0000	739644.733552
115.4827	-2.5861	4.2001	456.1400	55.0000	739644.733552
115.5994	-2.5861	4.2001	456.1400	55.0000	739644.733552
115.7187	-2.5861	4.2001	456.1400	55.0000	739644.733552
115.8331	-2.5861	4.2001	462.2400	55.0000	739644.733552
115.9499	-2.5861	4.2001	468.3400	55.0000	739644.733552
116.0667	-2.5861	4.2001	468.3400	55.0000	739644.733552
116.1670	-2.5609	4.2761	468.3400	55.0000	739644.733552
116.2836	-2.5420	4.3330	468.3400	55.0000	739644.733552
116.3838	-2.5420	4.3330	468.3400	55.0000	739644.733552
116.5007	-2.5420	4.3330	467.1200	55.0000	739644.733552
116.6171	-2.5420	4.3330	459.8000	55.0000	739644.733552
116.7338	-2.5420	4.3330	459.8000	55.0000	739644.733552
116.8340	-2.5386	4.3527	459.8000	55.0000	739644.733552
116.9346	-2.5182	4.4710	459.8000	55.0000	739644.733552
117.0509	-2.5080	4.5301	459.8000	55.0000	739644.733552
117.1676	-2.5080	4.5301	459.8000	55.0000	739644.733552
117.2678	-2.5080	4.5301	459.8000	55.0000	739644.733552
117.3679	-2.5080	4.5301	457.3600	55.0000	739644.733552
117.4846	-2.5080	4.5301	450.0400	55.0000	739644.733552
117.5847	-2.5080	4.5301	450.0400	55.0000	739644.733552
117.7016	-2.5080	4.5301	450.0400	55.0000	739644.733552
117.8182	-2.5079	4.6301	450.0400	55.0000	739644.733552
117.9184	-2.5079	4.6301	450.0400	55.0000	739644.733552
118.0353	-2.5079	4.6301	445.1600	55.0000	739644.733552
118.1520	-2.5079	4.6301	436.6200	55.0000	739644.733552
118.2684	-2.5079	4.6301	429.3000	55.0000	739644.733552
118.3687	-2.5079	4.6301	429.3000	55.0000	739644.733552
118.4689	-2.5150	4.6488	429.3000	55.0000	739644.733552
118.5855	-2.5645	4.7798	429.3000	55.0000	739644.733552
118.6857	-2.5715	4.7985	429.3000	55.0000	739644.733552
118.8033	-2.5715	4.7985	429.3000	55.0000	739644.733552
118.9034	-2.5715	4.7985	424.4200	55.0000	739644.733552
119.0200	-2.5715	4.7985	415.8800	55.0000	739644.733552
119.1367	-2.5715	4.7985	408.5600	55.0000	739644.733552
119.2527	-2.5848	4.8135	408.5600	55.0000	739644.733552
119.3529	-2.6642	4.9034	408.5600	55.0000	739644.733552
119.4534	-2.7436	4.9934	408.5600	55.0000	739644.733552
119.5698	-2.8363	5.0983	408.5600	55.0000	739644.733552
119.6699	-2.8892	5.1583	408.5600	55.0000	739644.733552
119.7866	-2.8892	5.1583	408.5600	55.0000	739644.733552
119.9035	-2.8892	5.1583	400.0200	55.0000	739644.733552
120.0200	-2.8892	5.1583	391.4800	55.0000	739644.733552
120.1202	-2.8892	5.1583	384.1600	55.0000	739644.733552
120.2372	-2.8892	5.1583	375.6200	55.0000	739644.733552
120.3536	-2.9085	5.1637	375.6200	55.0000	739644.733552
120.4539	-3.0240	5.1960	375.6200	55.0000	739644.733552
120.5705	-3.1589	5.2337	375.6200	55.0000	739644.733552
120.6707	-3.2744	5.2660	375.6200	55.0000	739644.733552
120.7875	-3.4093	5.3037	375.6200	55.0000	739644.733552
120.8876	-3.5056	5.3306	375.6200	55.0000	739644.733552
121.0043	-3.5056	5.3306	375.6200	55.0000	739644.733552
121.1046	-3.4478	5.3145	375.6200	55.0000	739644.733552
121.2213	-3.3130	5.2768	375.6200	55.0000	739644.733552
121.3214	-3.1974	5.2445	375.6200	55.0000	739644.733552
121.4393	-3.0626	5.2068	375.6200	55.0000	739644.733552
121.5549	-2.9277	5.1691	375.6200	55.0000	739644.733552
121.6716	-2.7929	5.1314	375.6200	55.0000	739644.733552
121.7717	-2.6773	5.0991	375.6200	55.0000	739644.733552
121.8718	-2.5618	5.0668	375.6200	55.0000	739644.733552
121.9719	-2.4462	5.0345	375.6200	55.0000	739644.733552
122.0720	-2.3306	5.0021	375.6200	55.0000	739644.733552
122.1888	-2.2140	4.9740	369.5200	55.0000	739644.733552
122.3055	-2.2140	4.9740	360.9800	55.0000	739644.733552
122.4056	-2.2140	4.9740	353.6600	55.0000	739644.733552
122.5223	-2.2140	4.9740	345.1200	55.0000	739644.733552
122.6238	-2.2140	4.9740	337.8000	55.0000	739644.733552
122.7392	-2.2140	4.9740	336.5800	55.0000	739644.733552
122.8406	-2.2140	4.9740	336.5800	55.0000	739644.733552
122.9560	-2.2140	4.9740	336.5800	55.0000	739644.733552
123.0563	-2.1406	5.0097	336.5800	55.0000	739644.733552
123.1564	-2.1406	5.0296	336.5800	55.0000	739644.733552
123.2730	-2.1406	5.0296	330.4800	55.0000	739644.733552
123.3898	-2.1406	5.0296	321.9400	55.0000	739644.733552
123.4899	-2.1406	5.0296	314.6200	55.0000	739644.733552
123.6066	-2.1406	5.0296	306.0800	55.0000	739644.733552
123.7068	-2.1299	5.0549	302.4200	55.0000	739644.733552
123.8241	-2.1299	5.1140	302.4200	55.0000	739644.733552
123.9405	-2.1299	5.1731	302.4200	55.0000	739644.733552
124.0437	-2.1299	5.2238	302.4200	55.0000	739644.733552
124.1584	-2.1299	5.2406	302.4200	55.0000	739644.733552
124.2751	-2.1299	5.2406	302.4200	55.0000	739644.733552
124.3753	-2.1299	5.2406	302.4200	55.0000	739644.733552
124.4756	-2.1835	5.1562	302.4200	55.0000	739644.733552
124.5921	-2.2586	5.0381	302.4200	55.0000	739644.733552
124.6925	-2.3229	4.9368	302.4200	55.0000	739644.733552
124.8091	-2.3980	4.8186	302.4200	55.0000	739644.733552
124.9095	-2.4623	4.7173	302.4200	55.0000	739644.733552
125.0259	-2.5374	4.5991	302.4200	55.0000	739644.733552
125.1260	-2.6017	4.4978	302.4200	55.0000	739644.733552
125.2268	-2.6660	4.3965	302.4200	55.0000	739644.733552
125.3269	-2.7304	4.2952	302.4200	55.0000	739644.733552
125.4270	-2.7947	4.1939	302.4200	55.0000	739644.733552
125.5288	-2.8590	4.0926	302.4200	55.0000	739644.733552
125.6299	-2.9286	3.9950	308.5200	55.0000	739644.733552
125.7302	-2.9414	3.9796	315.8400	55.0000	739644.733552
125.8467	-2.9414	3.9796	324.3800	55.0000	739644.733552
125.9470	-3.0084	3.9358	326.8200	55.0000	739644.733552
126.0472	-3.1088	3.8701	326.8200	55.0000	739644.733552
126.1638	-3.2260	3.7935	326.8200	55.0000	739644.733552
126.2805	-3.3432	3.7169	326.8200	55.0000	739644.733552
126.3807	-3.4101	3.6731	326.8200	55.0000	739644.733552
126.4809	-3.4101	3.6731	328.0400	55.0000	739644.733552
126.5976	-3.4101	3.6731	336.5800	55.0000	739644.733552
126.6978	-3.4101	3.6731	343.9000	55.0000	739644.733552
126.8144	-3.4101	3.6731	348.7800	55.0000	739644.733552
126.9312	-3.4101	3.6731	348.7800	55.0000	739644.733552
127.0313	-3.4886	3.6575	348.7800	55.0000	739644.733552
127.1480	-3.6259	3.6303	348.7800	55.0000	739644.733552
127.2481	-3.7436	3.6069	348.7800	55.0000	739644.733552
127.3650	-3.7436	3.6069	348.7800	55.0000	739644.733552
127.4816	-3.7436	3.6069	348.7800	55.0000	739644.733552
127.5818	-3.7436	3.6069	348.7800	55.0000	739644.733552
127.6984	-3.7436	3.6069	348.7800	55.0000	739644.733552
127.7986	-3.7436	3.6069	348.7800	55.0000	739644.733552
127.8987	-3.8221	3.5914	348.7800	55.0000	739644.733552
128.0155	-3.9594	3.5641	348.7800	55.0000	739644.733552
128.1156	-4.0771	3.5408	348.7800	55.0000	739644.733552
128.2323	-4.2144	3.5135	348.7800	55.0000	739644.733552
128.3491	-4.3518	3.4863	348.7800	55.0000	739644.733552
128.4496	-4.4695	3.4630	348.7800	55.0000	739644.733552
128.5663	-4.6068	3.4357	348.7800	55.0000	739644.733552
128.6665	-4.7245	3.4124	348.7800	55.0000	739644.733552
128.7832	-4.8618	3.3851	348.7800	55.0000	739644.733552
128.9000	-4.9991	3.3579	348.7800	55.0000	739644.733552
129.0002	-5.1169	3.3345	348.7800	55.0000	739644.733552
129.1170	-5.2542	3.3073	348.7800	55.0000	739644.733552
129.2334	-5.3915	3.2801	348.7800	55.0000	739644.733552
129.3337	-5.4700	3.2645	348.7800	55.0000	739644.733552
129.4504	-5.4700	3.2645	348.7800	55.0000	739644.733552
129.5505	-5.4700	3.2645	348.7800	55.0000	739644.733552
129.6507	-5.4700	3.2645	348.7800	55.0000	739644.733552
129.7674	-5.4700	3.2645	341.4600	55.0000	739644.733552
129.8676	-5.4700	3.2645	334.1400	55.0000	739644.733552
129.9843	-5.4700	3.2645	325.6000	55.0000	739644.733552
130.0844	-5.4700	3.2645	318.2800	55.0000	739644.733552
130.2012	-5.4700	3.2645	312.1800	55.0000	739644.733552
130.3179	-5.5237	3.2052	312.1800	55.0000	739644.733552
130.4181	-5.5774	3.1459	312.1800	55.0000	739644.733552
130.5347	-5.5774	3.1459	312.1800	55.0000	739644.733552
130.6516	-5.5774	3.1459	306.0800	55.0000	739644.733552
130.7682	-5.5774	3.1459	297.5400	55.0000	739644.733552
130.8683	-5.5774	3.1459	290.2200	55.0000	739644.733552
130.9685	-5.5774	3.1459	286.5600	55.0000	739644.733552
131.0854	-5.5774	3.1459	286.5600	55.0000	739644.733552
131.2023	-5.5774	3.1459	285.3400	55.0000	739644.733552
131.3187	-5.5774	3.1459	276.8000	55.0000	739644.733552
131.4189	-5.5774	3.1459	269.4800	55.0000	739644.733552
131.5191	-5.5774	3.1459	262.1600	55.0000	739644.733552
131.6365	-5.5774	3.1459	259.7200	55.0000	739644.733552
131.7530	-5.5774	3.1459	259.7200	55.0000	739644.733552
131.8530	-5.5667	3.0869	259.7200	55.0000	739644.733552
131.9698	-5.5417	2.9491	259.7200	55.0000	739644.733552
132.0700	-5.5203	2.8311	259.7200	55.0000	739644.733552
132.1866	-5.4953	2.6933	259.7200	55.0000	739644.733552
132.3035	-5.4703	2.5556	259.7200	55.0000	739644.733552
132.4199	-5.4453	2.4178	259.7200	55.0000	739644.733552
132.5203	-5.4239	2.2997	259.7200	55.0000	739644.733552
132.6370	-5.3989	2.1620	259.7200	55.0000	739644.733552
132.7537	-5.3740	2.0242	259.7200	55.0000	739644.733552
132.8540	-5.3525	1.9062	259.7200	55.0000	739644.733552
132.9541	-5.3311	1.7881	259.7200	55.0000	739644.733552
133.0707	-5.3061	1.6503	259.7200	55.0000	739644.733552
133.1874	-5.2812	1.5126	259.7200	55.0000	739644.733552
133.2876	-5.2598	1.3945	259.7200	55.0000	739644.733552
133.4043	-5.2598	1.3945	259.7200	55.0000	739644.733552
133.5046	-5.2598	1.3945	259.7200	55.0000	739644.733552
133.6211	-5.2598	1.3945	264.6000	55.0000	739644.733552
133.7380	-5.2598	1.3945	273.1400	55.0000	739644.733552
133.8546	-5.2598	1.3945	273.1400	55.0000	739644.733552
133.9549	-5.2652	1.2946	273.1400	55.0000	739644.733552
134.0550	-5.2718	1.1748	273.1400	55.0000	739644.733552
134.1717	-5.2729	1.1549	274.3600	55.0000	739644.733552
134.2884	-5.2729	1.1549	282.9000	55.0000	739644.733552
134.3887	-5.2729	1.1549	290.2200	55.0000	739644.733552
134.5053	-5.2806	1.1364	292.6600	55.0000	739644.733552
134.6054	-5.3268	1.0257	292.6600	55.0000	739644.733552
134.7222	-5.3731	0.9149	292.6600	55.0000	739644.733552
134.8389	-5.3731	0.9149	292.6600	55.0000	739644.733552
134.9391	-5.3731	0.9149	292.6600	55.0000	739644.733552
135.0405	-5.3731	0.9149	290.2200	55.0000	739644.733552
135.1572	-5.3731	0.9149	282.9000	55.0000	739644.733552
135.2573	-5.3731	0.9149	282.9000	55.0000	739644.733552
135.3574	-5.3731	0.9149	282.9000	55.0000	739644.733552
135.4576	-5.3731	0.9149	289.0000	55.0000	739644.733552
135.5577	-5.3731	0.9149	296.3200	55.0000	739644.733552
135.6579	-5.3731	0.9149	303.6400	55.0000	739644.733552
135.7580	-5.3731	0.9149	310.9600	55.0000	739644.733552
135.8583	-5.3731	0.9149	317.0600	55.0000	739644.733552
135.9749	-5.3731	0.9149	317.0600	55.0000	739644.733552
136.0916	-5.3731	0.9149	317.0600	55.0000	739644.733552
136.1917	-5.3731	0.9149	317.0600	55.0000	739644.733552
136.2918	-5.3731	0.9149	312.1800	55.0000	739644.733552
136.3918	-5.3731	0.9149	304.8600	55.0000	739644.733552
136.4920	-5.3731	0.9149	304.8600	55.0000	739644.733552
136.5922	-5.3731	0.9149	304.8600	55.0000	739644.733552
136.7091	-5.3731	0.9149	304.8600	55.0000	739644.733552
136.8257	-5.4074	0.8657	304.8600	55.0000	739644.733552
136.9259	-5.4645	0.7836	304.8600	55.0000	739644.733552
137.0426	-5.4645	0.7836	304.8600	55.0000	739644.733552
137.1427	-5.4645	0.7836	304.8600	55.0000	739644.733552
137.2595	-5.4645	0.7836	296.3200	55.0000	739644.733552
137.3762	-5.4645	0.7836	287.7800	55.0000	739644.733552
137.4930	-5.4645	0.7836	281.6800	55.0000	739644.733552
137.5931	-5.4807	0.7053	281.6800	55.0000	739644.733552
137.6932	-5.5010	0.6074	281.6800	55.0000	739644.733552
137.8099	-5.5010	0.6074	281.6800	55.0000	739644.733552
137.9271	-5.5010	0.6074	281.6800	55.0000	739644.733552
138.0272	-5.5010	0.6074	281.6800	55.0000	739644.733552
138.1273	-5.5010	0.6074	281.6800	55.0000	739644.733552
138.2442	-5.5010	0.6074	286.5600	55.0000	739644.733552
138.3607	-5.5010	0.6074	292.6600	55.0000	739644.733552
138.4609	-5.5010	0.6074	292.6600	55.0000	739644.733552
138.5776	-5.5010	0.6074	292.6600	55.0000	739644.733552
138.6777	-5.5395	0.5151	292.6600	55.0000	739644.733552
138.7944	-5.5934	0.3859	292.6600	55.0000	739644.733552
138.8944	-5.5934	0.3859	292.6600	55.0000	739644.733552
139.0113	-5.5934	0.3859	299.9800	55.0000	739644.733552
139.1281	-5.5934	0.3859	308.5200	55.0000	739644.733552
139.2449	-5.5934	0.3859	317.0600	55.0000	739644.733552
139.3616	-5.5934	0.3859	319.5000	55.0000	739644.733552
139.4619	-5.6695	0.3209	319.5000	55.0000	739644.733552
139.5786	-5.7759	0.2300	319.5000	55.0000	739644.733552
139.6954	-5.8824	0.1391	319.5000	55.0000	739644.733552
139.7955	-5.9736	0.0612	319.5000	55.0000	739644.733552
139.9122	-6.0801	-0.0298	319.5000	55.0000	739644.733552
140.0124	-6.1713	-0.1077	319.5000	55.0000	739644.733552
