T	X	Y	HEADING	PERPSECTIVE_ANGLE	NOW_NUM
0.1246	0.0000	0.0000	45.0000	55.0000	739644.689512
0.2607	0.0000	0.0000	45.0000	55.0000	739644.689512
0.3774	0.0000	0.0000	45.0000	55.0000	739644.689512
0.4795	0.0000	0.0000	45.0000	55.0000	739644.689512
0.5941	0.0000	0.0000	45.0000	55.0000	739644.689512
0.6943	0.0000	0.0000	45.0000	55.0000	739644.689512
0.8110	0.0000	0.0000	45.0000	55.0000	739644.689512
0.9278	0.0000	0.0000	45.0000	55.0000	739644.689512
1.0446	0.0000	0.0000	45.0000	55.0000	739644.689512
1.1447	0.0000	0.0000	45.0000	55.0000	739644.689512
1.2613	0.0000	0.0000	45.0000	55.0000	739644.689512
1.3614	0.0000	0.0000	45.0000	55.0000	739644.689512
1.4616	0.0000	0.0000	45.0000	55.0000	739644.689512
1.5784	0.0000	0.0000	51.1000	55.0000	739644.689512
1.6951	0.0000	0.0000	59.6400	55.0000	739644.689512
1.7952	0.0000	0.0000	66.9600	55.0000	739644.689512
1.9119	0.0000	0.0000	75.5000	55.0000	739644.689512
2.0120	0.0000	0.0000	82.8200	55.0000	739644.689512
2.1288	0.0000	0.0000	90.1400	55.0000	739644.689512
2.2455	0.0000	0.0000	90.1400	55.0000	739644.689512
2.3460	0.0000	0.0000	90.1400	55.0000	739644.689512
2.4626	0.0000	0.0000	90.1400	55.0000	739644.689512
2.5792	0.0000	0.0000	90.1400	55.0000	739644.689512
2.6809	0.0000	0.0000	87.7000	55.0000	739644.689512
2.7972	0.0000	0.0000	79.1600	55.0000	739644.689512
2.9128	-0.0250	0.0968	75.5000	55.0000	739644.689512
3.0131	-0.0551	0.2130	75.5000	55.0000	739644.689512
3.1297	-0.0901	0.3485	75.5000	55.0000	739644.689512
3.2298	-0.1202	0.4647	75.5000	55.0000	739644.689512
3.3299	-0.1502	0.5809	75.5000	55.0000	739644.689512
3.4300	-0.1803	0.6971	75.5000	55.0000	739644.689512
3.5467	-0.2153	0.8326	75.5000	55.0000	739644.689512
3.6469	-0.2454	0.9488	75.5000	55.0000	739644.689512
3.7471	-0.2754	1.0650	75.5000	55.0000	739644.689512
3.8638	-0.3105	1.2005	75.5000	55.0000	739644.689512
3.9804	-0.3455	1.3360	75.5000	55.0000	739644.689512
4.0806	-0.3756	1.4522	75.5000	55.0000	739644.689512
4.1809	-0.4056	1.5684	75.5000	55.0000	739644.689512
4.2975	-0.4256	1.6459	75.5000	55.0000	739644.689512
4.4141	-0.4256	1.6459	75.5000	55.0000	739644.689512
4.5143	-0.4256	1.6459	75.5000	55.0000	739644.689512
4.6311	-0.4256	1.6459	75.5000	55.0000	739644.689512
4.7478	-0.4256	1.6459	75.5000	55.0000	739644.689512
4.8480	-0.4256	1.6459	75.5000	55.0000	739644.689512
4.9646	-0.4256	1.6459	75.5000	55.0000	739644.689512
5.0648	-0.4256	1.6459	75.5000	55.0000	739644.689512
5.1649	-0.4256	1.6459	75.5000	55.0000	739644.689512
5.2816	-0.4256	1.6459	69.4000	55.0000	739644.689512
5.3818	-0.4256	1.6459	68.1800	55.0000	739644.689512
5.4985	-0.4331	1.6644	68.1800	55.0000	739644.689512
5.5987	-0.4777	1.7758	68.1800	55.0000	739644.689512
5.7154	-0.4926	1.8130	68.1800	55.0000	739644.689512
5.8322	-0.4926	1.8130	68.1800	55.0000	739644.689512
5.9323	-0.4926	1.8130	74.2800	55.0000	739644.689512
6.0490	-0.4926	1.8130	82.8200	55.0000	739644.689512
6.1491	-0.4926	1.8130	90.1400	55.0000	739644.689512
6.2491	-0.4926	1.8130	91.3600	55.0000	739644.689512
6.3492	-0.4926	1.8130	91.3600	55.0000	739644.689512
6.4493	-0.4926	1.8130	91.3600	55.0000	739644.689512
6.5494	-0.4926	1.8130	91.3600	55.0000	739644.689512
6.6497	-0.4926	1.8130	91.3600	55.0000	739644.689512
6.7661	-0.4926	1.8130	85.2600	55.0000	739644.689512
6.8663	-0.4926	1.8130	81.6000	55.0000	739644.689512
6.9664	-0.4926	1.8130	81.6000	55.0000	739644.689512
7.0666	-0.4926	1.8130	81.6000	55.0000	739644.689512
7.1667	-0.4926	1.8130	81.6000	55.0000	739644.689512
7.2834	-0.5072	1.9119	81.6000	55.0000	739644.689512
7.3836	-0.5247	2.0306	81.6000	55.0000	739644.689512
7.5002	-0.5451	2.1691	81.6000	55.0000	739644.689512
7.6004	-0.5627	2.2878	81.6000	55.0000	739644.689512
7.7005	-0.5802	2.4065	81.6000	55.0000	739644.689512
7.8007	-0.5977	2.5252	81.6000	55.0000	739644.689512
7.9172	-0.6007	2.5450	81.6000	55.0000	739644.689512
8.0175	-0.6007	2.5450	81.6000	55.0000	739644.689512
8.1342	-0.6007	2.5450	81.6000	55.0000	739644.689512
8.2508	-0.6007	2.5450	76.7200	55.0000	739644.689512
8.3509	-0.6007	2.5450	71.8400	55.0000	739644.689512
8.4512	-0.6007	2.5450	71.8400	55.0000	739644.689512
8.5513	-0.6007	2.5450	71.8400	55.0000	739644.689512
8.6680	-0.6007	2.5450	71.8400	55.0000	739644.689512
8.7681	-0.6007	2.5450	71.8400	55.0000	739644.689512
8.8848	-0.6007	2.5450	71.8400	55.0000	739644.689512
8.9850	-0.6007	2.5450	71.8400	55.0000	739644.689512
9.1016	-0.6007	2.5450	69.4000	55.0000	739644.689512
9.2186	-0.6007	2.5450	62.0800	55.0000	739644.689512
9.3186	-0.6007	2.5450	62.0800	55.0000	739644.689512
9.4353	-0.6007	2.5450	62.0800	55.0000	739644.689512
9.5354	-0.6007	2.5450	62.0800	55.0000	739644.689512
9.6522	-0.6007	2.5450	62.0800	55.0000	739644.689512
9.7523	-0.6007	2.5450	62.0800	55.0000	739644.689512
9.8692	-0.6007	2.5450	62.0800	55.0000	739644.689512
9.9858	-0.6007	2.5450	62.0800	55.0000	739644.689512
10.0860	-0.6007	2.5450	62.0800	55.0000	739644.689512
10.2027	-0.6194	2.5804	62.0800	55.0000	739644.689512
10.3028	-0.6756	2.6864	62.0800	55.0000	739644.689512
10.4195	-0.7411	2.8101	62.0800	55.0000	739644.689512
10.5363	-0.8067	2.9338	62.0800	55.0000	739644.689512
10.6530	-0.8348	2.9868	62.0800	55.0000	739644.689512
10.7531	-0.8348	2.9868	62.0800	55.0000	739644.689512
10.8532	-0.8348	2.9868	62.0800	55.0000	739644.689512
10.9534	-0.8348	2.9868	64.5200	55.0000	739644.689512
11.0702	-0.8348	2.9868	69.4000	55.0000	739644.689512
11.1870	-0.8348	2.9868	69.4000	55.0000	739644.689512
11.3036	-0.8348	2.9868	62.0800	55.0000	739644.689512
11.4037	-0.8348	2.9868	54.7600	55.0000	739644.689512
11.5039	-0.8348	2.9868	47.4400	55.0000	739644.689512
11.6206	-0.8348	2.9868	38.9000	55.0000	739644.689512
11.7375	-0.8348	2.9868	38.9000	55.0000	739644.689512
11.8540	-0.9282	3.0622	38.9000	55.0000	739644.689512
11.9542	-1.0215	3.1375	38.9000	55.0000	739644.689512
12.0544	-1.1149	3.2129	38.9000	55.0000	739644.689512
12.1711	-1.2239	3.3008	38.9000	55.0000	739644.689512
12.2712	-1.2239	3.3008	45.0000	55.0000	739644.689512
12.3879	-1.2239	3.3008	53.5400	55.0000	739644.689512
12.5047	-1.2239	3.3008	59.6400	55.0000	739644.689512
12.6049	-1.2340	3.3181	59.6400	55.0000	739644.689512
12.7216	-1.3048	3.4389	59.6400	55.0000	739644.689512
12.8384	-1.3755	3.5597	59.6400	55.0000	739644.689512
12.9550	-1.4463	3.6805	59.6400	55.0000	739644.689512
13.0552	-1.5069	3.7840	59.6400	55.0000	739644.689512
13.1554	-1.5676	3.8875	59.6400	55.0000	739644.689512
13.2721	-1.5874	3.9223	66.9600	55.0000	739644.689512
13.3722	-1.5874	3.9223	74.2800	55.0000	739644.689512
13.4889	-1.5874	3.9223	82.8200	55.0000	739644.689512
13.5891	-1.5874	3.9223	90.1400	55.0000	739644.689512
13.7058	-1.5874	3.9223	96.2400	55.0000	739644.689512
13.8060	-1.5744	4.0416	96.2400	55.0000	739644.689512
13.9227	-1.5592	4.1807	96.2400	55.0000	739644.689512
14.0396	-1.5440	4.3199	96.2400	55.0000	739644.689512
14.1561	-1.5287	4.4591	96.2400	55.0000	739644.689512
14.2564	-1.5157	4.5784	96.2400	55.0000	739644.689512
14.3730	-1.5005	4.7175	96.2400	55.0000	739644.689512
14.4731	-1.4874	4.8368	96.2400	55.0000	739644.689512
14.5734	-1.4744	4.9561	96.2400	55.0000	739644.689512
14.6902	-1.4700	4.9959	96.2400	55.0000	739644.689512
14.8067	-1.4700	4.9959	87.7000	55.0000	739644.689512
14.9069	-1.4700	4.9959	80.3800	55.0000	739644.689512
15.0070	-1.4700	4.9959	73.0600	55.0000	739644.689512
15.1239	-1.4700	4.9959	64.5200	55.0000	739644.689512
15.2405	-1.4700	4.9959	55.9800	55.0000	739644.689512
15.3573	-1.4700	4.9959	47.4400	55.0000	739644.689512
15.4574	-1.5295	5.0493	40.1200	55.0000	739644.689512
15.5744	-1.6438	5.1300	31.5800	55.0000	739644.689512
15.6908	-1.7687	5.1929	23.0400	55.0000	739644.689512
15.7913	-1.8823	5.2315	15.7200	55.0000	739644.689512
15.9076	-2.0196	5.2578	7.1800	55.0000	739644.689512
16.0079	-2.0595	5.2615	3.5200	55.0000	739644.689512
16.1080	-2.0595	5.2615	3.5200	55.0000	739644.689512
16.2248	-2.0595	5.2615	3.5200	55.0000	739644.689512
16.3414	-1.9796	5.2566	3.5200	55.0000	739644.689512
16.4415	-1.8598	5.2492	3.5200	55.0000	739644.689512
16.5417	-1.7401	5.2419	3.5200	55.0000	739644.689512
16.6584	-1.6003	5.2333	3.5200	55.0000	739644.689512
16.7750	-1.4606	5.2247	3.5200	55.0000	739644.689512
16.8753	-1.3408	5.2173	3.5200	55.0000	739644.689512
16.9755	-1.2211	5.2099	3.5200	55.0000	739644.689512
17.0923	-1.0813	5.2013	3.5200	55.0000	739644.689512
17.2091	-0.9416	5.1928	3.5200	55.0000	739644.689512
17.3256	-0.8032	5.1723	12.0600	55.0000	739644.689512
17.4257	-0.6881	5.1386	19.3800	55.0000	739644.689512
17.5426	-0.5606	5.0811	27.9200	55.0000	739644.689512
17.6427	-0.4591	5.0172	35.2400	55.0000	739644.689512
17.7594	-0.3522	4.9271	43.7800	55.0000	739644.689512
17.8596	-0.2720	4.8379	51.1000	55.0000	739644.689512
17.9762	-0.1937	4.7220	59.6400	55.0000	739644.689512
18.0932	-0.1336	4.5957	68.1800	55.0000	739644.689512
18.2097	-0.1265	4.5195	76.7200	55.0000	739644.689512
18.3098	-0.1265	4.4602	84.0400	55.0000	739644.689512
18.4101	-0.1265	4.4004	85.2600	55.0000	739644.689512
18.5266	-0.1265	4.3307	85.2600	55.0000	739644.689512
18.6267	-0.1265	4.2709	85.2600	55.0000	739644.689512
18.7268	-0.1265	4.2111	85.2600	55.0000	739644.689512
18.8436	-0.1282	4.1712	85.2600	55.0000	739644.689512
18.9604	-0.1397	4.3108	85.2600	55.0000	739644.689512
19.0605	-0.1397	4.3108	85.2600	55.0000	739644.689512
19.1606	-0.1397	4.3108	85.2600	55.0000	739644.689512
19.2774	-0.1381	4.2908	85.2600	55.0000	739644.689512
19.3958	-0.1265	4.1513	85.2600	55.0000	739644.689512
19.5110	-0.1265	4.1413	85.2600	55.0000	739644.689512
19.6130	-0.1265	4.1413	85.2600	55.0000	739644.689512
19.7278	-0.1265	4.1413	85.2600	55.0000	739644.689512
19.8279	-0.1265	4.1413	85.2600	55.0000	739644.689512
19.9447	-0.1265	4.1413	85.2600	55.0000	739644.689512
20.0448	-0.1265	4.1413	85.2600	55.0000	739644.689512
20.1615	-0.1265	4.1413	85.2600	55.0000	739644.689512
20.2783	-0.1265	4.1413	85.2600	55.0000	739644.689512
20.3949	-0.1265	4.1413	85.2600	55.0000	739644.689512
20.4951	-0.1265	4.1413	82.8200	55.0000	739644.689512
20.5952	-0.1265	4.1413	75.5000	55.0000	739644.689512
20.6954	-0.1265	4.1413	68.1800	55.0000	739644.689512
20.8121	-0.1265	4.1413	59.6400	55.0000	739644.689512
20.9128	-0.1265	4.1413	52.3200	55.0000	739644.689512
21.0289	-0.1265	4.1413	43.7800	55.0000	739644.689512
21.1457	-0.1265	4.1413	35.2400	55.0000	739644.689512
21.2458	-0.1265	4.1413	27.9200	55.0000	739644.689512
21.3625	-0.1265	4.1413	19.3800	55.0000	739644.689512
21.4626	-0.1265	4.1413	12.0600	55.0000	739644.689512
21.5793	-0.1265	4.1413	3.5200	55.0000	739644.689512
21.6796	-0.1265	4.1413	-1.3600	55.0000	739644.689512
21.7963	-0.1265	4.1413	-1.3600	55.0000	739644.689512
21.8964	-0.1265	4.1413	-1.3600	55.0000	739644.689512
21.9966	-0.1265	4.1413	-1.3600	55.0000	739644.689512
22.1134	-0.1865	4.1399	-1.3600	55.0000	739644.689512
22.2301	-0.3265	4.1366	-1.3600	55.0000	739644.689512
22.3469	-0.4664	4.1333	-1.3600	55.0000	739644.689512
22.4635	-0.6064	4.1299	-1.3600	55.0000	739644.689512
22.5636	-0.6264	4.1295	-1.3600	55.0000	739644.689512
22.6805	-0.6264	4.1295	-1.3600	55.0000	739644.689512
22.7971	-0.6264	4.1295	2.3000	55.0000	739644.689512
22.8973	-0.6264	4.1295	9.6200	55.0000	739644.689512
23.0140	-0.6264	4.1295	18.1600	55.0000	739644.689512
23.1141	-0.6264	4.1295	25.4800	55.0000	739644.689512
23.2142	-0.6264	4.1295	32.8000	55.0000	739644.689512
23.3142	-0.6264	4.1295	40.1200	55.0000	739644.689512
23.4310	-0.6264	4.1295	48.6600	55.0000	739644.689512
23.5477	-0.6264	4.1295	57.2000	55.0000	739644.689512
23.6478	-0.6264	4.1295	64.5200	55.0000	739644.689512
23.7479	-0.6264	4.1295	71.8400	55.0000	739644.689512
23.8481	-0.6264	4.1295	74.2800	55.0000	739644.689512
23.9482	-0.6264	4.1295	74.2800	55.0000	739644.689512
24.0650	-0.6426	4.1872	74.2800	55.0000	739644.689512
24.1816	-0.6806	4.3220	74.2800	55.0000	739644.689512
24.2818	-0.7131	4.4375	74.2800	55.0000	739644.689512
24.3819	-0.7456	4.5530	74.2800	55.0000	739644.689512
24.4986	-0.7835	4.6878	74.2800	55.0000	739644.689512
24.5988	-0.8160	4.8033	74.2800	55.0000	739644.689512
24.7154	-0.8540	4.9380	74.2800	55.0000	739644.689512
24.8156	-0.8762	5.0449	74.2800	55.0000	739644.689512
24.9156	-0.9087	5.1604	74.2800	55.0000	739644.689512
25.0323	-0.9141	5.1797	73.0600	55.0000	739644.689512
25.1326	-0.9141	5.1797	65.7400	55.0000	739644.689512
25.2492	-0.9141	5.1797	57.2000	55.0000	739644.689512
25.3494	-0.9141	5.1797	49.8800	55.0000	739644.689512
25.4494	-0.9141	5.1797	45.0000	55.0000	739644.689512
25.5663	-1.0131	5.2787	45.0000	55.0000	739644.689512
25.6665	-1.0980	5.3635	45.0000	55.0000	739644.689512
25.7831	-1.1970	5.4625	45.0000	55.0000	739644.689512
25.8832	-1.2818	5.5474	45.0000	55.0000	739644.689512
26.0000	-1.2960	5.5615	42.5600	55.0000	739644.689512
26.1000	-1.2960	5.5615	35.2400	55.0000	739644.689512
26.2002	-1.2960	5.5615	27.9200	55.0000	739644.689512
26.3169	-1.2960	5.5615	19.3800	55.0000	739644.689512
26.4337	-1.3156	5.5653	10.8400	55.0000	739644.689512
26.5504	-1.4547	5.5798	2.3000	55.0000	739644.689512
26.6505	-1.5746	5.5757	-5.0200	55.0000	739644.689512
26.7507	-1.6929	5.5563	-12.3400	55.0000	739644.689512
26.8674	-1.7901	5.5329	-13.5600	55.0000	739644.689512
26.9675	-1.7901	5.5329	-13.5600	55.0000	739644.689512
27.0843	-1.7901	5.5329	-13.5600	55.0000	739644.689512
27.1844	-1.7901	5.5329	-13.5600	55.0000	739644.689512
27.3012	-1.7901	5.5329	-13.5600	55.0000	739644.689512
27.4180	-1.7318	5.5469	-13.5600	55.0000	739644.689512
27.5181	-1.6151	5.5751	-13.5600	55.0000	739644.689512
27.6349	-1.4790	5.6079	-13.5600	55.0000	739644.689512
27.7517	-1.3429	5.6407	-13.5600	55.0000	739644.689512
27.8518	-1.2263	5.6688	-13.5600	55.0000	739644.689512
27.9684	-1.1291	5.6923	-13.5600	55.0000	739644.689512
28.0853	-1.1291	5.6923	-13.5600	55.0000	739644.689512
28.1854	-1.1291	5.6923	-20.8800	55.0000	739644.689512
28.3020	-1.1291	5.6923	-29.4200	55.0000	739644.689512
28.4022	-1.1291	5.6923	-31.8600	55.0000	739644.689512
28.5189	-1.1291	5.6923	-31.8600	55.0000	739644.689512
28.6356	-1.1291	5.6923	-36.7400	55.0000	739644.689512
28.7358	-1.1291	5.6923	-36.7400	55.0000	739644.689512
28.8525	-1.1291	5.6923	-36.7400	55.0000	739644.689512
28.9527	-1.1291	5.6923	-36.7400	55.0000	739644.689512
29.0694	-1.1291	5.6923	-36.7400	55.0000	739644.689512
29.1861	-1.1291	5.6923	-36.7400	55.0000	739644.689512
29.2863	-1.1291	5.6923	-36.7400	55.0000	739644.689512
29.4031	-1.1291	5.6923	-36.7400	55.0000	739644.689512
29.5198	-1.1291	5.6923	-31.8600	55.0000	739644.689512
29.6366	-1.1291	5.6923	-23.3200	55.0000	739644.689512
29.7368	-1.1291	5.6923	-23.3200	55.0000	739644.689512
29.8533	-1.1291	5.6923	-28.2000	55.0000	739644.689512
29.9536	-1.1291	5.6923	-35.5200	55.0000	739644.689512
30.0537	-1.1291	5.6923	-42.8400	55.0000	739644.689512
30.1704	-1.1291	5.6923	-51.3800	55.0000	739644.689512
30.2873	-1.1291	5.6923	-59.9200	55.0000	739644.689512
30.3874	-1.1291	5.6923	-67.2400	55.0000	739644.689512
30.5041	-1.1291	5.6923	-73.3400	55.0000	739644.689512
30.6208	-1.1348	5.6731	-73.3400	55.0000	739644.689512
30.7210	-1.1577	5.5965	-73.3400	55.0000	739644.689512
30.8376	-1.1807	5.5199	-73.3400	55.0000	739644.689512
30.9379	-1.2151	5.4049	-73.3400	55.0000	739644.689512
31.0545	-1.2552	5.2708	-73.3400	55.0000	739644.689512
31.1714	-1.2954	5.1366	-73.3400	55.0000	739644.689512
31.2715	-1.3298	5.0217	-73.3400	55.0000	739644.689512
31.3882	-1.3699	4.8876	-73.3400	55.0000	739644.689512
31.5049	-1.4088	4.7531	-75.7800	55.0000	739644.689512
31.6216	-1.4088	4.7531	-84.3200	55.0000	739644.689512
31.7217	-1.4088	4.7531	-91.6400	55.0000	739644.689512
31.8218	-1.4088	4.7531	-98.9600	55.0000	739644.689512
31.9386	-1.4088	4.7531	-107.5000	55.0000	739644.689512
32.0555	-1.4088	4.7531	-116.0400	55.0000	739644.689512
32.1721	-1.4088	4.7531	-119.7000	55.0000	739644.689512
32.2723	-1.4088	4.7531	-119.7000	55.0000	739644.689512
32.3725	-1.4088	4.7531	-119.7000	55.0000	739644.689512
32.4905	-1.4088	4.7531	-119.7000	55.0000	739644.689512
32.6059	-1.4088	4.7531	-114.8200	55.0000	739644.689512
32.7226	-1.4088	4.7531	-106.2800	55.0000	739644.689512
32.8227	-1.4088	4.7531	-98.9600	55.0000	739644.689512
32.9229	-1.4088	4.7531	-98.9600	55.0000	739644.689512
33.0396	-1.3963	4.6741	-98.9600	55.0000	739644.689512
33.1397	-1.3777	4.5555	-98.9600	55.0000	739644.689512
33.2564	-1.3559	4.4172	-98.9600	55.0000	739644.689512
33.3734	-1.3340	4.2789	-98.9600	55.0000	739644.689512
33.4901	-1.3122	4.1407	-98.9600	55.0000	739644.689512
33.6068	-1.2904	4.0024	-98.9600	55.0000	739644.689512
33.7234	-1.2686	3.8641	-98.9600	55.0000	739644.689512
33.8402	-1.2426	3.7266	-103.8400	55.0000	739644.689512
33.9571	-1.1978	3.5941	-112.3800	55.0000	739644.689512
34.0572	-1.1440	3.4869	-119.7000	55.0000	739644.689512
34.1738	-1.0646	3.3718	-128.2400	55.0000	739644.689512
34.2740	-0.9835	3.2834	-135.5600	55.0000	739644.689512
34.3908	-0.8757	3.1943	-144.1000	55.0000	739644.689512
34.5075	-0.8099	3.1488	-142.8800	55.0000	739644.689512
34.6076	-0.8099	3.1488	-135.5600	55.0000	739644.689512
34.7080	-0.8099	3.1488	-128.2400	55.0000	739644.689512
34.8244	-0.7451	3.0479	-119.7000	55.0000	739644.689512
34.9413	-0.6863	2.9209	-111.1600	55.0000	739644.689512
35.0415	-0.6511	2.8063	-105.0600	55.0000	739644.689512
35.1417	-0.6199	2.6904	-105.0600	55.0000	739644.689512
35.2418	-0.5887	2.5745	-105.0600	55.0000	739644.689512
35.3419	-0.5575	2.4587	-105.0600	55.0000	739644.689512
35.4585	-0.5212	2.3235	-105.0600	55.0000	739644.689512
35.5590	-0.4912	2.2073	-102.6200	55.0000	739644.689512
35.6755	-0.4757	2.1086	-94.0800	55.0000	739644.689512
35.7922	-0.4757	2.1086	-85.5400	55.0000	739644.689512
35.8923	-0.4919	2.0099	-78.2200	55.0000	739644.689512
35.9924	-0.5250	1.8947	-70.9000	55.0000	739644.689512
36.1092	-0.5819	1.7669	-62.3600	55.0000	739644.689512
36.2093	-0.6453	1.6651	-55.0400	55.0000	739644.689512
36.3260	-0.7349	1.5577	-46.5000	55.0000	739644.689512
36.4429	-0.8394	1.4648	-37.9600	55.0000	739644.689512
36.5596	-0.9566	1.3884	-29.4200	55.0000	739644.689512
36.6763	-1.0839	1.3303	-20.8800	55.0000	739644.689512
36.7765	-1.1988	1.2961	-13.5600	55.0000	739644.689512
36.8934	-1.3371	1.2750	-5.0200	55.0000	739644.689512
37.0101	-1.4769	1.2746	3.5200	55.0000	739644.689512
37.1102	-1.5960	1.2896	8.4000	55.0000	739644.689512
37.2269	-1.6949	1.3042	8.4000	55.0000	739644.689512
37.3459	-1.8334	1.3247	8.4000	55.0000	739644.689512
37.4603	-1.9719	1.3451	8.4000	55.0000	739644.689512
37.5605	-2.0906	1.3626	8.4000	55.0000	739644.689512
37.6773	-2.2291	1.3831	8.4000	55.0000	739644.689512
37.7776	-2.3478	1.4006	8.4000	55.0000	739644.689512
37.8942	-2.4863	1.4211	8.4000	55.0000	739644.689512
37.9943	-2.5259	1.4269	8.4000	55.0000	739644.689512
38.1111	-2.5259	1.4269	8.4000	55.0000	739644.689512
38.2112	-2.5061	1.4240	8.4000	55.0000	739644.689512
38.3278	-2.3676	1.4035	8.4000	55.0000	739644.689512
38.4289	-2.2489	1.3860	8.4000	55.0000	739644.689512
38.5291	-2.1302	1.3685	8.4000	55.0000	739644.689512
38.6447	-1.9917	1.3480	8.4000	55.0000	739644.689512
38.7449	-1.8730	1.3305	8.4000	55.0000	739644.689512
38.8457	-1.7543	1.3130	8.4000	55.0000	739644.689512
38.9617	-1.6158	1.2925	8.4000	55.0000	739644.689512
39.0619	-1.4970	1.2750	8.4000	55.0000	739644.689512
39.1786	-1.3585	1.2545	8.4000	55.0000	739644.689512
39.2787	-1.2398	1.2370	8.4000	55.0000	739644.689512
39.3954	-1.1013	1.2166	8.4000	55.0000	739644.689512
39.4956	-0.9826	1.1990	8.4000	55.0000	739644.689512
39.5956	-0.8639	1.1815	8.4000	55.0000	739644.689512
39.7123	-0.7254	1.1611	8.4000	55.0000	739644.689512
39.8124	-0.6067	1.1435	8.4000	55.0000	739644.689512
39.9125	-0.4878	1.1273	5.9600	55.0000	739644.689512
40.0127	-0.3680	1.1237	-1.3600	55.0000	739644.689512
40.1295	-0.2289	1.1389	-9.9000	55.0000	739644.689512
40.2296	-0.1317	1.1653	-17.2200	55.0000	739644.689512
40.3464	-0.1317	1.1916	-25.7600	55.0000	739644.689512
40.4630	-0.1317	1.2273	-34.3000	55.0000	739644.689512
40.5632	-0.1317	1.2647	-41.6200	55.0000	739644.689512
40.6632	-0.1317	1.3077	-48.9400	55.0000	739644.689512
40.7634	-0.1317	1.3557	-56.2600	55.0000	739644.689512
40.8800	-0.1317	1.4170	-64.8000	55.0000	739644.689512
40.9802	-0.1252	1.4824	-72.1200	55.0000	739644.689512
41.0969	-0.1252	1.5506	-80.6600	55.0000	739644.689512
41.1973	-0.1252	1.6103	-87.9800	55.0000	739644.689512
41.3141	-0.1252	1.6103	-87.9800	55.0000	739644.689512
41.4141	-0.1273	1.5503	-87.9800	55.0000	739644.689512
41.5155	-0.1315	1.4304	-87.9800	55.0000	739644.689512
41.6322	-0.1365	1.2905	-87.9800	55.0000	739644.689512
41.7323	-0.1407	1.1706	-87.9800	55.0000	739644.689512
41.8491	-0.1456	1.0307	-87.9800	55.0000	739644.689512
41.9493	-0.1499	0.9107	-87.9800	55.0000	739644.689512
42.0659	-0.1548	0.7708	-87.9800	55.0000	739644.689512
42.1663	-0.1573	0.7109	-83.1000	55.0000	739644.689512
42.2829	-0.1573	0.7109	-74.5600	55.0000	739644.689512
42.3995	-0.1573	0.7109	-66.0200	55.0000	739644.689512
42.4996	-0.1573	0.7109	-62.3600	55.0000	739644.689512
42.5997	-0.1573	0.7109	-62.3600	55.0000	739644.689512
42.6999	-0.1573	0.7109	-63.5800	55.0000	739644.689512
42.8001	-0.1573	0.7109	-70.9000	55.0000	739644.689512
42.9168	-0.1573	0.7109	-79.4400	55.0000	739644.689512
43.0335	-0.1573	0.7109	-87.9800	55.0000	739644.689512
43.1336	-0.1573	0.7109	-95.3000	55.0000	739644.689512
43.2505	-0.1573	0.7109	-95.3000	55.0000	739644.689512
43.3671	-0.1444	0.5715	-95.3000	55.0000	739644.689512
43.4672	-0.1333	0.4520	-95.3000	55.0000	739644.689512
43.5674	-0.1241	0.3524	-95.3000	55.0000	739644.689512
43.6840	-0.1241	0.3524	-95.3000	55.0000	739644.689512
43.7842	-0.1241	0.3524	-95.3000	55.0000	739644.689512
43.9010	-0.1241	0.3524	-95.3000	55.0000	739644.689512
44.0177	-0.1241	0.3524	-90.4200	55.0000	739644.689512
44.1178	-0.1241	0.3524	-90.4200	55.0000	739644.689512
44.2353	-0.1247	0.4324	-90.4200	55.0000	739644.689512
44.3370	-0.1256	0.5524	-90.4200	55.0000	739644.689512
44.4527	-0.1266	0.6924	-90.4200	55.0000	739644.689512
44.5695	-0.1276	0.8324	-90.4200	55.0000	739644.689512
44.6697	-0.1285	0.9524	-90.4200	55.0000	739644.689512
44.7863	-0.1294	1.0724	-90.4200	55.0000	739644.689512
44.8865	-0.1294	1.0724	-90.4200	55.0000	739644.689512
45.0032	-0.1294	1.0724	-90.4200	55.0000	739644.689512
45.1200	-0.1294	1.0724	-96.5200	55.0000	739644.689512
45.2366	-0.1294	1.0724	-96.5200	55.0000	739644.689512
45.3368	-0.1294	1.0724	-96.5200	55.0000	739644.689512
45.4370	-0.1294	1.0724	-92.8600	55.0000	739644.689512
45.5537	-0.1294	1.0724	-84.3200	55.0000	739644.689512
45.6706	-0.1294	1.0724	-75.7800	55.0000	739644.689512
45.7706	-0.1294	1.0724	-68.4600	55.0000	739644.689512
45.8873	-0.1294	1.0724	-59.9200	55.0000	739644.689512
46.0041	-0.1294	1.0724	-51.3800	55.0000	739644.689512
46.1056	-0.1294	1.0724	-47.7200	55.0000	739644.689512
46.2210	-0.1294	1.0724	-47.7200	55.0000	739644.689512
46.3212	-0.1294	1.0724	-47.7200	55.0000	739644.689512
46.4379	-0.1294	1.0724	-47.7200	55.0000	739644.689512
46.5545	-0.1294	1.1168	-47.7200	55.0000	739644.689512
46.6547	-0.1294	1.1390	-47.7200	55.0000	739644.689512
46.7548	-0.1294	1.1390	-47.7200	55.0000	739644.689512
46.8549	-0.1294	1.1686	-47.7200	55.0000	739644.689512
46.9716	-0.1294	1.2204	-47.7200	55.0000	739644.689512
47.0884	-0.1294	1.2722	-47.7200	55.0000	739644.689512
47.1885	-0.1294	1.3166	-47.7200	55.0000	739644.689512
47.3053	-0.1294	1.3683	-47.7200	55.0000	739644.689512
47.4232	-0.1294	1.4201	-47.7200	55.0000	739644.689512
47.5388	-0.1294	1.4719	-47.7200	55.0000	739644.689512
47.6389	-0.1294	1.5163	-47.7200	55.0000	739644.689512
47.7558	-0.1294	1.5681	-47.7200	55.0000	739644.689512
47.8723	-0.1294	1.6199	-47.7200	55.0000	739644.689512
47.9726	-0.1294	1.6643	-47.7200	55.0000	739644.689512
48.0893	-0.1294	1.7161	-47.7200	55.0000	739644.689512
48.1895	-0.1294	1.7605	-47.7200	55.0000	739644.689512
48.3063	-0.1294	1.8123	-47.7200	55.0000	739644.689512
48.4228	-0.1294	1.8641	-47.7200	55.0000	739644.689512
48.5232	-0.1294	1.9085	-47.7200	55.0000	739644.689512
48.6397	-0.1294	1.9602	-47.7200	55.0000	739644.689512
48.7398	-0.1294	2.0046	-47.7200	55.0000	739644.689512
48.8589	-0.1294	2.0564	-47.7200	55.0000	739644.689512
48.9733	-0.1294	2.1082	-47.7200	55.0000	739644.689512
49.0736	-0.1294	2.1526	-47.7200	55.0000	739644.689512
49.1901	-0.1294	2.2044	-47.7200	55.0000	739644.689512
49.2904	-0.1294	2.2488	-47.7200	55.0000	739644.689512
49.3905	-0.1294	2.2932	-47.7200	55.0000	739644.689512
49.5073	-0.1294	2.3450	-47.7200	55.0000	739644.689512
49.6238	-0.1294	2.3968	-47.7200	55.0000	739644.689512
49.7242	-0.1294	2.4412	-47.7200	55.0000	739644.689512
49.8408	-0.1294	2.4929	-47.7200	55.0000	739644.689512
49.9435	-0.1294	2.5373	-47.7200	55.0000	739644.689512
50.0577	-0.1294	2.5929	-56.2600	55.0000	739644.689512
50.1591	-0.1294	2.5929	-63.5800	55.0000	739644.689512
50.2592	-0.1294	2.5929	-70.9000	55.0000	739644.689512
50.3753	-0.1294	2.5929	-79.4400	55.0000	739644.689512
50.4918	-0.1294	2.5929	-79.4400	55.0000	739644.689512
50.6084	-0.1294	2.5929	-79.4400	55.0000	739644.689512
50.7088	-0.1294	2.5929	-79.4400	55.0000	739644.689512
50.8251	-0.1257	2.6322	-79.4400	55.0000	739644.689512
50.9253	-0.1257	2.6912	-79.4400	55.0000	739644.689512
51.0422	-0.1257	2.7600	-79.4400	55.0000	739644.689512
51.1586	-0.1257	2.8288	-79.4400	55.0000	739644.689512
51.2587	-0.1257	2.8878	-79.4400	55.0000	739644.689512
51.3587	-0.1257	2.9468	-79.4400	55.0000	739644.689512
51.4589	-0.1257	3.0058	-79.4400	55.0000	739644.689512
51.5591	-0.1257	3.0648	-79.4400	55.0000	739644.689512
51.6759	-0.1257	3.1336	-79.4400	55.0000	739644.689512
51.7925	-0.1257	3.2024	-79.4400	55.0000	739644.689512
51.9092	-0.1257	3.2712	-79.4400	55.0000	739644.689512
52.0093	-0.1257	3.3302	-79.4400	55.0000	739644.689512
52.1260	-0.1257	3.3990	-79.4400	55.0000	739644.689512
52.2263	-0.1257	3.4580	-79.4400	55.0000	739644.689512
52.3430	-0.1257	3.5268	-79.4400	55.0000	739644.689512
52.4431	-0.1257	3.5858	-79.4400	55.0000	739644.689512
52.5433	-0.1257	3.6448	-79.4400	55.0000	739644.689512
52.6599	-0.1257	3.7136	-79.4400	55.0000	739644.689512
52.7600	-0.1257	3.7726	-79.4400	55.0000	739644.689512
52.8623	-0.1257	3.8316	-79.4400	55.0000	739644.689512
52.9768	-0.1257	3.8610	-79.4400	55.0000	739644.689512
53.0769	-0.1257	3.8610	-79.4400	55.0000	739644.689512
53.1771	-0.1257	3.8610	-79.4400	55.0000	739644.689512
53.2938	-0.1257	3.8610	-79.4400	55.0000	739644.689512
53.3939	-0.1257	3.8610	-79.4400	55.0000	739644.689512
53.5107	-0.1257	3.8610	-79.4400	55.0000	739644.689512
53.6108	-0.1257	3.8610	-79.4400	55.0000	739644.689512
53.7275	-0.1257	3.8610	-79.4400	55.0000	739644.689512
53.8276	-0.1367	3.8021	-79.4400	55.0000	739644.689512
53.9278	-0.1587	3.6841	-79.4400	55.0000	739644.689512
54.0279	-0.1807	3.5661	-79.4400	55.0000	739644.689512
54.1446	-0.2063	3.4285	-79.4400	55.0000	739644.689512
54.2448	-0.2283	3.3105	-79.4400	55.0000	739644.689512
54.3450	-0.2503	3.1926	-79.4400	55.0000	739644.689512
54.4622	-0.2760	3.0549	-79.4400	55.0000	739644.689512
54.5784	-0.3016	2.9173	-79.4400	55.0000	739644.689512
54.6784	-0.3236	2.7993	-79.4400	55.0000	739644.689512
54.7785	-0.3456	2.6814	-79.4400	55.0000	739644.689512
54.8786	-0.3676	2.5634	-79.4400	55.0000	739644.689512
54.9787	-0.3896	2.4454	-79.4400	55.0000	739644.689512
55.0954	-0.4153	2.3078	-79.4400	55.0000	739644.689512
55.1955	-0.4373	2.1898	-79.4400	55.0000	739644.689512
55.3123	-0.4629	2.0522	-79.4400	55.0000	739644.689512
55.4123	-0.4849	1.9342	-79.4400	55.0000	739644.689512
55.5124	-0.5069	1.8163	-79.4400	55.0000	739644.689512
55.6125	-0.5289	1.6983	-79.4400	55.0000	739644.689512
55.7127	-0.5509	1.5803	-79.4400	55.0000	739644.689512
55.8293	-0.5765	1.4427	-79.4400	55.0000	739644.689512
55.9294	-0.5985	1.3247	-79.4400	55.0000	739644.689512
56.0295	-0.6169	1.2264	-79.4400	55.0000	739644.689512
56.1297	-0.6169	1.2264	-84.3200	55.0000	739644.689512
56.2298	-0.6169	1.2264	-91.6400	55.0000	739644.689512
56.3465	-0.6169	1.2264	-100.1800	55.0000	739644.689512
56.4633	-0.6169	1.2264	-101.4000	55.0000	739644.689512
56.5633	-0.6169	1.2264	-101.4000	55.0000	739644.689512
56.6635	-0.5931	1.1088	-101.4000	55.0000	739644.689512
56.7637	-0.5813	1.0500	-101.4000	55.0000	739644.689512
56.8803	-0.5813	1.0500	-101.4000	55.0000	739644.689512
56.9805	-0.5813	1.0500	-101.4000	55.0000	739644.689512
57.0807	-0.5813	1.0500	-101.4000	55.0000	739644.689512
57.1974	-0.5813	1.0500	-101.4000	55.0000	739644.689512
57.2975	-0.5813	1.0500	-101.4000	55.0000	739644.689512
57.4143	-0.5813	1.0500	-101.4000	55.0000	739644.689512
57.5165	-0.5615	0.9520	-101.4000	55.0000	739644.689512
57.6330	-0.5615	0.9520	-101.4000	55.0000	739644.689512
57.7331	-0.5655	0.9716	-101.4000	55.0000	739644.689512
57.8503	-0.5931	1.1088	-101.4000	55.0000	739644.689512
57.9669	-0.6208	1.2460	-101.4000	55.0000	739644.689512
58.0672	-0.6445	1.3637	-101.4000	55.0000	739644.689512
58.1842	-0.6722	1.5009	-101.4000	55.0000	739644.689512
58.3005	-0.6999	1.6382	-101.4000	55.0000	739644.689512
58.4008	-0.7236	1.7558	-101.4000	55.0000	739644.689512
58.5174	-0.7513	1.8930	-101.4000	55.0000	739644.689512
58.6175	-0.7750	2.0107	-101.4000	55.0000	739644.689512
58.7343	-0.8027	2.1479	-101.4000	55.0000	739644.689512
58.8344	-0.8264	2.2655	-101.4000	55.0000	739644.689512
58.9345	-0.8501	2.3832	-101.4000	55.0000	739644.689512
59.0354	-0.8738	2.5008	-101.4000	55.0000	739644.689512
59.1359	-0.8975	2.6184	-101.4000	55.0000	739644.689512
59.2360	-0.9212	2.7361	-101.4000	55.0000	739644.689512
59.3361	-0.9212	2.7361	-101.4000	55.0000	739644.689512
59.4362	-0.9212	2.7361	-101.4000	55.0000	739644.689512
59.5363	-0.9212	2.7361	-96.5200	55.0000	739644.689512
59.6364	-0.9212	2.7361	-89.2000	55.0000	739644.689512
59.7365	-0.9212	2.7361	-81.8800	55.0000	739644.689512
59.8366	-0.9212	2.7361	-81.8800	55.0000	739644.689512
59.9368	-0.9212	2.7361	-81.8800	55.0000	739644.689512
60.0534	-0.9212	2.7361	-78.2200	55.0000	739644.689512
60.1535	-0.9212	2.7361	-70.9000	55.0000	739644.689512
60.2563	-0.9212	2.7361	-63.5800	55.0000	739644.689512
60.3726	-0.9212	2.7361	-55.0400	55.0000	739644.689512
60.4729	-0.9212	2.7361	-47.7200	55.0000	739644.689512
60.5894	-0.9212	2.7361	-39.1800	55.0000	739644.689512
60.7061	-0.9212	2.7361	-30.6400	55.0000	739644.689512
60.8062	-0.9212	2.7361	-23.3200	55.0000	739644.689512
60.9230	-0.9212	2.7361	-14.7800	55.0000	739644.689512
61.0398	-0.9212	2.7361	-8.6800	55.0000	739644.689512
61.1565	-0.9212	2.7361	-8.6800	55.0000	739644.689512
61.2566	-0.9212	2.7361	-8.6800	55.0000	739644.689512
61.3568	-0.9212	2.7361	-8.6800	55.0000	739644.689512
61.4735	-0.9608	2.7300	-8.6800	55.0000	739644.689512
61.5902	-1.0992	2.7089	-8.6800	55.0000	739644.689512
61.6904	-1.2178	2.6908	-8.6800	55.0000	739644.689512
61.8072	-1.3562	2.6697	-8.6800	55.0000	739644.689512
61.9239	-1.4946	2.6485	-8.6800	55.0000	739644.689512
62.0241	-1.6132	2.6304	-8.6800	55.0000	739644.689512
62.1407	-1.7319	2.6123	-8.6800	55.0000	739644.689512
62.2578	-1.7319	2.6123	-1.3600	55.0000	739644.689512
62.3741	-1.7319	2.6123	7.1800	55.0000	739644.689512
62.4749	-1.7319	2.6123	14.5000	55.0000	739644.689512
62.5913	-1.7319	2.6123	23.0400	55.0000	739644.689512
62.7079	-1.7503	2.6201	23.0400	55.0000	739644.689512
62.8082	-1.8607	2.6671	23.0400	55.0000	739644.689512
62.9247	-1.9895	2.7219	23.0400	55.0000	739644.689512
63.0248	-2.0999	2.7689	23.0400	55.0000	739644.689512
63.1249	-2.2104	2.8158	23.0400	55.0000	739644.689512
63.2418	-2.2651	2.8405	30.3600	55.0000	739644.689512
63.3586	-2.2651	2.8405	38.9000	55.0000	739644.689512
63.4753	-2.2651	2.8405	47.4400	55.0000	739644.689512
63.5754	-2.2651	2.8405	53.5400	55.0000	739644.689512
63.6921	-2.3245	2.9209	53.5400	55.0000	739644.689512
63.7922	-2.3958	3.0174	53.5400	55.0000	739644.689512
63.9089	-2.4790	3.1300	53.5400	55.0000	739644.689512
64.0258	-2.5622	3.2426	53.5400	55.0000	739644.689512
64.1259	-2.6335	3.3391	53.5400	55.0000	739644.689512
64.2425	-2.7167	3.4517	53.5400	55.0000	739644.689512
64.3427	-2.7880	3.5482	53.5400	55.0000	739644.689512
64.4595	-2.8722	3.6600	51.1000	55.0000	739644.689512
64.5763	-2.9257	3.7195	42.5600	55.0000	739644.689512
64.6768	-2.9257	3.7195	35.2400	55.0000	739644.689512
64.7931	-2.9257	3.7195	26.7000	55.0000	739644.689512
64.8932	-3.0150	3.7645	26.7000	55.0000	739644.689512
65.0100	-3.1401	3.8274	26.7000	55.0000	739644.689512
65.1266	-3.2652	3.8903	26.7000	55.0000	739644.689512
65.2268	-3.3724	3.9442	26.7000	55.0000	739644.689512
65.3269	-3.4796	3.9981	26.7000	55.0000	739644.689512
65.4435	-3.6047	4.0610	26.7000	55.0000	739644.689512
65.5604	-3.7303	4.1228	24.2600	55.0000	739644.689512
65.6772	-3.7303	4.1228	15.7200	55.0000	739644.689512
65.7940	-3.7303	4.1228	7.1800	55.0000	739644.689512
65.9106	-3.7303	4.1228	-1.3600	55.0000	739644.689512
66.0108	-3.7303	4.1228	-8.6800	55.0000	739644.689512
66.1110	-3.7303	4.1228	-9.9000	55.0000	739644.689512
66.2277	-3.7303	4.1228	-9.9000	55.0000	739644.689512
66.3445	-3.7303	4.1228	-5.0200	55.0000	739644.689512
66.4445	-3.7303	4.1228	2.3000	55.0000	739644.689512
66.5611	-3.7303	4.1228	8.4000	55.0000	739644.689512
66.6612	-3.8094	4.1345	8.4000	55.0000	739644.689512
66.7782	-3.9479	4.1549	8.4000	55.0000	739644.689512
66.8790	-4.0666	4.1724	8.4000	55.0000	739644.689512
66.9950	-4.2051	4.1929	8.4000	55.0000	739644.689512
67.0951	-4.2051	4.1929	3.5200	55.0000	739644.689512
67.2119	-4.2051	4.1929	-5.0200	55.0000	739644.689512
67.3288	-4.2051	4.1929	-13.5600	55.0000	739644.689512
67.4454	-4.2051	4.1929	-22.1000	55.0000	739644.689512
67.5622	-4.2051	4.1929	-30.6400	55.0000	739644.689512
67.6623	-4.2051	4.1929	-37.9600	55.0000	739644.689512
67.7791	-4.2051	4.1929	-42.8400	55.0000	739644.689512
67.8792	-4.2051	4.1929	-42.8400	55.0000	739644.689512
67.9959	-4.2051	4.1929	-42.8400	55.0000	739644.689512
68.0960	-4.2051	4.1929	-48.9400	55.0000	739644.689512
68.2128	-4.2051	4.1929	-57.4800	55.0000	739644.689512
68.3130	-4.2051	4.1929	-64.8000	55.0000	739644.689512
68.4297	-4.2051	4.1929	-73.3400	55.0000	739644.689512
68.5298	-4.2051	4.1929	-80.6600	55.0000	739644.689512
68.6465	-4.2051	4.1929	-89.2000	55.0000	739644.689512
68.7633	-4.2045	4.1129	-90.4200	55.0000	739644.689512
68.8634	-4.2037	3.9929	-90.4200	55.0000	739644.689512
68.9803	-4.2026	3.8529	-90.4200	55.0000	739644.689512
69.0969	-4.2016	3.7129	-90.4200	55.0000	739644.689512
69.1971	-4.2007	3.5929	-90.4200	55.0000	739644.689512
69.3137	-4.1997	3.4529	-90.4200	55.0000	739644.689512
69.4139	-4.1988	3.3329	-90.4200	55.0000	739644.689512
69.5307	-4.1978	3.1929	-90.4200	55.0000	739644.689512
69.6473	-4.1968	3.0529	-90.4200	55.0000	739644.689512
69.7474	-4.1959	2.9329	-90.4200	55.0000	739644.689512
69.8643	-4.1949	2.7929	-90.4200	55.0000	739644.689512
69.9644	-4.1940	2.6729	-90.4200	55.0000	739644.689512
70.0810	-4.1930	2.5329	-90.4200	55.0000	739644.689512
70.1813	-4.1921	2.4129	-90.4200	55.0000	739644.689512
70.2814	-4.1912	2.2929	-90.4200	55.0000	739644.689512
70.3982	-4.1902	2.1529	-90.4200	55.0000	739644.689512
70.5149	-4.1891	2.0129	-90.4200	55.0000	739644.689512
70.6149	-4.1883	1.8929	-90.4200	55.0000	739644.689512
70.7316	-4.1872	1.7529	-90.4200	55.0000	739644.689512
70.8486	-4.1862	1.6130	-90.4200	55.0000	739644.689512
70.9651	-4.1853	1.4930	-90.4200	55.0000	739644.689512
71.0653	-4.1845	1.3730	-90.4200	55.0000	739644.689512
71.1657	-4.1842	1.3330	-86.7600	55.0000	739644.689512
71.2823	-4.1842	1.3330	-78.2200	55.0000	739644.689512
71.3823	-4.1842	1.3330	-70.9000	55.0000	739644.689512
71.4990	-4.1842	1.3330	-62.3600	55.0000	739644.689512
71.5991	-4.1842	1.3330	-55.0400	55.0000	739644.689512
71.7159	-4.1842	1.3330	-46.5000	55.0000	739644.689512
71.8327	-4.1842	1.3330	-37.9600	55.0000	739644.689512
71.9494	-4.2007	1.3217	-34.3000	55.0000	739644.689512
72.0495	-4.2998	1.2541	-34.3000	55.0000	739644.689512
72.1495	-4.3989	1.1864	-34.3000	55.0000	739644.689512
72.2664	-4.4650	1.1414	-34.3000	55.0000	739644.689512
72.3833	-4.4650	1.1414	-37.9600	55.0000	739644.689512
72.4834	-4.4650	1.1414	-45.2800	55.0000	739644.689512
72.6001	-4.4650	1.1414	-53.8200	55.0000	739644.689512
72.7167	-4.4743	1.1236	-62.3600	55.0000	739644.689512
72.8169	-4.5242	1.0145	-66.0200	55.0000	739644.689512
72.9336	-4.5811	0.8866	-66.0200	55.0000	739644.689512
73.0338	-4.6299	0.7770	-66.0200	55.0000	739644.689512
73.1506	-4.6636	0.7044	-59.9200	55.0000	739644.689512
73.2673	-4.6636	0.7044	-51.3800	55.0000	739644.689512
73.3841	-4.6636	0.7044	-42.8400	55.0000	739644.689512
73.4842	-4.6799	0.6928	-35.5200	55.0000	739644.689512
73.5843	-4.7775	0.6231	-35.5200	55.0000	739644.689512
73.7010	-4.8915	0.5418	-35.5200	55.0000	739644.689512
73.8011	-4.9891	0.4720	-35.5200	55.0000	739644.689512
73.9179	-5.1031	0.3907	-35.5200	55.0000	739644.689512
74.0346	-5.1534	0.3580	-26.9800	55.0000	739644.689512
74.1348	-5.1534	0.3580	-19.6600	55.0000	739644.689512
74.2514	-5.1534	0.3580	-11.1200	55.0000	739644.689512
74.3682	-5.1534	0.3580	-2.5800	55.0000	739644.689512
74.4849	-5.1534	0.3580	5.9600	55.0000	739644.689512
74.5851	-5.1534	0.3580	13.2800	55.0000	739644.689512
74.6852	-5.1534	0.3580	20.6000	55.0000	739644.689512
74.7852	-5.1534	0.3580	27.9200	55.0000	739644.689512
74.9020	-5.1534	0.3580	36.4600	55.0000	739644.689512
75.0021	-5.1534	0.3580	43.7800	55.0000	739644.689512
75.1188	-5.1534	0.3580	46.2200	55.0000	739644.689512
75.2189	-5.1534	0.3580	46.2200	55.0000	739644.689512
75.3190	-5.1534	0.3580	46.2200	55.0000	739644.689512
75.4192	-5.1534	0.3580	46.2200	55.0000	739644.689512
75.5204	-5.1534	0.3580	46.2200	55.0000	739644.689512
75.6371	-5.1534	0.3580	51.1000	55.0000	739644.689512
75.7371	-5.1534	0.3580	58.4200	55.0000	739644.689512
75.8372	-5.1534	0.3580	65.7400	55.0000	739644.689512
75.9540	-5.1534	0.3580	70.6200	55.0000	739644.689512
76.0541	-5.1534	0.3580	70.6200	55.0000	739644.689512
76.1542	-5.1666	0.3957	70.6200	55.0000	739644.689512
76.2543	-5.2065	0.5089	70.6200	55.0000	739644.689512
76.3544	-5.2463	0.6221	70.6200	55.0000	739644.689512
76.4546	-5.2861	0.7353	70.6200	55.0000	739644.689512
76.5547	-5.3259	0.8485	70.6200	55.0000	739644.689512
76.6714	-5.3724	0.9806	70.6200	55.0000	739644.689512
76.7715	-5.4122	1.0938	70.6200	55.0000	739644.689512
76.8882	-5.4184	1.1128	79.1600	55.0000	739644.689512
76.9883	-5.4184	1.1128	86.4800	55.0000	739644.689512
77.1051	-5.4184	1.1128	95.0200	55.0000	739644.689512
77.2219	-5.4184	1.1128	102.3400	55.0000	739644.689512
77.3220	-5.3928	1.2300	102.3400	55.0000	739644.689512
77.4389	-5.3629	1.3668	102.3400	55.0000	739644.689512
77.5554	-5.3329	1.5035	102.3400	55.0000	739644.689512
77.6556	-5.3073	1.6207	102.3400	55.0000	739644.689512
77.7557	-5.2817	1.7380	102.3400	55.0000	739644.689512
77.8724	-5.2517	1.8747	102.3400	55.0000	739644.689512
77.9726	-5.2261	1.9920	102.3400	55.0000	739644.689512
78.0893	-5.2050	2.1302	95.0200	55.0000	739644.689512
78.2060	-5.2046	2.2701	86.4800	55.0000	739644.689512
78.3228	-5.2251	2.4085	77.9400	55.0000	739644.689512
78.4397	-5.2658	2.5423	69.4000	55.0000	739644.689512
78.5561	-5.3260	2.6686	60.8600	55.0000	739644.689512
78.6565	-5.3764	2.7774	68.1800	55.0000	739644.689512
78.7732	-5.4172	2.9112	76.7200	55.0000	739644.689512
78.8733	-5.4385	3.0292	80.3800	55.0000	739644.689512
78.9900	-5.4619	3.1673	80.3800	55.0000	739644.689512
79.0902	-5.4819	3.2856	80.3800	55.0000	739644.689512
79.1906	-5.5020	3.4039	80.3800	55.0000	739644.689512
79.3070	-5.5254	3.5419	80.3800	55.0000	739644.689512
79.4237	-5.5488	3.6800	80.3800	55.0000	739644.689512
79.5238	-5.5688	3.7983	80.3800	55.0000	739644.689512
79.6407	-5.5922	3.9363	80.3800	55.0000	739644.689512
79.7575	-5.6068	4.0754	87.7000	55.0000	739644.689512
79.8743	-5.6017	4.2153	93.8000	55.0000	739644.689512
79.9763	-5.5938	4.3350	93.8000	55.0000	739644.689512
80.0910	-5.5849	4.4747	92.5800	55.0000	739644.689512
80.1911	-5.5885	4.5946	85.2600	55.0000	739644.689512
80.2912	-5.6030	4.7137	82.8200	55.0000	739644.689512
80.3916	-5.6180	4.8327	82.8200	55.0000	739644.689512
80.4922	-5.6330	4.9518	82.8200	55.0000	739644.689512
80.6084	-5.6505	5.0907	82.8200	55.0000	739644.689512
80.7251	-5.6680	5.2296	82.8200	55.0000	739644.689512
80.8417	-5.6855	5.3685	82.8200	55.0000	739644.689512
80.9418	-5.7005	5.4876	82.8200	55.0000	739644.689512
81.0585	-5.7222	5.6258	77.9400	55.0000	739644.689512
81.1586	-5.7560	5.7409	70.6200	55.0000	739644.689512
81.2589	-5.8041	5.8507	63.3000	55.0000	739644.689512
81.3754	-5.8752	5.9713	58.4200	55.0000	739644.689512
81.4755	-5.9171	6.0394	58.4200	55.0000	739644.689512
81.5756	-5.9799	6.1417	58.4200	55.0000	739644.689512
81.6923	-6.0543	6.2602	55.9800	55.0000	739644.689512
