T	X	Y	HEADING	PERPSECTIVE_ANGLE	NOW_NUM
0.1248	0.0000	0.0000	45.0000	55.0000	739644.689512
0.2584	0.0000	0.0000	45.0000	55.0000	739644.689512
0.3958	0.0000	0.0000	45.0000	55.0000	739644.689512
0.5122	0.0000	0.0000	45.0000	55.0000	739644.689512
0.6291	0.0000	0.0000	45.0000	55.0000	739644.689512
0.7457	0.0000	0.0000	45.0000	55.0000	739644.689512
0.8458	0.0000	0.0000	45.0000	55.0000	739644.689512
0.9459	-0.0283	0.0283	45.0000	55.0000	739644.689512
1.0627	-0.1273	0.1273	45.0000	55.0000	739644.689512
1.1794	-0.1414	0.1414	45.0000	55.0000	739644.689512
1.2796	-0.1414	0.1414	45.0000	55.0000	739644.689512
1.3963	-0.1414	0.1414	36.4600	55.0000	739644.689512
1.5131	-0.1414	0.1414	27.9200	55.0000	739644.689512
1.6133	-0.1414	0.1414	20.6000	55.0000	739644.689512
1.7300	-0.2350	0.1766	20.6000	55.0000	739644.689512
1.8466	-0.3661	0.2259	20.6000	55.0000	739644.689512
1.9468	-0.4784	0.2681	20.6000	55.0000	739644.689512
2.0635	-0.5158	0.2822	20.6000	55.0000	739644.689512
2.1636	-0.5158	0.2822	20.6000	55.0000	739644.689512
2.2639	-0.5158	0.2822	20.6000	55.0000	739644.689512
2.3805	-0.5158	0.2822	20.6000	55.0000	739644.689512
2.4806	-0.5158	0.2822	20.6000	55.0000	739644.689512
2.5808	-0.5158	0.2822	20.6000	55.0000	739644.689512
2.6809	-0.5158	0.2822	20.6000	55.0000	739644.689512
2.7976	-0.5158	0.2822	23.0400	55.0000	739644.689512
2.9145	-0.5158	0.2822	31.5800	55.0000	739644.689512
3.0145	-0.5158	0.2822	31.5800	55.0000	739644.689512
3.1152	-0.5158	0.2822	25.4800	55.0000	739644.689512
3.2314	-0.5158	0.2822	16.9400	55.0000	739644.689512
3.3482	-0.5158	0.2822	16.9400	55.0000	739644.689512
3.4648	-0.5158	0.2822	16.9400	55.0000	739644.689512
3.5650	-0.5924	0.3055	16.9400	55.0000	739644.689512
3.6815	-0.7263	0.3463	16.9400	55.0000	739644.689512
3.7819	-0.7263	0.3463	16.9400	55.0000	739644.689512
3.8821	-0.7263	0.3463	18.1600	55.0000	739644.689512
3.9986	-0.7263	0.3463	26.7000	55.0000	739644.689512
4.0988	-0.7263	0.3463	34.0200	55.0000	739644.689512
4.1989	-0.7263	0.3463	36.4600	55.0000	739644.689512
4.3154	-0.7263	0.3463	36.4600	55.0000	739644.689512
4.4156	-0.7263	0.3463	30.3600	55.0000	739644.689512
4.5159	-0.7263	0.3463	23.0400	55.0000	739644.689512
4.6160	-0.7263	0.3463	15.7200	55.0000	739644.689512
4.7325	-0.7263	0.3463	7.1800	55.0000	739644.689512
4.8493	-0.7263	0.3463	-1.3600	55.0000	739644.689512
4.9494	-0.7263	0.3463	-8.6800	55.0000	739644.689512
5.0495	-0.7654	0.3377	-12.3400	55.0000	739644.689512
5.1496	-0.8826	0.3121	-12.3400	55.0000	739644.689512
5.2497	-0.9412	0.2992	-12.3400	55.0000	739644.689512
5.3498	-0.9412	0.2992	-12.3400	55.0000	739644.689512
5.4665	-0.9412	0.2992	-5.0200	55.0000	739644.689512
5.5666	-0.9412	0.2992	2.3000	55.0000	739644.689512
5.6668	-0.9412	0.2992	8.4000	55.0000	739644.689512
5.7669	-0.9412	0.2992	8.4000	55.0000	739644.689512
5.8670	-1.0006	0.3080	8.4000	55.0000	739644.689512
5.9837	-1.1391	0.3285	8.4000	55.0000	739644.689512
6.0839	-1.2578	0.3460	8.4000	55.0000	739644.689512
6.2006	-1.3963	0.3664	8.4000	55.0000	739644.689512
6.3008	-1.5150	0.3840	8.4000	55.0000	739644.689512
6.4175	-1.6535	0.4044	8.4000	55.0000	739644.689512
6.5343	-1.7920	0.4249	8.4000	55.0000	739644.689512
6.6510	-1.9305	0.4453	8.4000	55.0000	739644.689512
6.7511	-2.0492	0.4629	8.4000	55.0000	739644.689512
6.8513	-2.1679	0.4804	8.4000	55.0000	739644.689512
6.9679	-2.3064	0.5008	8.4000	55.0000	739644.689512
7.0680	-2.4251	0.5184	8.4000	55.0000	739644.689512
7.1681	-2.5438	0.5359	8.4000	55.0000	739644.689512
7.2682	-2.6626	0.5534	8.4000	55.0000	739644.689512
7.3683	-2.7813	0.5710	8.4000	55.0000	739644.689512
7.4851	-2.9198	0.5914	8.4000	55.0000	739644.689512
7.6018	-3.0385	0.6089	8.4000	55.0000	739644.689512
7.7031	-3.0385	0.6089	8.4000	55.0000	739644.689512
7.8195	-3.0385	0.6089	8.4000	55.0000	739644.689512
7.9206	-3.0385	0.6089	8.4000	55.0000	739644.689512
8.0355	-3.0385	0.6089	2.3000	55.0000	739644.689512
8.1356	-3.0385	0.6089	-1.3600	55.0000	739644.689512
8.2524	-3.0385	0.6089	-1.3600	55.0000	739644.689512
8.3524	-3.0385	0.6089	-1.3600	55.0000	739644.689512
8.4526	-3.0385	0.6089	-1.3600	55.0000	739644.689512
8.5693	-3.1784	0.6056	-1.3600	55.0000	739644.689512
8.6695	-3.2384	0.6042	-1.3600	55.0000	739644.689512
8.7695	-3.2384	0.6042	-1.3600	55.0000	739644.689512
8.8696	-3.2384	0.6042	-1.3600	55.0000	739644.689512
8.9697	-3.2384	0.6042	-1.3600	55.0000	739644.689512
9.0697	-3.3584	0.6013	-1.3600	55.0000	739644.689512
9.1698	-3.4784	0.5985	-1.3600	55.0000	739644.689512
9.2699	-3.4784	0.5985	-1.3600	55.0000	739644.689512
9.3702	-3.4784	0.5985	-1.3600	55.0000	739644.689512
9.4868	-3.4784	0.5985	-1.3600	55.0000	739644.689512
9.5872	-3.4784	0.5985	-1.3600	55.0000	739644.689512
9.7039	-3.4983	0.5980	-1.3600	55.0000	739644.689512
9.8040	-3.6183	0.5952	-1.3600	55.0000	739644.689512
9.9207	-3.7383	0.5923	-1.3600	55.0000	739644.689512
10.0209	-3.7383	0.5923	-1.3600	55.0000	739644.689512
10.1376	-3.7383	0.5923	-1.3600	55.0000	739644.689512
10.2377	-3.7383	0.5923	-1.3600	55.0000	739644.689512
10.3380	-3.7383	0.5923	-1.3600	55.0000	739644.689512
10.4547	-3.7383	0.5923	-1.3600	55.0000	739644.689512
10.5714	-3.7383	0.5923	-1.3600	55.0000	739644.689512
10.6715	-3.7383	0.5923	-1.3600	55.0000	739644.689512
10.7881	-3.7383	0.5923	-1.3600	55.0000	739644.689512
10.8883	-3.7383	0.5923	-1.3600	55.0000	739644.689512
10.9883	-3.7383	0.5923	-1.3600	55.0000	739644.689512
11.0884	-3.7383	0.5923	-1.3600	55.0000	739644.689512
11.2052	-3.7383	0.5923	-1.3600	55.0000	739644.689512
11.3222	-3.7383	0.5923	-1.3600	55.0000	739644.689512
11.4388	-3.6183	0.5952	-1.3600	55.0000	739644.689512
11.5389	-3.5383	0.5971	-1.3600	55.0000	739644.689512
11.6558	-3.5383	0.5971	-1.3600	55.0000	739644.689512
11.7573	-3.4384	0.5994	-1.3600	55.0000	739644.689512
11.8725	-3.3984	0.6004	-1.3600	55.0000	739644.689512
11.9727	-3.3184	0.6023	-1.3600	55.0000	739644.689512
12.0893	-3.2184	0.6047	-1.3600	55.0000	739644.689512
12.1894	-3.2184	0.6047	-1.3600	55.0000	739644.689512
12.2895	-3.2184	0.6047	-1.3600	55.0000	739644.689512
12.4063	-3.1185	0.6070	-1.3600	55.0000	739644.689512
12.5064	-3.0185	0.6094	-1.3600	55.0000	739644.689512
12.6230	-3.0185	0.6094	-1.3600	55.0000	739644.689512
12.7231	-3.0185	0.6094	-1.3600	55.0000	739644.689512
12.8232	-3.0185	0.6094	-1.3600	55.0000	739644.689512
12.9233	-3.0185	0.6094	1.0800	55.0000	739644.689512
13.0234	-3.0185	0.6094	8.4000	55.0000	739644.689512
13.1235	-3.0185	0.6094	15.7200	55.0000	739644.689512
13.2236	-3.0185	0.6094	23.0400	55.0000	739644.689512
13.3238	-3.0185	0.6094	30.3600	55.0000	739644.689512
13.4405	-3.0185	0.6094	37.6800	55.0000	739644.689512
13.5406	-3.0185	0.6094	37.6800	55.0000	739644.689512
13.6575	-3.0185	0.6094	37.6800	55.0000	739644.689512
13.7580	-3.1135	0.6828	37.6800	55.0000	739644.689512
13.8748	-3.1293	0.6950	37.6800	55.0000	739644.689512
13.9749	-3.1293	0.6950	41.3400	55.0000	739644.689512
14.0916	-3.1293	0.6950	47.4400	55.0000	739644.689512
14.2083	-3.1293	0.6950	47.4400	55.0000	739644.689512
14.3086	-3.1293	0.6950	47.4400	55.0000	739644.689512
14.4251	-3.1293	0.6950	49.8800	55.0000	739644.689512
14.5254	-3.1293	0.6950	52.3200	55.0000	739644.689512
14.6254	-3.1293	0.6950	54.7600	55.0000	739644.689512
14.7255	-3.1293	0.6950	60.8600	55.0000	739644.689512
14.8256	-3.1293	0.6950	60.8600	55.0000	739644.689512
14.9258	-3.1293	0.6950	65.7400	55.0000	739644.689512
15.0425	-3.1293	0.6950	66.9600	55.0000	739644.689512
15.1593	-3.1293	0.6950	73.0600	55.0000	739644.689512
15.2760	-3.1293	0.6950	74.2800	55.0000	739644.689512
15.3761	-3.1293	0.6950	80.3800	55.0000	739644.689512
15.4763	-3.1293	0.6950	80.3800	55.0000	739644.689512
15.5931	-3.1293	0.6950	82.8200	55.0000	739644.689512
15.7097	-3.1293	0.6950	86.4800	55.0000	739644.689512
15.8120	-3.1293	0.6950	87.7000	55.0000	739644.689512
15.9284	-3.1293	0.6950	92.5800	55.0000	739644.689512
16.0286	-3.1293	0.6950	95.0200	55.0000	739644.689512
16.1455	-3.1293	0.6950	98.6800	55.0000	739644.689512
16.2456	-3.1293	0.6950	98.6800	55.0000	739644.689512
16.3623	-3.1232	0.7345	98.6800	55.0000	739644.689512
16.4624	-3.1051	0.8532	98.6800	55.0000	739644.689512
16.5792	-3.0840	0.9916	98.6800	55.0000	739644.689512
16.6959	-3.0840	0.9916	98.6800	55.0000	739644.689512
16.8126	-3.0840	0.9916	104.7800	55.0000	739644.689512
16.9126	-3.0840	0.9916	112.1000	55.0000	739644.689512
17.0128	-3.0840	0.9916	116.9800	55.0000	739644.689512
17.1129	-3.0840	0.9916	116.9800	55.0000	739644.689512
17.2130	-3.0840	0.9916	116.9800	55.0000	739644.689512
17.3299	-3.0840	0.9916	116.9800	55.0000	739644.689512
17.4466	-3.0840	0.9916	116.9800	55.0000	739644.689512
17.5632	-3.0840	0.9916	116.9800	55.0000	739644.689512
17.6634	-3.0840	0.9916	116.9800	55.0000	739644.689512
17.7636	-3.0840	0.9916	116.9800	55.0000	739644.689512
17.8803	-3.0840	0.9916	116.9800	55.0000	739644.689512
17.9970	-3.0659	1.0272	116.9800	55.0000	739644.689512
18.0973	-3.0114	1.1341	116.9800	55.0000	739644.689512
18.2142	-2.9479	1.2589	116.9800	55.0000	739644.689512
18.3306	-2.8844	1.3837	116.9800	55.0000	739644.689512
18.4307	-2.8299	1.4906	116.9800	55.0000	739644.689512
18.5308	-2.7937	1.5619	116.9800	55.0000	739644.689512
18.6310	-2.7937	1.5619	116.9800	55.0000	739644.689512
18.7476	-2.7937	1.5619	116.9800	55.0000	739644.689512
18.8482	-2.7937	1.5619	116.9800	55.0000	739644.689512
18.9648	-2.7937	1.5619	112.1000	55.0000	739644.689512
19.0816	-2.7937	1.5619	103.5600	55.0000	739644.689512
19.1816	-2.7937	1.5619	103.5600	55.0000	739644.689512
19.2983	-2.7937	1.5619	103.5600	55.0000	739644.689512
19.4149	-2.7749	1.6397	103.5600	55.0000	739644.689512
19.5150	-2.7468	1.7563	103.5600	55.0000	739644.689512
19.6152	-2.7186	1.8730	103.5600	55.0000	739644.689512
19.7321	-2.6858	2.0091	103.5600	55.0000	739644.689512
19.8485	-2.6530	2.1452	103.5600	55.0000	739644.689512
19.9487	-2.6248	2.2618	103.5600	55.0000	739644.689512
20.0487	-2.5967	2.3785	103.5600	55.0000	739644.689512
20.1488	-2.5686	2.4951	103.5600	55.0000	739644.689512
20.2489	-2.5404	2.6118	103.5600	55.0000	739644.689512
20.3657	-2.5217	2.6896	103.5600	55.0000	739644.689512
20.4658	-2.5217	2.6896	103.5600	55.0000	739644.689512
20.5660	-2.5217	2.6896	103.5600	55.0000	739644.689512
20.6662	-2.5217	2.6896	103.5600	55.0000	739644.689512
20.7828	-2.5217	2.6896	103.5600	55.0000	739644.689512
20.8837	-2.5217	2.6896	109.6600	55.0000	739644.689512
21.0004	-2.5217	2.6896	109.6600	55.0000	739644.689512
21.1006	-2.5217	2.6896	109.6600	55.0000	739644.689512
21.2007	-2.5015	2.7461	109.6600	55.0000	739644.689512
21.3008	-2.4880	2.7837	109.6600	55.0000	739644.689512
21.4008	-2.4880	2.7837	109.6600	55.0000	739644.689512
21.5009	-2.4880	2.7837	109.6600	55.0000	739644.689512
21.6178	-2.4880	2.7837	101.1200	55.0000	739644.689512
21.7345	-2.4880	2.7837	101.1200	55.0000	739644.689512
21.8346	-2.4880	2.7837	101.1200	55.0000	739644.689512
21.9513	-2.4880	2.7837	92.5800	55.0000	739644.689512
22.0514	-2.4880	2.7837	88.9200	55.0000	739644.689512
22.1515	-2.4880	2.7837	88.9200	55.0000	739644.689512
22.2517	-2.4895	2.8637	88.9200	55.0000	739644.689512
22.3683	-2.4922	3.0037	88.9200	55.0000	739644.689512
22.4685	-2.4944	3.1237	88.9200	55.0000	739644.689512
22.5851	-2.4971	3.2636	88.9200	55.0000	739644.689512
22.6853	-2.4993	3.3836	88.9200	55.0000	739644.689512
22.8020	-2.5020	3.5236	88.9200	55.0000	739644.689512
22.9022	-2.5042	3.6436	88.9200	55.0000	739644.689512
23.0189	-2.5042	3.6436	90.1400	55.0000	739644.689512
23.1189	-2.5042	3.6436	97.4600	55.0000	739644.689512
23.2191	-2.5042	3.6436	104.7800	55.0000	739644.689512
23.3191	-2.5042	3.6436	112.1000	55.0000	739644.689512
23.4193	-2.5042	3.6436	119.4200	55.0000	739644.689512
23.5193	-2.5042	3.6436	126.7400	55.0000	739644.689512
23.6194	-2.5042	3.6436	126.7400	55.0000	739644.689512
23.7195	-2.5042	3.6436	126.7400	55.0000	739644.689512
23.8197	-2.4325	3.7397	126.7400	55.0000	739644.689512
23.9365	-2.3487	3.8519	126.7400	55.0000	739644.689512
24.0366	-2.3367	3.8680	126.7400	55.0000	739644.689512
24.1535	-2.3367	3.8680	130.4000	55.0000	739644.689512
24.2700	-2.3367	3.8680	138.9400	55.0000	739644.689512
24.3702	-2.3367	3.8680	146.2600	55.0000	739644.689512
24.4703	-2.3367	3.8680	153.5800	55.0000	739644.689512
24.5871	-2.3367	3.8680	157.2400	55.0000	739644.689512
24.6888	-2.3367	3.8680	157.2400	55.0000	739644.689512
24.8050	-2.3367	3.8680	157.2400	55.0000	739644.689512
24.9051	-2.3367	3.8680	157.2400	55.0000	739644.689512
25.0219	-2.3367	3.8680	157.2400	55.0000	739644.689512
25.1386	-2.3367	3.8680	154.8000	55.0000	739644.689512
25.2388	-2.3367	3.8680	152.3600	55.0000	739644.689512
25.3389	-2.3367	3.8680	152.3600	55.0000	739644.689512
25.4557	-2.3367	3.8680	152.3600	55.0000	739644.689512
25.5733	-2.3367	3.8680	159.6800	55.0000	739644.689512
25.6891	-2.3367	3.8680	164.5600	55.0000	739644.689512
25.7895	-2.3367	3.8680	164.5600	55.0000	739644.689512
25.8897	-2.3367	3.8680	170.6600	55.0000	739644.689512
26.0064	-2.3367	3.8680	174.3200	55.0000	739644.689512
26.1230	-2.3367	3.8680	174.3200	55.0000	739644.689512
26.2233	-2.2969	3.8719	174.3200	55.0000	739644.689512
26.3400	-2.1775	3.8838	174.3200	55.0000	739644.689512
26.4402	-2.1775	3.8838	174.3200	55.0000	739644.689512
26.5568	-2.1775	3.8838	176.7600	55.0000	739644.689512
26.6736	-2.1775	3.8838	185.3000	55.0000	739644.689512
26.7737	-2.1775	3.8838	185.3000	55.0000	739644.689512
26.8905	-2.1775	3.8838	185.3000	55.0000	739644.689512
26.9906	-2.1178	3.8783	185.3000	55.0000	739644.689512
27.1074	-1.9784	3.8653	185.3000	55.0000	739644.689512
27.2075	-1.8589	3.8542	185.3000	55.0000	739644.689512
27.3242	-1.7593	3.8450	185.3000	55.0000	739644.689512
27.4411	-1.7593	3.8450	185.3000	55.0000	739644.689512
27.5576	-1.7593	3.8450	185.3000	55.0000	739644.689512
27.6579	-1.7593	3.8450	185.3000	55.0000	739644.689512
27.7746	-1.7593	3.8450	185.3000	55.0000	739644.689512
27.8747	-1.7593	3.8450	185.3000	55.0000	739644.689512
27.9747	-1.7593	3.8450	191.4000	55.0000	739644.689512
28.0914	-1.7593	3.8450	193.8400	55.0000	739644.689512
28.1916	-1.7593	3.8450	193.8400	55.0000	739644.689512
28.2917	-1.6428	3.8163	193.8400	55.0000	739644.689512
28.4083	-1.6234	3.8115	193.8400	55.0000	739644.689512
28.5084	-1.5651	3.7972	193.8400	55.0000	739644.689512
28.6086	-1.4875	3.7780	193.8400	55.0000	739644.689512
28.7088	-1.4292	3.7637	193.8400	55.0000	739644.689512
28.8254	-1.3709	3.7493	193.8400	55.0000	739644.689512
28.9421	-1.3709	3.7493	193.8400	55.0000	739644.689512
29.0423	-1.3709	3.7493	193.8400	55.0000	739644.689512
29.1591	-1.3321	3.7397	193.8400	55.0000	739644.689512
29.2759	-1.2156	3.7110	193.8400	55.0000	739644.689512
29.3760	-1.2156	3.7110	193.8400	55.0000	739644.689512
29.4761	-1.1379	3.6919	193.8400	55.0000	739644.689512
29.5928	-1.1379	3.6919	193.8400	55.0000	739644.689512
29.6930	-1.1379	3.6919	192.6200	55.0000	739644.689512
29.8097	-1.1379	3.6919	184.0800	55.0000	739644.689512
29.9098	-1.1379	3.6919	176.7600	55.0000	739644.689512
30.0265	-1.1379	3.6919	168.2200	55.0000	739644.689512
30.1266	-1.1379	3.6919	160.9000	55.0000	739644.689512
30.2268	-1.1379	3.6919	158.4600	55.0000	739644.689512
30.3435	-1.1379	3.6919	158.4600	55.0000	739644.689512
30.4436	-1.1379	3.6919	158.4600	55.0000	739644.689512
30.5437	-1.0821	3.7139	158.4600	55.0000	739644.689512
30.6437	-0.9705	3.7580	158.4600	55.0000	739644.689512
30.7439	-0.9705	3.7580	158.4600	55.0000	739644.689512
30.8606	-0.9705	3.7580	158.4600	55.0000	739644.689512
30.9608	-0.9705	3.7580	159.6800	55.0000	739644.689512
31.0775	-0.9705	3.7580	167.0000	55.0000	739644.689512
31.1777	-0.9705	3.7580	167.0000	55.0000	739644.689512
31.2944	-0.9705	3.7580	167.0000	55.0000	739644.689512
31.4110	-0.9705	3.7580	167.0000	55.0000	739644.689512
31.5112	-0.9705	3.7580	162.1200	55.0000	739644.689512
31.6114	-0.9705	3.7580	154.8000	55.0000	739644.689512
31.7281	-0.9705	3.7580	146.2600	55.0000	739644.689512
31.8283	-0.9705	3.7580	138.9400	55.0000	739644.689512
31.9449	-0.9705	3.7580	130.4000	55.0000	739644.689512
32.0618	-0.9705	3.7580	127.9600	55.0000	739644.689512
32.1618	-0.9705	3.7580	127.9600	55.0000	739644.689512
32.2786	-0.9705	3.7580	127.9600	55.0000	739644.689512
32.3953	-0.9705	3.7580	127.9600	55.0000	739644.689512
32.4955	-0.9705	3.7580	127.9600	55.0000	739644.689512
32.6122	-0.9705	3.7580	127.9600	55.0000	739644.689512
32.7124	-0.9705	3.7580	127.9600	55.0000	739644.689512
32.8291	-0.9705	3.7580	127.9600	55.0000	739644.689512
32.9460	-0.9705	3.7580	127.9600	55.0000	739644.689512
33.0626	-1.0197	3.6949	127.9600	55.0000	739644.689512
33.1628	-1.0935	3.6003	127.9600	55.0000	739644.689512
33.2794	-1.1796	3.4899	127.9600	55.0000	739644.689512
33.3795	-1.2534	3.3953	127.9600	55.0000	739644.689512
33.4964	-1.3395	3.2849	127.9600	55.0000	739644.689512
33.5965	-1.3642	3.2534	127.9600	55.0000	739644.689512
33.7132	-1.3642	3.2534	127.9600	55.0000	739644.689512
33.8134	-1.3642	3.2534	127.9600	55.0000	739644.689512
33.9301	-1.3395	3.2849	127.9600	55.0000	739644.689512
34.0302	-1.2657	3.3795	127.9600	55.0000	739644.689512
34.1470	-1.2411	3.4111	127.9600	55.0000	739644.689512
34.2638	-1.2411	3.4111	127.9600	55.0000	739644.689512
34.3806	-1.2411	3.4111	127.9600	55.0000	739644.689512
34.4972	-1.2411	3.4111	126.7400	55.0000	739644.689512
34.6141	-1.2411	3.4111	118.2000	55.0000	739644.689512
34.7307	-1.2411	3.4111	115.7600	55.0000	739644.689512
34.8308	-1.2411	3.4111	113.3200	55.0000	739644.689512
34.9309	-1.2411	3.4111	107.2200	55.0000	739644.689512
35.0310	-1.2411	3.4111	107.2200	55.0000	739644.689512
35.1312	-1.2411	3.4111	99.9000	55.0000	739644.689512
35.2483	-1.2411	3.4111	96.2400	55.0000	739644.689512
35.3646	-1.2411	3.4111	92.5800	55.0000	739644.689512
35.4648	-1.2411	3.4111	88.9200	55.0000	739644.689512
35.5815	-1.2411	3.4111	86.4800	55.0000	739644.689512
35.6817	-1.2411	3.4111	80.3800	55.0000	739644.689512
35.7982	-1.2411	3.4111	79.1600	55.0000	739644.689512
35.8984	-1.2411	3.4111	74.2800	55.0000	739644.689512
35.9987	-1.2411	3.4111	74.2800	55.0000	739644.689512
36.1153	-1.2411	3.4111	68.1800	55.0000	739644.689512
36.2154	-1.2411	3.4111	65.7400	55.0000	739644.689512
36.3321	-1.2411	3.4111	65.7400	55.0000	739644.689512
36.4492	-1.2822	3.5022	65.7400	55.0000	739644.689512
36.5656	-1.3397	3.6299	65.7400	55.0000	739644.689512
36.6659	-1.3890	3.7393	65.7400	55.0000	739644.689512
36.7825	-1.4466	3.8669	65.7400	55.0000	739644.689512
36.8827	-1.4959	3.9763	65.7400	55.0000	739644.689512
36.9994	-1.5041	3.9946	65.7400	55.0000	739644.689512
37.0995	-1.5041	3.9946	59.6400	55.0000	739644.689512
37.2164	-1.5041	3.9946	51.1000	55.0000	739644.689512
37.3330	-1.5041	3.9946	42.5600	55.0000	739644.689512
37.4332	-1.5041	3.9946	35.2400	55.0000	739644.689512
37.5499	-1.5041	3.9946	26.7000	55.0000	739644.689512
37.6500	-1.5041	3.9946	20.6000	55.0000	739644.689512
37.7668	-1.5041	3.9946	20.6000	55.0000	739644.689512
37.8668	-1.5790	4.0227	20.6000	55.0000	739644.689512
37.9836	-1.7100	4.0720	20.6000	55.0000	739644.689512
38.1004	-1.8411	4.1212	20.6000	55.0000	739644.689512
38.2170	-1.9721	4.1705	20.6000	55.0000	739644.689512
38.3172	-2.0844	4.2127	20.6000	55.0000	739644.689512
38.4173	-2.1968	4.2549	20.6000	55.0000	739644.689512
38.5340	-2.2717	4.2831	20.6000	55.0000	739644.689512
38.6343	-2.2717	4.2831	20.6000	55.0000	739644.689512
38.7511	-2.2717	4.2831	20.6000	55.0000	739644.689512
38.8677	-2.2717	4.2831	29.1400	55.0000	739644.689512
38.9692	-2.2717	4.2831	34.0200	55.0000	739644.689512
39.0847	-2.2717	4.2831	34.0200	55.0000	739644.689512
39.2013	-2.3545	4.3390	34.0200	55.0000	739644.689512
39.3015	-2.3877	4.3614	34.0200	55.0000	739644.689512
39.4181	-2.3877	4.3614	34.0200	55.0000	739644.689512
39.5183	-2.3877	4.3614	26.7000	55.0000	739644.689512
39.6350	-2.3877	4.3614	24.2600	55.0000	739644.689512
39.7353	-2.3877	4.3614	20.6000	55.0000	739644.689512
39.8520	-2.3877	4.3614	16.9400	55.0000	739644.689512
39.9521	-2.3877	4.3614	14.5000	55.0000	739644.689512
40.0688	-2.3877	4.3614	5.9600	55.0000	739644.689512
40.1689	-2.3877	4.3614	5.9600	55.0000	739644.689512
40.2857	-2.3877	4.3614	5.9600	55.0000	739644.689512
40.4025	-2.4872	4.3718	5.9600	55.0000	739644.689512
40.5191	-2.6264	4.3863	5.9600	55.0000	739644.689512
40.6193	-2.7458	4.3988	5.9600	55.0000	739644.689512
40.7195	-2.8651	4.4112	5.9600	55.0000	739644.689512
40.8362	-3.0043	4.4258	5.9600	55.0000	739644.689512
40.9363	-3.0839	4.4341	5.9600	55.0000	739644.689512
41.0531	-3.0839	4.4341	5.9600	55.0000	739644.689512
41.1698	-3.0839	4.4341	-2.5800	55.0000	739644.689512
41.2699	-3.0839	4.4341	-9.9000	55.0000	739644.689512
41.3867	-3.0839	4.4341	-18.4400	55.0000	739644.689512
41.4868	-3.0839	4.4341	-25.7600	55.0000	739644.689512
41.6035	-3.0839	4.4341	-34.3000	55.0000	739644.689512
41.7039	-3.0839	4.4341	-37.9600	55.0000	739644.689512
41.8205	-3.0839	4.4341	-37.9600	55.0000	739644.689512
41.9371	-3.0839	4.4341	-37.9600	55.0000	739644.689512
42.0373	-3.0839	4.4341	-37.9600	55.0000	739644.689512
42.1540	-3.0839	4.4341	-37.9600	55.0000	739644.689512
42.2708	-3.0839	4.4341	-42.8400	55.0000	739644.689512
42.3709	-3.0839	4.4341	-48.9400	55.0000	739644.689512
42.4877	-3.0839	4.4341	-48.9400	55.0000	739644.689512
42.6049	-3.0839	4.4341	-57.4800	55.0000	739644.689512
42.7215	-3.0839	4.4341	-59.9200	55.0000	739644.689512
42.8218	-3.0839	4.4341	-59.9200	55.0000	739644.689512
42.9385	-3.0839	4.4341	-59.9200	55.0000	739644.689512
43.0386	-3.0839	4.4341	-59.9200	55.0000	739644.689512
43.1554	-3.1140	4.3822	-59.9200	55.0000	739644.689512
43.2721	-3.1741	4.2783	-59.9200	55.0000	739644.689512
43.3722	-3.1741	4.2783	-59.9200	55.0000	739644.689512
43.4890	-3.1741	4.2783	-59.9200	55.0000	739644.689512
43.5891	-3.1741	4.2783	-59.9200	55.0000	739644.689512
43.7057	-3.1741	4.2783	-59.9200	55.0000	739644.689512
43.8059	-3.2343	4.1745	-59.9200	55.0000	739644.689512
43.9227	-3.2543	4.1399	-59.9200	55.0000	739644.689512
44.0228	-3.2543	4.1399	-58.7000	55.0000	739644.689512
44.1395	-3.2543	4.1399	-50.1600	55.0000	739644.689512
44.2397	-3.2543	4.1399	-42.8400	55.0000	739644.689512
44.3564	-3.2543	4.1399	-34.3000	55.0000	739644.689512
44.4566	-3.2543	4.1399	-26.9800	55.0000	739644.689512
44.5732	-3.2543	4.1399	-18.4400	55.0000	739644.689512
44.6733	-3.2543	4.1399	-12.3400	55.0000	739644.689512
44.7902	-3.2543	4.1399	-12.3400	55.0000	739644.689512
44.8903	-3.2543	4.1399	-12.3400	55.0000	739644.689512
45.0071	-3.2543	4.1399	-12.3400	55.0000	739644.689512
45.1236	-3.2739	4.1356	-12.3400	55.0000	739644.689512
45.2238	-3.3911	4.1100	-12.3400	55.0000	739644.689512
45.3239	-3.4302	4.1014	-12.3400	55.0000	739644.689512
45.4407	-3.4302	4.1014	-12.3400	55.0000	739644.689512
45.5574	-3.4888	4.0886	-12.3400	55.0000	739644.689512
45.6575	-3.5083	4.0843	-12.3400	55.0000	739644.689512
45.7576	-3.5083	4.0843	-12.3400	55.0000	739644.689512
45.8743	-3.5669	4.0715	-12.3400	55.0000	739644.689512
45.9744	-3.6255	4.0587	-12.3400	55.0000	739644.689512
46.0746	-3.6255	4.0587	-12.3400	55.0000	739644.689512
46.1746	-3.6255	4.0587	-9.9000	55.0000	739644.689512
46.2747	-3.6255	4.0587	-3.8000	55.0000	739644.689512
46.3749	-3.6255	4.0587	-3.8000	55.0000	739644.689512
46.4750	-3.6255	4.0587	-3.8000	55.0000	739644.689512
46.5917	-3.6255	4.0587	2.3000	55.0000	739644.689512
46.7085	-3.6255	4.0587	3.5200	55.0000	739644.689512
46.8252	-3.6255	4.0587	4.7400	55.0000	739644.689512
46.9419	-3.6255	4.0587	13.2800	55.0000	739644.689512
47.0426	-3.6255	4.0587	13.2800	55.0000	739644.689512
47.1427	-3.6255	4.0587	13.2800	55.0000	739644.689512
47.2428	-3.6255	4.0587	13.2800	55.0000	739644.689512
47.3429	-3.6255	4.0587	16.9400	55.0000	739644.689512
47.4430	-3.6255	4.0587	21.8200	55.0000	739644.689512
47.5432	-3.6255	4.0587	21.8200	55.0000	739644.689512
47.6599	-3.6255	4.0587	29.1400	55.0000	739644.689512
47.7600	-3.6255	4.0587	32.8000	55.0000	739644.689512
47.8601	-3.6255	4.0587	34.0200	55.0000	739644.689512
47.9602	-3.6255	4.0587	41.3400	55.0000	739644.689512
48.0604	-3.6255	4.0587	41.3400	55.0000	739644.689512
48.1771	-3.6255	4.0587	41.3400	55.0000	739644.689512
48.2772	-3.6556	4.0851	41.3400	55.0000	739644.689512
48.3939	-3.7607	4.1776	41.3400	55.0000	739644.689512
48.5107	-3.8658	4.2700	41.3400	55.0000	739644.689512
48.6273	-3.9709	4.3625	41.3400	55.0000	739644.689512
48.7276	-4.0460	4.4286	41.3400	55.0000	739644.689512
48.8277	-4.0460	4.4286	41.3400	55.0000	739644.689512
48.9445	-4.0460	4.4286	41.3400	55.0000	739644.689512
49.0611	-4.0460	4.4286	41.3400	55.0000	739644.689512
49.1613	-4.0460	4.4286	41.3400	55.0000	739644.689512
49.2779	-4.0460	4.4286	41.3400	55.0000	739644.689512
49.3781	-4.0460	4.4286	41.3400	55.0000	739644.689512
49.4948	-4.1061	4.4814	41.3400	55.0000	739644.689512
49.5949	-4.1962	4.5607	41.3400	55.0000	739644.689512
49.6950	-4.1962	4.5607	41.3400	55.0000	739644.689512
49.7951	-4.1962	4.5607	41.3400	55.0000	739644.689512
49.9118	-4.1962	4.5607	40.1200	55.0000	739644.689512
50.0120	-4.1962	4.5607	32.8000	55.0000	739644.689512
50.1287	-4.1962	4.5607	30.3600	55.0000	739644.689512
50.2288	-4.1962	4.5607	30.3600	55.0000	739644.689512
50.3455	-4.1962	4.5607	30.3600	55.0000	739644.689512
50.4474	-4.1962	4.5607	30.3600	55.0000	739644.689512
50.5624	-4.1962	4.5607	37.6800	55.0000	739644.689512
50.6625	-4.1962	4.5607	38.9000	55.0000	739644.689512
50.7794	-4.1962	4.5607	41.3400	55.0000	739644.689512
50.8960	-4.1962	4.5607	49.8800	55.0000	739644.689512
50.9962	-4.1962	4.5607	52.3200	55.0000	739644.689512
51.1130	-4.1962	4.5607	52.3200	55.0000	739644.689512
51.2130	-4.1962	4.5607	54.7600	55.0000	739644.689512
51.3298	-4.1962	4.5607	62.0800	55.0000	739644.689512
51.4466	-4.1962	4.5607	62.0800	55.0000	739644.689512
51.5651	-4.1962	4.5607	62.0800	55.0000	739644.689512
51.6800	-4.1962	4.5607	62.0800	55.0000	739644.689512
51.7802	-4.1962	4.5607	68.1800	55.0000	739644.689512
51.8802	-4.1962	4.5607	68.1800	55.0000	739644.689512
51.9803	-4.1962	4.5607	68.1800	55.0000	739644.689512
52.0808	-4.2185	4.6164	68.1800	55.0000	739644.689512
52.1973	-4.2482	4.6906	68.1800	55.0000	739644.689512
52.3139	-4.2482	4.6906	68.1800	55.0000	739644.689512
52.4141	-4.2854	4.7835	68.1800	55.0000	739644.689512
52.5142	-4.2854	4.7835	68.1800	55.0000	739644.689512
52.6314	-4.3300	4.8949	68.1800	55.0000	739644.689512
52.7483	-4.3300	4.8949	68.1800	55.0000	739644.689512
52.8495	-4.3300	4.8949	68.1800	55.0000	739644.689512
52.9652	-4.3300	4.8949	76.7200	55.0000	739644.689512
53.0822	-4.3300	4.8949	77.9400	55.0000	739644.689512
53.1981	-4.3300	4.8949	80.3800	55.0000	739644.689512
53.2985	-4.3300	4.8949	86.4800	55.0000	739644.689512
53.4150	-4.3300	4.8949	86.4800	55.0000	739644.689512
53.5152	-4.3300	4.8949	93.8000	55.0000	739644.689512
53.6319	-4.3300	4.8949	93.8000	55.0000	739644.689512
53.7322	-4.3300	4.8949	98.6800	55.0000	739644.689512
53.8487	-4.3300	4.8949	99.9000	55.0000	739644.689512
53.9656	-4.3300	4.8949	103.5600	55.0000	739644.689512
54.0823	-4.3300	4.8949	107.2200	55.0000	739644.689512
54.1990	-4.3300	4.8949	110.8800	55.0000	739644.689512
54.2993	-4.3300	4.8949	114.5400	55.0000	739644.689512
54.4158	-4.3300	4.8949	114.5400	55.0000	739644.689512
54.5160	-4.3300	4.8949	114.5400	55.0000	739644.689512
54.6327	-4.3300	4.8949	121.8600	55.0000	739644.689512
54.7329	-4.3300	4.8949	124.3000	55.0000	739644.689512
54.8495	-4.3300	4.8949	125.5200	55.0000	739644.689512
54.9496	-4.3300	4.8949	129.1800	55.0000	739644.689512
55.0498	-4.3300	4.8949	129.1800	55.0000	739644.689512
55.1499	-4.3300	4.8949	129.1800	55.0000	739644.689512
55.2667	-4.3300	4.8949	129.1800	55.0000	739644.689512
55.3669	-4.3300	4.8949	129.1800	55.0000	739644.689512
55.4835	-4.3300	4.8949	127.9600	55.0000	739644.689512
55.5841	-4.3300	4.8949	120.6400	55.0000	739644.689512
55.7004	-4.3300	4.8949	114.5400	55.0000	739644.689512
55.8171	-4.3300	4.8949	114.5400	55.0000	739644.689512
55.9172	-4.3300	4.8949	114.5400	55.0000	739644.689512
56.0340	-4.3217	4.9131	114.5400	55.0000	739644.689512
56.1341	-4.2718	5.0222	114.5400	55.0000	739644.689512
56.2509	-4.2137	5.1496	114.5400	55.0000	739644.689512
56.3509	-4.1638	5.2587	114.5400	55.0000	739644.689512
56.4512	-4.1306	5.3315	114.5400	55.0000	739644.689512
56.5677	-4.1306	5.3315	114.5400	55.0000	739644.689512
56.6680	-4.1306	5.3315	118.2000	55.0000	739644.689512
56.7846	-4.1306	5.3315	124.3000	55.0000	739644.689512
56.8847	-4.1306	5.3315	124.3000	55.0000	739644.689512
57.0015	-4.1306	5.3315	129.1800	55.0000	739644.689512
57.1016	-4.1306	5.3315	131.6200	55.0000	739644.689512
57.2019	-4.1306	5.3315	135.2800	55.0000	739644.689512
57.3183	-4.1306	5.3315	137.7200	55.0000	739644.689512
57.4187	-4.1306	5.3315	140.1600	55.0000	739644.689512
57.5189	-4.1306	5.3315	147.4800	55.0000	739644.689512
57.6355	-4.1306	5.3315	148.7000	55.0000	739644.689512
57.7355	-4.1306	5.3315	153.5800	55.0000	739644.689512
57.8524	-4.1306	5.3315	162.1200	55.0000	739644.689512
57.9692	-4.1306	5.3315	170.6600	55.0000	739644.689512
58.0694	-4.1306	5.3315	177.9800	55.0000	739644.689512
58.1860	-4.1306	5.3315	186.5200	55.0000	739644.689512
58.3029	-4.1306	5.3315	195.0600	55.0000	739644.689512
58.4194	-4.1306	5.3315	203.6000	55.0000	739644.689512
58.5195	-4.1306	5.3315	210.9200	55.0000	739644.689512
58.6363	-4.1306	5.3315	219.4600	55.0000	739644.689512
58.7364	-4.1306	5.3315	226.7800	55.0000	739644.689512
58.8532	-4.1306	5.3315	234.1000	55.0000	739644.689512
58.9534	-4.1306	5.3315	234.1000	55.0000	739644.689512
59.0700	-4.1306	5.3315	234.1000	55.0000	739644.689512
59.1704	-4.1306	5.3315	240.2000	55.0000	739644.689512
59.2869	-4.1306	5.3315	241.4200	55.0000	739644.689512
59.3870	-4.1306	5.3315	245.0800	55.0000	739644.689512
59.5037	-4.1306	5.3315	249.9600	55.0000	739644.689512
59.6039	-4.1306	5.3315	251.1800	55.0000	739644.689512
59.7206	-4.1306	5.3315	257.2800	55.0000	739644.689512
59.8207	-4.1306	5.3315	257.2800	55.0000	739644.689512
59.9374	-4.1306	5.3315	264.6000	55.0000	739644.689512
60.0377	-4.1306	5.3315	264.6000	55.0000	739644.689512
60.1544	-4.1287	5.3116	264.6000	55.0000	739644.689512
60.2711	-4.1156	5.1722	264.6000	55.0000	739644.689512
60.3879	-4.1122	5.0782	264.6000	55.0000	739644.689512
60.5045	-4.1253	5.0493	264.6000	55.0000	739644.689512
60.6048	-4.1258	4.9712	264.6000	55.0000	739644.689512
60.7049	-4.1145	4.8518	264.6000	55.0000	739644.689512
60.8216	-4.1069	4.7721	264.6000	55.0000	739644.689512
60.9218	-4.1069	4.7721	264.6000	55.0000	739644.689512
61.0385	-4.1069	4.7721	263.3800	55.0000	739644.689512
61.1552	-4.1069	4.7721	257.2800	55.0000	739644.689512
61.2552	-4.1069	4.7721	257.2800	55.0000	739644.689512
61.3722	-4.1069	4.7721	257.2800	55.0000	739644.689512
61.4888	-4.1069	4.7721	257.2800	55.0000	739644.689512
61.5889	-4.1069	4.7721	259.7200	55.0000	739644.689512
61.6891	-4.1069	4.7721	267.0400	55.0000	739644.689512
61.8059	-4.1069	4.7721	275.5800	55.0000	739644.689512
61.9227	-4.1069	4.7721	282.9000	55.0000	739644.689512
62.0392	-4.1069	4.7721	282.9000	55.0000	739644.689512
62.1394	-4.1337	4.6552	282.9000	55.0000	739644.689512
62.2396	-4.1605	4.5382	282.9000	55.0000	739644.689512
62.3562	-4.1918	4.4017	282.9000	55.0000	739644.689512
62.4564	-4.2186	4.2847	282.9000	55.0000	739644.689512
62.5731	-4.2498	4.1483	282.9000	55.0000	739644.689512
62.6733	-4.2766	4.0313	282.9000	55.0000	739644.689512
62.7902	-4.2855	3.9923	282.9000	55.0000	739644.689512
62.9069	-4.2855	3.9923	282.9000	55.0000	739644.689512
63.0234	-4.2855	3.9923	281.6800	55.0000	739644.689512
63.1237	-4.2855	3.9923	274.3600	55.0000	739644.689512
63.2238	-4.2855	3.9923	273.1400	55.0000	739644.689512
63.3405	-4.2855	3.9923	273.1400	55.0000	739644.689512
63.4572	-4.2921	3.8725	273.1400	55.0000	739644.689512
63.5575	-4.2987	3.7527	273.1400	55.0000	739644.689512
63.6576	-4.3053	3.6329	273.1400	55.0000	739644.689512
63.7742	-4.3129	3.4931	273.1400	55.0000	739644.689512
63.8743	-4.3195	3.3732	273.1400	55.0000	739644.689512
63.9910	-4.3261	3.2534	273.1400	55.0000	739644.689512
64.0912	-4.3261	3.2534	273.1400	55.0000	739644.689512
64.2079	-4.3261	3.2534	275.5800	55.0000	739644.689512
64.3248	-4.3261	3.2534	284.1200	55.0000	739644.689512
64.4249	-4.3261	3.2534	291.4400	55.0000	739644.689512
64.5416	-4.3261	3.2534	299.9800	55.0000	739644.689512
64.6419	-4.3261	3.2534	307.3000	55.0000	739644.689512
64.7585	-4.3261	3.2534	310.9600	55.0000	739644.689512
64.8752	-4.3261	3.2534	310.9600	55.0000	739644.689512
64.9755	-4.3261	3.2534	310.9600	55.0000	739644.689512
65.0920	-4.3261	3.2534	310.9600	55.0000	739644.689512
65.2089	-4.3261	3.2534	307.3000	55.0000	739644.689512
65.3255	-4.3261	3.2534	299.9800	55.0000	739644.689512
65.4257	-4.3261	3.2534	299.9800	55.0000	739644.689512
65.5258	-4.3261	3.2534	296.3200	55.0000	739644.689512
65.6425	-4.3261	3.2534	292.6600	55.0000	739644.689512
65.7427	-4.3261	3.2534	292.6600	55.0000	739644.689512
65.8594	-4.3569	3.1796	292.6600	55.0000	739644.689512
65.9762	-4.4108	3.0504	292.6600	55.0000	739644.689512
66.0763	-4.4108	3.0504	292.6600	55.0000	739644.689512
66.1930	-4.4108	3.0504	292.6600	55.0000	739644.689512
66.2932	-4.4571	2.9397	292.6600	55.0000	739644.689512
66.4099	-4.4648	2.9212	292.6600	55.0000	739644.689512
66.5100	-4.4648	2.9212	292.6600	55.0000	739644.689512
66.6267	-4.4648	2.9212	292.6600	55.0000	739644.689512
66.7268	-4.4956	2.8474	292.6600	55.0000	739644.689512
66.8269	-4.5264	2.7736	292.6600	55.0000	739644.689512
66.9436	-4.5264	2.7736	292.6600	55.0000	739644.689512
67.0437	-4.5264	2.7736	292.6600	55.0000	739644.689512
67.1440	-4.5264	2.7736	299.9800	55.0000	739644.689512
67.2605	-4.5264	2.7736	303.6400	55.0000	739644.689512
67.3608	-4.5264	2.7736	303.6400	55.0000	739644.689512
67.4774	-4.5264	2.7736	303.6400	55.0000	739644.689512
67.5775	-4.5929	2.6737	303.6400	55.0000	739644.689512
67.6776	-4.6594	2.5738	303.6400	55.0000	739644.689512
67.7776	-4.7258	2.4739	303.6400	55.0000	739644.689512
67.8777	-4.7369	2.4572	303.6400	55.0000	739644.689512
67.9780	-4.7369	2.4572	304.8600	55.0000	739644.689512
68.0946	-4.7369	2.4572	313.4000	55.0000	739644.689512
68.1948	-4.7369	2.4572	320.7200	55.0000	739644.689512
68.3116	-4.7369	2.4572	329.2600	55.0000	739644.689512
68.4117	-4.7369	2.4572	336.5800	55.0000	739644.689512
68.5284	-4.7369	2.4572	345.1200	55.0000	739644.689512
68.6450	-4.7369	2.4572	353.6600	55.0000	739644.689512
68.7454	-4.7369	2.4572	360.9800	55.0000	739644.689512
68.8619	-4.7369	2.4572	360.9800	55.0000	739644.689512
68.9622	-4.7369	2.4572	360.9800	55.0000	739644.689512
69.0795	-4.8769	2.4596	360.9800	55.0000	739644.689512
69.1956	-4.8969	2.4599	360.9800	55.0000	739644.689512
69.2958	-4.9569	2.4610	360.9800	55.0000	739644.689512
69.3959	-5.0569	2.4627	360.9800	55.0000	739644.689512
69.5127	-5.0569	2.4627	360.9800	55.0000	739644.689512
69.6294	-5.1169	2.4637	360.9800	55.0000	739644.689512
69.7296	-5.2369	2.4658	360.9800	55.0000	739644.689512
69.8463	-5.2369	2.4658	360.9800	55.0000	739644.689512
69.9463	-5.2369	2.4658	360.9800	55.0000	739644.689512
70.0631	-5.2369	2.4658	360.9800	55.0000	739644.689512
70.1798	-5.2369	2.4658	365.8600	55.0000	739644.689512
70.2802	-5.2369	2.4658	373.1800	55.0000	739644.689512
70.3967	-5.2369	2.4658	381.7200	55.0000	739644.689512
70.5135	-5.2369	2.4658	390.2600	55.0000	739644.689512
70.6137	-5.2369	2.4658	397.5800	55.0000	739644.689512
70.7304	-5.2369	2.4658	406.1200	55.0000	739644.689512
70.8306	-5.2369	2.4658	413.4400	55.0000	739644.689512
70.9473	-5.2369	2.4658	417.1000	55.0000	739644.689512
71.0640	-5.2369	2.4658	417.1000	55.0000	739644.689512
71.1641	-5.2477	2.4825	417.1000	55.0000	739644.689512
71.2642	-5.3129	2.5833	417.1000	55.0000	739644.689512
71.3654	-5.3564	2.6505	417.1000	55.0000	739644.689512
71.4830	-5.3564	2.6505	418.3200	55.0000	739644.689512
71.5982	-5.3564	2.6505	426.8600	55.0000	739644.689512
71.6990	-5.3564	2.6505	434.1800	55.0000	739644.689512
71.8151	-5.3564	2.6505	436.6200	55.0000	739644.689512
71.9152	-5.3564	2.6505	436.6200	55.0000	739644.689512
72.0316	-5.3564	2.6505	436.6200	55.0000	739644.689512
72.1318	-5.3564	2.6505	436.6200	55.0000	739644.689512
72.2484	-5.3564	2.6505	436.6200	55.0000	739644.689512
72.3489	-5.3564	2.6505	441.5000	55.0000	739644.689512
72.4652	-5.3564	2.6505	445.1600	55.0000	739644.689512
72.5653	-5.3564	2.6505	445.1600	55.0000	739644.689512
72.6654	-5.3564	2.6505	445.1600	55.0000	739644.689512
72.7822	-5.3564	2.6505	445.1600	55.0000	739644.689512
72.8824	-5.3580	2.6704	445.1600	55.0000	739644.689512
72.9991	-5.3699	2.8099	445.1600	55.0000	739644.689512
73.1158	-5.3817	2.9494	445.1600	55.0000	739644.689512
73.2159	-5.3918	3.0690	445.1600	55.0000	739644.689512
73.3161	-5.4019	3.1885	445.1600	55.0000	739644.689512
73.4328	-5.4137	3.3280	445.1600	55.0000	739644.689512
73.5496	-5.4255	3.4675	445.1600	55.0000	739644.689512
73.6663	-5.4374	3.6070	445.1600	55.0000	739644.689512
73.7830	-5.4492	3.7465	445.1600	55.0000	739644.689512
73.8999	-5.4610	3.8860	445.1600	55.0000	739644.689512
73.9999	-5.4711	4.0056	445.1600	55.0000	739644.689512
74.1001	-5.4812	4.1252	445.1600	55.0000	739644.689512
74.2003	-5.4913	4.2448	445.1600	55.0000	739644.689512
74.3169	-5.5032	4.3843	445.1600	55.0000	739644.689512
74.4191	-5.5133	4.5038	445.1600	55.0000	739644.689512
74.5339	-5.5251	4.6433	445.1600	55.0000	739644.689512
74.6506	-5.5369	4.7828	445.1600	55.0000	739644.689512
74.7673	-5.5420	4.8426	445.1600	55.0000	739644.689512
74.8674	-5.5420	4.8426	445.1600	55.0000	739644.689512
74.9841	-5.5420	4.8426	439.0600	55.0000	739644.689512
75.0842	-5.5420	4.8426	431.7400	55.0000	739644.689512
75.2009	-5.5420	4.8426	428.0800	55.0000	739644.689512
75.3011	-5.5420	4.8426	428.0800	55.0000	739644.689512
75.4180	-5.5420	4.8426	434.1800	55.0000	739644.689512
75.5366	-5.5420	4.8426	442.7200	55.0000	739644.689512
75.6513	-5.5420	4.8426	442.7200	55.0000	739644.689512
75.7515	-5.5420	4.8426	442.7200	55.0000	739644.689512
75.8517	-5.5420	4.8426	442.7200	55.0000	739644.689512
75.9683	-5.5420	4.8426	442.7200	55.0000	739644.689512
76.0851	-5.5420	4.8426	435.4000	55.0000	739644.689512
76.1853	-5.5420	4.8426	429.3000	55.0000	739644.689512
76.3020	-5.5420	4.8426	429.3000	55.0000	739644.689512
76.4189	-5.5420	4.8426	429.3000	55.0000	739644.689512
76.5190	-5.5773	4.9362	429.3000	55.0000	739644.689512
76.6356	-5.6268	5.0671	429.3000	55.0000	739644.689512
76.7365	-5.6692	5.1794	429.3000	55.0000	739644.689512
76.8524	-5.7187	5.3103	429.3000	55.0000	739644.689512
76.9526	-5.7611	5.4226	429.3000	55.0000	739644.689512
77.0696	-5.8106	5.5536	429.3000	55.0000	739644.689512
77.1728	-5.8530	5.6658	429.3000	55.0000	739644.689512
77.2894	-5.9025	5.7968	429.3000	55.0000	739644.689512
77.4061	-5.9520	5.9277	429.3000	55.0000	739644.689512
77.5062	-5.9944	6.0400	429.3000	55.0000	739644.689512
77.6230	-6.0439	6.1710	429.3000	55.0000	739644.689512
0.1253	0.0000	0.0000	45.0000	55.0000	739644.733552
0.2451	0.0000	0.0000	45.0000	55.0000	739644.733552
0.3618	0.0000	0.0000	45.0000	55.0000	739644.733552
0.4787	0.0000	0.0000	45.0000	55.0000	739644.733552
0.5954	0.0000	0.0000	45.0000	55.0000	739644.733552
0.7122	0.0000	0.0000	45.0000	55.0000	739644.733552
0.8150	0.0000	0.0000	45.0000	55.0000	739644.733552
0.9318	0.0000	0.0000	45.0000	55.0000	739644.733552
1.0485	0.0000	0.0000	45.0000	55.0000	739644.733552
1.1486	0.0000	0.0000	45.0000	55.0000	739644.733552
1.2490	0.0000	0.0000	45.0000	55.0000	739644.733552
1.3659	0.0000	0.0000	45.0000	55.0000	739644.733552
1.4822	0.0000	0.0000	45.0000	55.0000	739644.733552
1.5824	0.0000	0.0000	45.0000	55.0000	739644.733552
1.6991	0.0000	0.0000	43.7800	55.0000	739644.733552
1.7995	0.0000	0.0000	36.4600	55.0000	739644.733552
1.9159	0.0000	0.0000	34.0200	55.0000	739644.733552
2.0160	0.0000	0.0000	34.0200	55.0000	739644.733552
2.1328	0.0000	0.0000	34.0200	55.0000	739644.733552
2.2497	-0.0829	0.0559	34.0200	55.0000	739644.733552
2.3664	-0.1492	0.1007	34.0200	55.0000	739644.733552
2.4831	-0.1492	0.1007	31.5800	55.0000	739644.733552
2.5831	-0.1492	0.1007	24.2600	55.0000	739644.733552
2.6832	-0.1492	0.1007	18.1600	55.0000	739644.733552
2.7834	-0.1872	0.1132	18.1600	55.0000	739644.733552
2.8836	-0.3012	0.1506	18.1600	55.0000	739644.733552
3.0003	-0.3962	0.1817	18.1600	55.0000	739644.733552
3.1007	-0.3962	0.1817	16.9400	55.0000	739644.733552
3.2173	-0.3962	0.1817	8.4000	55.0000	739644.733552
3.3177	-0.3962	0.1817	1.0800	55.0000	739644.733552
3.4339	-0.3962	0.1817	-7.4600	55.0000	739644.733552
3.5341	-0.3962	0.1817	-9.9000	55.0000	739644.733552
3.6508	-0.4159	0.1783	-9.9000	55.0000	739644.733552
3.7509	-0.5342	0.1577	-9.9000	55.0000	739644.733552
3.8510	-0.6524	0.1370	-9.9000	55.0000	739644.733552
3.9677	-0.7509	0.1267	-9.9000	55.0000	739644.733552
4.0679	-0.8001	0.1267	-9.9000	55.0000	739644.733552
4.1679	-0.8001	0.1267	-9.9000	55.0000	739644.733552
4.2684	-0.8001	0.1267	-9.9000	55.0000	739644.733552
4.3848	-0.8001	0.1267	-9.9000	55.0000	739644.733552
4.4850	-0.8001	0.1267	-7.4600	55.0000	739644.733552
4.6017	-0.8001	0.1267	1.0800	55.0000	739644.733552
4.7184	-0.8001	0.1267	9.6200	55.0000	739644.733552
4.8185	-0.8001	0.1267	12.0600	55.0000	739644.733552
4.9354	-0.8001	0.1267	12.0600	55.0000	739644.733552
5.0355	-0.8784	0.1434	12.0600	55.0000	739644.733552
5.1523	-1.0153	0.1727	12.0600	55.0000	739644.733552
5.2690	-1.1522	0.2019	12.0600	55.0000	739644.733552
5.3692	-1.2695	0.2270	12.0600	55.0000	739644.733552
5.4860	-1.4065	0.2563	12.0600	55.0000	739644.733552
5.6026	-1.5434	0.2855	12.0600	55.0000	739644.733552
5.7027	-1.6607	0.3106	12.0600	55.0000	739644.733552
5.8028	-1.7389	0.3273	12.0600	55.0000	739644.733552
5.9035	-1.7389	0.3273	12.0600	55.0000	739644.733552
6.0195	-1.7389	0.3273	12.0600	55.0000	739644.733552
6.1201	-1.7389	0.3273	12.0600	55.0000	739644.733552
6.2206	-1.7389	0.3273	12.0600	55.0000	739644.733552
6.3214	-1.7585	0.3315	12.0600	55.0000	739644.733552
6.4374	-1.8954	0.3607	12.0600	55.0000	739644.733552
6.5375	-2.0128	0.3858	12.0600	55.0000	739644.733552
6.6377	-2.0323	0.3900	12.0600	55.0000	739644.733552
6.7545	-2.0323	0.3900	12.0600	55.0000	739644.733552
6.8712	-2.0323	0.3900	12.0600	55.0000	739644.733552
6.9713	-2.0323	0.3900	12.0600	55.0000	739644.733552
7.0714	-2.0323	0.3900	12.0600	55.0000	739644.733552
7.1881	-2.0323	0.3900	4.7400	55.0000	739644.733552
7.2883	-2.0323	0.3900	-0.1400	55.0000	739644.733552
7.4049	-2.0323	0.3900	-0.1400	55.0000	739644.733552
7.5052	-2.0323	0.3900	-0.1400	55.0000	739644.733552
7.6218	-2.1323	0.3897	-0.1400	55.0000	739644.733552
7.7219	-2.2523	0.3894	-0.1400	55.0000	739644.733552
7.8221	-2.3723	0.3892	-0.1400	55.0000	739644.733552
7.9388	-2.5123	0.3888	-0.1400	55.0000	739644.733552
8.0391	-2.6323	0.3885	-0.1400	55.0000	739644.733552
8.1557	-2.7723	0.3882	-0.1400	55.0000	739644.733552
8.2724	-2.9123	0.3878	-0.1400	55.0000	739644.733552
8.3892	-3.0523	0.3875	-0.1400	55.0000	739644.733552
8.4893	-3.1723	0.3872	-0.1400	55.0000	739644.733552
8.5894	-3.2923	0.3869	-0.1400	55.0000	739644.733552
8.6898	-3.4123	0.3866	-0.1400	55.0000	739644.733552
8.8062	-3.5523	0.3863	-0.1400	55.0000	739644.733552
8.9062	-3.6723	0.3873	2.3000	55.0000	739644.733552
9.0063	-3.6923	0.3885	9.6200	55.0000	739644.733552
9.1065	-3.6923	0.3885	16.9400	55.0000	739644.733552
9.2067	-3.6923	0.3885	20.6000	55.0000	739644.733552
9.3233	-3.6923	0.3885	20.6000	55.0000	739644.733552
9.4236	-3.6923	0.3885	20.6000	55.0000	739644.733552
9.5403	-3.6923	0.3885	20.6000	55.0000	739644.733552
9.6405	-3.6923	0.3885	20.6000	55.0000	739644.733552
9.7573	-3.6923	0.3885	20.6000	55.0000	739644.733552
9.8740	-3.6923	0.3885	20.6000	55.0000	739644.733552
9.9907	-3.6923	0.3885	23.0400	55.0000	739644.733552
10.0908	-3.6923	0.3885	30.3600	55.0000	739644.733552
10.2081	-3.6923	0.3885	38.9000	55.0000	739644.733552
10.3084	-3.6923	0.3885	46.2200	55.0000	739644.733552
10.4252	-3.6923	0.3885	54.7600	55.0000	739644.733552
10.5254	-3.6923	0.3885	62.0800	55.0000	739644.733552
10.6420	-3.6923	0.3885	70.6200	55.0000	739644.733552
10.7587	-3.6923	0.3885	79.1600	55.0000	739644.733552
10.8589	-3.6923	0.3885	86.4800	55.0000	739644.733552
10.9756	-3.6923	0.3885	95.0200	55.0000	739644.733552
11.0758	-3.6923	0.3885	102.3400	55.0000	739644.733552
11.1761	-3.6923	0.3885	109.6600	55.0000	739644.733552
11.2925	-3.6923	0.3885	109.6600	55.0000	739644.733552
11.3926	-3.6923	0.3885	109.6600	55.0000	739644.733552
11.4927	-3.6923	0.3885	109.6600	55.0000	739644.733552
11.6095	-3.6923	0.3885	109.6600	55.0000	739644.733552
11.7096	-3.6923	0.3885	109.6600	55.0000	739644.733552
11.8263	-3.6923	0.3885	109.6600	55.0000	739644.733552
11.9263	-3.6923	0.3885	109.6600	55.0000	739644.733552
12.0264	-3.6519	0.5015	109.6600	55.0000	739644.733552
12.1266	-3.6115	0.6145	109.6600	55.0000	739644.733552
12.2267	-3.5711	0.7275	109.6600	55.0000	739644.733552
12.3268	-3.5577	0.7652	114.5400	55.0000	739644.733552
12.4269	-3.5577	0.7652	121.8600	55.0000	739644.733552
12.5437	-3.5577	0.7652	129.1800	55.0000	739644.733552
12.6613	-3.5071	0.8272	129.1800	55.0000	739644.733552
12.7771	-3.4187	0.9357	129.1800	55.0000	739644.733552
12.8773	-3.3429	1.0287	129.1800	55.0000	739644.733552
12.9775	-3.2671	1.1217	129.1800	55.0000	739644.733552
13.0942	-3.1786	1.2303	129.1800	55.0000	739644.733552
13.2108	-3.0902	1.3388	129.1800	55.0000	739644.733552
13.3109	-3.0144	1.4318	129.1800	55.0000	739644.733552
13.4277	-2.9512	1.5093	129.1800	55.0000	739644.733552
13.5278	-2.9512	1.5093	129.1800	55.0000	739644.733552
13.6280	-2.9512	1.5093	121.8600	55.0000	739644.733552
13.7446	-2.9512	1.5093	118.2000	55.0000	739644.733552
13.8448	-2.9512	1.5093	118.2000	55.0000	739644.733552
13.9617	-2.9134	1.5798	118.2000	55.0000	739644.733552
14.0783	-2.8472	1.7032	118.2000	55.0000	739644.733552
14.1785	-2.8189	1.7561	118.2000	55.0000	739644.733552
14.2952	-2.8189	1.7561	118.2000	55.0000	739644.733552
14.4119	-2.8189	1.7561	113.3200	55.0000	739644.733552
14.5138	-2.8189	1.7561	106.0000	55.0000	739644.733552
14.6306	-2.8189	1.7561	106.0000	55.0000	739644.733552
14.7308	-2.8023	1.8138	106.0000	55.0000	739644.733552
14.8473	-2.7638	1.9483	106.0000	55.0000	739644.733552
14.9475	-2.7307	2.0637	106.0000	55.0000	739644.733552
15.0642	-2.6921	2.1983	106.0000	55.0000	739644.733552
15.1643	-2.6590	2.3136	106.0000	55.0000	739644.733552
15.2811	-2.6204	2.4482	106.0000	55.0000	739644.733552
15.3812	-2.5874	2.5635	106.0000	55.0000	739644.733552
15.4980	-2.5488	2.6981	106.0000	55.0000	739644.733552
15.6147	-2.5102	2.8327	106.0000	55.0000	739644.733552
15.7148	-2.4936	2.8904	106.0000	55.0000	739644.733552
15.8315	-2.4936	2.8904	106.0000	55.0000	739644.733552
15.9321	-2.4936	2.8904	106.0000	55.0000	739644.733552
16.0484	-2.4936	2.8904	112.1000	55.0000	739644.733552
16.1485	-2.4936	2.8904	115.7600	55.0000	739644.733552
16.2666	-2.4676	2.9444	115.7600	55.0000	739644.733552
16.3821	-2.4067	3.0705	115.7600	55.0000	739644.733552
16.4823	-2.3546	3.1786	115.7600	55.0000	739644.733552
16.5989	-2.3546	3.1786	119.4200	55.0000	739644.733552
16.6992	-2.3546	3.1786	126.7400	55.0000	739644.733552
16.8158	-2.3546	3.1786	135.2800	55.0000	739644.733552
16.9159	-2.3546	3.1786	141.3800	55.0000	739644.733552
17.0327	-2.3546	3.1786	141.3800	55.0000	739644.733552
17.1336	-2.3077	3.2160	141.3800	55.0000	739644.733552
17.2504	-2.1983	3.3034	141.3800	55.0000	739644.733552
17.3672	-2.1670	3.3284	141.3800	55.0000	739644.733552
17.4839	-2.1670	3.3284	146.2600	55.0000	739644.733552
17.5841	-2.1670	3.3284	153.5800	55.0000	739644.733552
17.7008	-2.1670	3.3284	158.4600	55.0000	739644.733552
17.8012	-2.1670	3.3284	158.4600	55.0000	739644.733552
17.9176	-2.1670	3.3284	158.4600	55.0000	739644.733552
18.0177	-2.0740	3.3651	158.4600	55.0000	739644.733552
18.1344	-1.9438	3.4165	158.4600	55.0000	739644.733552
18.2346	-1.8322	3.4605	158.4600	55.0000	739644.733552
18.3513	-1.7020	3.5119	158.4600	55.0000	739644.733552
18.4514	-1.6276	3.5413	158.4600	55.0000	739644.733552
18.5682	-1.6276	3.5413	158.4600	55.0000	739644.733552
18.6849	-1.6276	3.5413	164.5600	55.0000	739644.733552
18.7850	-1.6276	3.5413	169.4400	55.0000	739644.733552
18.9018	-1.6276	3.5413	169.4400	55.0000	739644.733552
19.0185	-1.6079	3.5450	169.4400	55.0000	739644.733552
19.1186	-1.4899	3.5670	169.4400	55.0000	739644.733552
19.2187	-1.3720	3.5890	169.4400	55.0000	739644.733552
19.3189	-1.3720	3.5890	169.4400	55.0000	739644.733552
19.4355	-1.3720	3.5890	169.4400	55.0000	739644.733552
19.5358	-1.3720	3.5890	169.4400	55.0000	739644.733552
19.6525	-1.2540	3.6110	169.4400	55.0000	739644.733552
19.7693	-1.1164	3.6366	169.4400	55.0000	739644.733552
19.8861	-1.0574	3.6476	169.4400	55.0000	739644.733552
19.9863	-1.0574	3.6476	169.4400	55.0000	739644.733552
20.1030	-1.0574	3.6476	169.4400	55.0000	739644.733552
20.2196	-1.0574	3.6476	169.4400	55.0000	739644.733552
20.3201	-1.0181	3.6549	169.4400	55.0000	739644.733552
20.4364	-0.8804	3.6806	169.4400	55.0000	739644.733552
20.5365	-0.8214	3.6916	169.4400	55.0000	739644.733552
20.6366	-0.8214	3.6916	169.4400	55.0000	739644.733552
20.7369	-0.8214	3.6916	169.4400	55.0000	739644.733552
20.8536	-0.8214	3.6916	163.3400	55.0000	739644.733552
20.9702	-0.8214	3.6916	154.8000	55.0000	739644.733552
21.0704	-0.8214	3.6916	154.8000	55.0000	739644.733552
21.1706	-0.7491	3.7257	154.8000	55.0000	739644.733552
21.2873	-0.6224	3.7853	154.8000	55.0000	739644.733552
21.4041	-0.6224	3.7853	154.8000	55.0000	739644.733552
21.5041	-0.6224	3.7853	154.8000	55.0000	739644.733552
21.6209	-0.6224	3.7853	146.2600	55.0000	739644.733552
21.7210	-0.6224	3.7853	138.9400	55.0000	739644.733552
21.8378	-0.6224	3.7853	130.4000	55.0000	739644.733552
21.9379	-0.6224	3.7853	123.0800	55.0000	739644.733552
22.0546	-0.6224	3.7853	114.5400	55.0000	739644.733552
22.1546	-0.6224	3.7853	113.3200	55.0000	739644.733552
22.2548	-0.6224	3.7853	113.3200	55.0000	739644.733552
22.3714	-0.6224	3.7853	113.3200	55.0000	739644.733552
22.4716	-0.6224	3.7853	113.3200	55.0000	739644.733552
22.5716	-0.6224	3.7853	113.3200	55.0000	739644.733552
22.6718	-0.6224	3.7853	113.3200	55.0000	739644.733552
22.7886	-0.6620	3.6934	113.3200	55.0000	739644.733552
22.8886	-0.7095	3.5832	113.3200	55.0000	739644.733552
22.9887	-0.7570	3.4730	113.3200	55.0000	739644.733552
23.0888	-0.8045	3.3628	113.3200	55.0000	739644.733552
23.1890	-0.8520	3.2526	113.3200	55.0000	739644.733552
23.3057	-0.9034	3.1425	113.3200	55.0000	739644.733552
23.4224	-0.9312	3.1425	113.3200	55.0000	739644.733552
23.5225	-0.9529	3.1425	108.4400	55.0000	739644.733552
23.6226	-0.9559	3.1425	101.1200	55.0000	739644.733552
23.7228	-0.9559	3.1425	93.8000	55.0000	739644.733552
23.8237	-0.9559	3.1425	86.4800	55.0000	739644.733552
23.9237	-0.9559	3.1425	79.1600	55.0000	739644.733552
24.0398	-0.9559	3.1425	70.6200	55.0000	739644.733552
24.1404	-0.9559	3.1425	63.3000	55.0000	739644.733552
24.2570	-0.9559	3.1425	54.7600	55.0000	739644.733552
24.3571	-0.9559	3.1425	47.4400	55.0000	739644.733552
24.4736	-0.9559	3.1425	38.9000	55.0000	739644.733552
24.5738	-0.9559	3.1425	36.4600	55.0000	739644.733552
24.6904	-0.9559	3.1425	36.4600	55.0000	739644.733552
24.8070	-0.9559	3.1425	36.4600	55.0000	739644.733552
24.9072	-0.9559	3.1425	36.4600	55.0000	739644.733552
25.0238	-0.9559	3.1425	36.4600	55.0000	739644.733552
25.1242	-0.9559	3.1425	41.3400	55.0000	739644.733552
25.2408	-0.9559	3.1425	41.3400	55.0000	739644.733552
25.3424	-0.9709	3.1557	41.3400	55.0000	739644.733552
25.4580	-1.0760	3.2481	41.3400	55.0000	739644.733552
25.5746	-1.0910	3.2613	41.3400	55.0000	739644.733552
25.6913	-1.0910	3.2613	41.3400	55.0000	739644.733552
25.8077	-1.0910	3.2613	34.0200	55.0000	739644.733552
25.9080	-1.0910	3.2613	27.9200	55.0000	739644.733552
26.0080	-1.0910	3.2613	27.9200	55.0000	739644.733552
26.1251	-1.0910	3.2613	27.9200	55.0000	739644.733552
26.2417	-1.1794	3.3082	27.9200	55.0000	739644.733552
26.3583	-1.3031	3.3737	27.9200	55.0000	739644.733552
26.4585	-1.3561	3.4018	30.3600	55.0000	739644.733552
26.5587	-1.3561	3.4018	37.6800	55.0000	739644.733552
26.6753	-1.3561	3.4018	42.5600	55.0000	739644.733552
26.7756	-1.3561	3.4018	42.5600	55.0000	739644.733552
26.8922	-1.4445	3.4830	42.5600	55.0000	739644.733552
26.9923	-1.5329	3.5641	42.5600	55.0000	739644.733552
27.0924	-1.6213	3.6453	42.5600	55.0000	739644.733552
27.1925	-1.7097	3.7265	42.5600	55.0000	739644.733552
27.3092	-1.8128	3.8212	42.5600	55.0000	739644.733552
27.4093	-1.9012	3.9023	42.5600	55.0000	739644.733552
27.5094	-1.9896	3.9835	42.5600	55.0000	739644.733552
27.6094	-2.0043	3.9970	40.1200	55.0000	739644.733552
27.7096	-2.0043	3.9970	32.8000	55.0000	739644.733552
27.8262	-2.0043	3.9970	30.3600	55.0000	739644.733552
27.9263	-2.0043	3.9970	30.3600	55.0000	739644.733552
28.0431	-2.1251	4.0678	30.3600	55.0000	739644.733552
28.1433	-2.2286	4.1284	30.3600	55.0000	739644.733552
28.2434	-2.3149	4.1790	30.3600	55.0000	739644.733552
28.3435	-2.3149	4.1790	27.9200	55.0000	739644.733552
28.4602	-2.3149	4.1790	19.3800	55.0000	739644.733552
28.5602	-2.3149	4.1790	13.2800	55.0000	739644.733552
28.6608	-2.3149	4.1790	13.2800	55.0000	739644.733552
28.7770	-2.3149	4.1790	13.2800	55.0000	739644.733552
28.8778	-2.3344	4.1836	13.2800	55.0000	739644.733552
28.9940	-2.4706	4.2157	13.2800	55.0000	739644.733552
29.1108	-2.6069	4.2479	13.2800	55.0000	739644.733552
29.2274	-2.7432	4.2800	13.2800	55.0000	739644.733552
29.3276	-2.8600	4.3076	13.2800	55.0000	739644.733552
29.4277	-2.9767	4.3352	13.2800	55.0000	739644.733552
29.5278	-3.0935	4.3627	13.2800	55.0000	739644.733552
29.6280	-3.2103	4.3903	13.2800	55.0000	739644.733552
29.7448	-3.3466	4.4225	13.2800	55.0000	739644.733552
29.8449	-3.4634	4.4500	13.2800	55.0000	739644.733552
29.9451	-3.5412	4.4684	13.2800	55.0000	739644.733552
30.0618	-3.5412	4.4684	13.2800	55.0000	739644.733552
30.1784	-3.5412	4.4684	21.8200	55.0000	739644.733552
30.2786	-3.5412	4.4684	23.0400	55.0000	739644.733552
30.3788	-3.5412	4.4684	23.0400	55.0000	739644.733552
30.4962	-3.5412	4.4684	18.1600	55.0000	739644.733552
30.6122	-3.5412	4.4684	9.6200	55.0000	739644.733552
30.7123	-3.5412	4.4684	3.5200	55.0000	739644.733552
30.8293	-3.5412	4.4684	3.5200	55.0000	739644.733552
30.9458	-3.5412	4.4684	3.5200	55.0000	739644.733552
31.0625	-3.6410	4.4745	3.5200	55.0000	739644.733552
31.1627	-3.7608	4.4819	3.5200	55.0000	739644.733552
31.2630	-3.8806	4.4893	3.5200	55.0000	739644.733552
31.3795	-4.0203	4.4979	3.5200	55.0000	739644.733552
31.4963	-4.1601	4.5065	3.5200	55.0000	739644.733552
31.5965	-4.2798	4.5138	3.5200	55.0000	739644.733552
31.6965	-4.2998	4.5151	3.5200	55.0000	739644.733552
31.8133	-4.2998	4.5151	12.0600	55.0000	739644.733552
31.9304	-4.2998	4.5151	14.5000	55.0000	739644.733552
32.0467	-4.2998	4.5151	14.5000	55.0000	739644.733552
32.1469	-4.3773	4.5351	14.5000	55.0000	739644.733552
32.2636	-4.4934	4.5651	14.5000	55.0000	739644.733552
32.3638	-4.4934	4.5651	14.5000	55.0000	739644.733552
32.4806	-4.4934	4.5651	14.5000	55.0000	739644.733552
32.5973	-4.4934	4.5651	14.5000	55.0000	739644.733552
32.6975	-4.4934	4.5651	14.5000	55.0000	739644.733552
32.8142	-4.4934	4.5651	14.5000	55.0000	739644.733552
32.9309	-4.4934	4.5651	14.5000	55.0000	739644.733552
33.0311	-4.4934	4.5651	18.1600	55.0000	739644.733552
33.1477	-4.4934	4.5651	26.7000	55.0000	739644.733552
33.2478	-4.4934	4.5651	27.9200	55.0000	739644.733552
33.3480	-4.5288	4.5839	27.9200	55.0000	739644.733552
33.4648	-4.6525	4.6494	27.9200	55.0000	739644.733552
33.5649	-4.7585	4.7056	27.9200	55.0000	739644.733552
33.6651	-4.7939	4.7243	27.9200	55.0000	739644.733552
33.7820	-4.7939	4.7243	30.3600	55.0000	739644.733552
33.8986	-4.7939	4.7243	38.9000	55.0000	739644.733552
34.0153	-4.7939	4.7243	47.4400	55.0000	739644.733552
34.1153	-4.7939	4.7243	54.7600	55.0000	739644.733552
34.2322	-4.7939	4.7243	63.3000	55.0000	739644.733552
34.3489	-4.7939	4.7243	71.8400	55.0000	739644.733552
34.4491	-4.7939	4.7243	73.0600	55.0000	739644.733552
34.5500	-4.7939	4.7243	73.0600	55.0000	739644.733552
34.6501	-4.7939	4.7243	73.0600	55.0000	739644.733552
34.7667	-4.7939	4.7243	73.0600	55.0000	739644.733552
34.8670	-4.7939	4.7243	80.3800	55.0000	739644.733552
34.9837	-4.7939	4.7243	88.9200	55.0000	739644.733552
35.0838	-4.7939	4.7243	96.2400	55.0000	739644.733552
35.2004	-4.7939	4.7243	104.7800	55.0000	739644.733552
35.3006	-4.7939	4.7243	112.1000	55.0000	739644.733552
35.4173	-4.7939	4.7243	112.1000	55.0000	739644.733552
35.5174	-4.7939	4.7243	112.1000	55.0000	739644.733552
35.6342	-4.7939	4.7243	112.1000	55.0000	739644.733552
35.7343	-4.7939	4.7243	112.1000	55.0000	739644.733552
35.8511	-4.7939	4.7243	112.1000	55.0000	739644.733552
35.9679	-4.7939	4.7243	113.3200	55.0000	739644.733552
36.0680	-4.7939	4.7243	120.6400	55.0000	739644.733552
36.1847	-4.7939	4.7243	125.5200	55.0000	739644.733552
36.3014	-4.7939	4.7243	125.5200	55.0000	739644.733552
36.4016	-4.7939	4.7243	125.5200	55.0000	739644.733552
36.5183	-4.7939	4.7243	125.5200	55.0000	739644.733552
36.6184	-4.7939	4.7243	125.5200	55.0000	739644.733552
36.7185	-4.7939	4.7243	125.5200	55.0000	739644.733552
36.8353	-4.7939	4.7243	125.5200	55.0000	739644.733552
36.9353	-4.7939	4.7243	125.5200	55.0000	739644.733552
37.0356	-4.7474	4.7895	125.5200	55.0000	739644.733552
37.1357	-4.6777	4.8871	125.5200	55.0000	739644.733552
37.2357	-4.6777	4.8871	125.5200	55.0000	739644.733552
37.3524	-4.6777	4.8871	120.6400	55.0000	739644.733552
37.4692	-4.6777	4.8871	115.7600	55.0000	739644.733552
37.5693	-4.6777	4.8871	115.7600	55.0000	739644.733552
37.6694	-4.6777	4.8871	115.7600	55.0000	739644.733552
37.7861	-4.6777	4.8871	115.7600	55.0000	739644.733552
37.8864	-4.6777	4.8871	115.7600	55.0000	739644.733552
38.0030	-4.6777	4.8871	115.7600	55.0000	739644.733552
38.1036	-4.6777	4.8871	115.7600	55.0000	739644.733552
38.2039	-4.6690	4.9051	115.7600	55.0000	739644.733552
38.3042	-4.6168	5.0132	115.7600	55.0000	739644.733552
38.4051	-4.5647	5.1213	115.7600	55.0000	739644.733552
38.5219	-4.5208	5.2112	119.4200	55.0000	739644.733552
38.6220	-4.5208	5.2112	126.7400	55.0000	739644.733552
38.7221	-4.5208	5.2112	134.0600	55.0000	739644.733552
38.8388	-4.5208	5.2112	142.6000	55.0000	739644.733552
38.9391	-4.5208	5.2112	145.0400	55.0000	739644.733552
39.0557	-4.5208	5.2112	145.0400	55.0000	739644.733552
39.1559	-4.5208	5.2112	145.0400	55.0000	739644.733552
39.2562	-4.5208	5.2112	147.4800	55.0000	739644.733552
39.3562	-4.5208	5.2112	154.8000	55.0000	739644.733552
39.4563	-4.5208	5.2112	162.1200	55.0000	739644.733552
39.5566	-4.5208	5.2112	169.4400	55.0000	739644.733552
39.6575	-4.5208	5.2112	176.7600	55.0000	739644.733552
39.7741	-4.5208	5.2112	185.3000	55.0000	739644.733552
39.8743	-4.5208	5.2112	192.6200	55.0000	739644.733552
39.9911	-4.5208	5.2112	201.1600	55.0000	739644.733552
40.1079	-4.5208	5.2112	209.7000	55.0000	739644.733552
40.2245	-4.5208	5.2112	218.2400	55.0000	739644.733552
40.3246	-4.5208	5.2112	225.5600	55.0000	739644.733552
40.4248	-4.5208	5.2112	232.8800	55.0000	739644.733552
40.5248	-4.5208	5.2112	240.2000	55.0000	739644.733552
40.6249	-4.5208	5.2112	241.4200	55.0000	739644.733552
40.7250	-4.5208	5.2112	241.4200	55.0000	739644.733552
40.8251	-4.5208	5.2112	241.4200	55.0000	739644.733552
40.9252	-4.4825	5.1409	241.4200	55.0000	739644.733552
41.0254	-4.4251	5.0355	241.4200	55.0000	739644.733552
41.1255	-4.3677	4.9302	241.4200	55.0000	739644.733552
41.2423	-4.3008	4.8072	241.4200	55.0000	739644.733552
41.3592	-4.2338	4.6843	241.4200	55.0000	739644.733552
41.4768	-4.2242	4.6667	247.5200	55.0000	739644.733552
41.5945	-4.2242	4.6667	256.0600	55.0000	739644.733552
41.6947	-4.2242	4.6667	263.3800	55.0000	739644.733552
41.8094	-4.2242	4.6667	263.3800	55.0000	739644.733552
41.9261	-4.2196	4.6270	263.3800	55.0000	739644.733552
42.0262	-4.2058	4.5078	263.3800	55.0000	739644.733552
42.1263	-4.1919	4.3886	263.3800	55.0000	739644.733552
42.2265	-4.1781	4.2694	263.3800	55.0000	739644.733552
42.3432	-4.1620	4.1303	263.3800	55.0000	739644.733552
42.4600	-4.1458	3.9912	263.3800	55.0000	739644.733552
42.5766	-4.1320	3.8720	263.3800	55.0000	739644.733552
42.6768	-4.1320	3.8720	268.2600	55.0000	739644.733552
42.7769	-4.1320	3.8720	275.5800	55.0000	739644.733552
42.8938	-4.1320	3.8720	281.6800	55.0000	739644.733552
43.0105	-4.1482	3.7937	281.6800	55.0000	739644.733552
43.1106	-4.1725	3.6762	281.6800	55.0000	739644.733552
43.2273	-4.1887	3.5978	281.6800	55.0000	739644.733552
43.3441	-4.1887	3.5978	289.0000	55.0000	739644.733552
43.4457	-4.1887	3.5978	296.3200	55.0000	739644.733552
43.5625	-4.1887	3.5978	304.8600	55.0000	739644.733552
43.6793	-4.1887	3.5978	307.3000	55.0000	739644.733552
43.7959	-4.2372	3.5342	307.3000	55.0000	739644.733552
43.8960	-4.3099	3.4387	307.3000	55.0000	739644.733552
43.9961	-4.3220	3.4228	307.3000	55.0000	739644.733552
44.0962	-4.3220	3.4228	301.2000	55.0000	739644.733552
44.2131	-4.3220	3.4228	292.6600	55.0000	739644.733552
44.3135	-4.3220	3.4228	290.2200	55.0000	739644.733552
44.4297	-4.3220	3.4228	290.2200	55.0000	739644.733552
44.5299	-4.3220	3.4228	290.2200	55.0000	739644.733552
44.6466	-4.3220	3.4228	281.6800	55.0000	739644.733552
44.7468	-4.3220	3.4228	274.3600	55.0000	739644.733552
44.8635	-4.3220	3.4228	267.0400	55.0000	739644.733552
44.9636	-4.3220	3.4228	267.0400	55.0000	739644.733552
45.0804	-4.3220	3.4228	267.0400	55.0000	739644.733552
45.1971	-4.3220	3.4228	267.0400	55.0000	739644.733552
45.2972	-4.3220	3.4228	267.0400	55.0000	739644.733552
45.4139	-4.3168	3.3230	267.0400	55.0000	739644.733552
45.5142	-4.3106	3.2031	267.0400	55.0000	739644.733552
45.6308	-4.3034	3.0633	267.0400	55.0000	739644.733552
45.7313	-4.2972	2.9435	267.0400	55.0000	739644.733552
45.8322	-4.2941	2.8836	269.4800	55.0000	739644.733552
45.9489	-4.2941	2.8836	278.0200	55.0000	739644.733552
46.0492	-4.2941	2.8836	285.3400	55.0000	739644.733552
46.1493	-4.2941	2.8836	291.4400	55.0000	739644.733552
46.2495	-4.2941	2.8836	291.4400	55.0000	739644.733552
46.3496	-4.2941	2.8836	291.4400	55.0000	739644.733552
46.4496	-4.2941	2.8836	291.4400	55.0000	739644.733552
46.5498	-4.2941	2.8836	291.4400	55.0000	739644.733552
46.6665	-4.2941	2.8836	291.4400	55.0000	739644.733552
46.7666	-4.2941	2.8836	291.4400	55.0000	739644.733552
46.8667	-4.2941	2.8836	298.7600	55.0000	739644.733552
46.9668	-4.2941	2.8836	306.0800	55.0000	739644.733552
47.0836	-4.2941	2.8836	314.6200	55.0000	739644.733552
47.1838	-4.2941	2.8836	321.9400	55.0000	739644.733552
47.2839	-4.2941	2.8836	328.0400	55.0000	739644.733552
47.3842	-4.2941	2.8836	328.0400	55.0000	739644.733552
47.5006	-4.2941	2.8836	328.0400	55.0000	739644.733552
47.6008	-4.2941	2.8836	328.0400	55.0000	739644.733552
47.7009	-4.3620	2.8412	328.0400	55.0000	739644.733552
47.8176	-4.4808	2.7671	328.0400	55.0000	739644.733552
47.9344	-4.5995	2.6930	328.0400	55.0000	739644.733552
48.0345	-4.6165	2.6824	328.0400	55.0000	739644.733552
48.1522	-4.6165	2.6824	336.5800	55.0000	739644.733552
48.2679	-4.6165	2.6824	345.1200	55.0000	739644.733552
48.3680	-4.6165	2.6824	352.4400	55.0000	739644.733552
48.4686	-4.6165	2.6824	356.1000	55.0000	739644.733552
48.5850	-4.6165	2.6824	356.1000	55.0000	739644.733552
48.6855	-4.6165	2.6824	356.1000	55.0000	739644.733552
48.8018	-4.6165	2.6824	356.1000	55.0000	739644.733552
48.9186	-4.6165	2.6824	356.1000	55.0000	739644.733552
49.0353	-4.6165	2.6824	356.1000	55.0000	739644.733552
49.1354	-4.6165	2.6824	356.1000	55.0000	739644.733552
49.2522	-4.6165	2.6824	356.1000	55.0000	739644.733552
49.3689	-4.6165	2.6824	356.1000	55.0000	739644.733552
49.4711	-4.6165	2.6824	356.1000	55.0000	739644.733552
49.5866	-4.6165	2.6824	356.1000	55.0000	739644.733552
49.7025	-4.6165	2.6824	356.1000	55.0000	739644.733552
49.8027	-4.6165	2.6824	356.1000	55.0000	739644.733552
49.9029	-4.6165	2.6824	356.1000	55.0000	739644.733552
50.0195	-4.6165	2.6824	357.3200	55.0000	739644.733552
50.1197	-4.6165	2.6824	364.6400	55.0000	739644.733552
50.2367	-4.6165	2.6824	373.1800	55.0000	739644.733552
50.3532	-4.6165	2.6824	381.7200	55.0000	739644.733552
50.4705	-4.6165	2.6824	390.2600	55.0000	739644.733552
50.5866	-4.6165	2.6824	397.5800	55.0000	739644.733552
50.6870	-4.6165	2.6824	397.5800	55.0000	739644.733552
50.8035	-4.6165	2.6824	397.5800	55.0000	739644.733552
50.9036	-4.6165	2.6824	397.5800	55.0000	739644.733552
51.0037	-4.6165	2.6824	396.3600	55.0000	739644.733552
51.1040	-4.6165	2.6824	389.0400	55.0000	739644.733552
51.2206	-4.6165	2.6824	380.5000	55.0000	739644.733552
51.3208	-4.6165	2.6824	373.1800	55.0000	739644.733552
51.4374	-4.6165	2.6824	364.6400	55.0000	739644.733552
51.5375	-4.6165	2.6824	357.3200	55.0000	739644.733552
51.6544	-4.6165	2.6824	348.7800	55.0000	739644.733552
51.7711	-4.6165	2.6824	348.7800	55.0000	739644.733552
51.8713	-4.6165	2.6824	348.7800	55.0000	739644.733552
51.9888	-4.6950	2.6668	348.7800	55.0000	739644.733552
52.1048	-4.8323	2.6396	348.7800	55.0000	739644.733552
52.2050	-4.9500	2.6163	348.7800	55.0000	739644.733552
52.3216	-5.0873	2.5890	348.7800	55.0000	739644.733552
52.4383	-5.2247	2.5618	348.7800	55.0000	739644.733552
52.5550	-5.3620	2.5345	348.7800	55.0000	739644.733552
52.6552	-5.3816	2.5306	348.7800	55.0000	739644.733552
52.7552	-5.3816	2.5306	350.0000	55.0000	739644.733552
52.8553	-5.3816	2.5306	357.3200	55.0000	739644.733552
52.9721	-5.3816	2.5306	365.8600	55.0000	739644.733552
53.0723	-5.3816	2.5306	373.1800	55.0000	739644.733552
53.1724	-5.3816	2.5306	380.5000	55.0000	739644.733552
53.2890	-5.3816	2.5306	389.0400	55.0000	739644.733552
53.3891	-5.3816	2.5306	396.3600	55.0000	739644.733552
53.4892	-5.3816	2.5306	403.6800	55.0000	739644.733552
53.5893	-5.3816	2.5306	404.9000	55.0000	739644.733552
53.6894	-5.3816	2.5306	404.9000	55.0000	739644.733552
53.7895	-5.3816	2.5306	404.9000	55.0000	739644.733552
53.9062	-5.3816	2.5306	404.9000	55.0000	739644.733552
54.0065	-5.3816	2.5306	404.9000	55.0000	739644.733552
54.1234	-5.3816	2.5306	411.0000	55.0000	739644.733552
54.2240	-5.3816	2.5306	418.3200	55.0000	739644.733552
54.3399	-5.3816	2.5306	426.8600	55.0000	739644.733552
54.4403	-5.3816	2.5306	428.0800	55.0000	739644.733552
54.5404	-5.3816	2.5306	428.0800	55.0000	739644.733552
54.6571	-5.4264	2.6420	428.0800	55.0000	739644.733552
54.7737	-5.4637	2.7347	428.0800	55.0000	739644.733552
54.8906	-5.4637	2.7347	436.6200	55.0000	739644.733552
54.9907	-5.4637	2.7347	442.7200	55.0000	739644.733552
55.1075	-5.4688	2.7744	442.7200	55.0000	739644.733552
55.2241	-5.4789	2.8538	442.7200	55.0000	739644.733552
55.3243	-5.4789	2.8538	442.7200	55.0000	739644.733552
55.4246	-5.4789	2.8538	440.2800	55.0000	739644.733552
55.5411	-5.4789	2.8538	431.7400	55.0000	739644.733552
55.6578	-5.4789	2.8538	431.7400	55.0000	739644.733552
55.7580	-5.4789	2.8538	431.7400	55.0000	739644.733552
55.8748	-5.4789	2.8538	436.6200	55.0000	739644.733552
55.9914	-5.4789	2.8538	445.1600	55.0000	739644.733552
56.0916	-5.4789	2.8538	446.3800	55.0000	739644.733552
56.1917	-5.4827	2.9137	446.3800	55.0000	739644.733552
56.2918	-5.4903	3.0334	446.3800	55.0000	739644.733552
56.3919	-5.4979	3.1532	446.3800	55.0000	739644.733552
56.5088	-5.5067	3.2929	446.3800	55.0000	739644.733552
56.6104	-5.5143	3.4127	446.3800	55.0000	739644.733552
56.7255	-5.5231	3.5524	446.3800	55.0000	739644.733552
56.8277	-5.5307	3.6721	446.3800	55.0000	739644.733552
56.9424	-5.5395	3.8119	446.3800	55.0000	739644.733552
57.0591	-5.5484	3.9516	446.3800	55.0000	739644.733552
57.1759	-5.5572	4.0913	446.3800	55.0000	739644.733552
57.2760	-5.5648	4.2111	446.3800	55.0000	739644.733552
57.3761	-5.5724	4.3308	446.3800	55.0000	739644.733552
57.4928	-5.5812	4.4705	446.3800	55.0000	739644.733552
57.5930	-5.5863	4.5504	446.3800	55.0000	739644.733552
57.7108	-5.5863	4.5504	446.3800	55.0000	739644.733552
57.8276	-5.5863	4.5504	446.3800	55.0000	739644.733552
57.9277	-5.5863	4.5504	446.3800	55.0000	739644.733552
58.0433	-5.5913	4.6302	446.3800	55.0000	739644.733552
58.1434	-5.5989	4.7500	446.3800	55.0000	739644.733552
58.2440	-5.6014	4.7899	446.3800	55.0000	739644.733552
58.3440	-5.6014	4.7899	447.6000	55.0000	739644.733552
58.4442	-5.6014	4.7899	454.9200	55.0000	739644.733552
58.5443	-5.6014	4.7899	454.9200	55.0000	739644.733552
58.6444	-5.6014	4.7899	452.4800	55.0000	739644.733552
58.7445	-5.6014	4.7899	445.1600	55.0000	739644.733552
58.8446	-5.6014	4.7899	442.7200	55.0000	739644.733552
58.9447	-5.6014	4.7899	442.7200	55.0000	739644.733552
59.0448	-5.6014	4.7899	442.7200	55.0000	739644.733552
59.1450	-5.6141	4.8891	442.7200	55.0000	739644.733552
59.2618	-5.6318	5.0280	442.7200	55.0000	739644.733552
59.3785	-5.6496	5.1668	442.7200	55.0000	739644.733552
59.4787	-5.6648	5.2859	442.7200	55.0000	739644.733552
59.5953	-5.6800	5.4049	442.7200	55.0000	739644.733552
59.6954	-5.6800	5.4049	441.5000	55.0000	739644.733552
59.7956	-5.6800	5.4049	434.1800	55.0000	739644.733552
59.9123	-5.6800	5.4049	429.3000	55.0000	739644.733552
60.0291	-5.6800	5.4049	429.3000	55.0000	739644.733552
60.1457	-5.6800	5.4049	429.3000	55.0000	739644.733552
60.2625	-5.7224	5.5172	429.3000	55.0000	739644.733552
60.3792	-5.7436	5.5733	429.3000	55.0000	739644.733552
60.4793	-5.7436	5.5733	429.3000	55.0000	739644.733552
60.5795	-5.7436	5.5733	424.4200	55.0000	739644.733552
60.6797	-5.7436	5.5733	419.5400	55.0000	739644.733552
60.7798	-5.7436	5.5733	419.5400	55.0000	739644.733552
60.8965	-5.7943	5.6595	419.5400	55.0000	739644.733552
61.0133	-5.8653	5.7802	419.5400	55.0000	739644.733552
61.1135	-5.9261	5.8836	419.5400	55.0000	739644.733552
61.2302	-5.9971	6.0043	419.5400	55.0000	739644.733552
61.3303	-6.0579	6.1077	419.5400	55.0000	739644.733552
