T	X	Y	HEADING	PERPSECTIVE_ANGLE	NOW_NUM
0.1032	0.0000	0.0000	45.0000	55.0000	739577.464043
0.2167	0.0000	0.0000	45.0000	55.0000	739577.464043
0.3171	0.0000	0.0000	45.0000	55.0000	739577.464043
0.4333	0.0000	0.0000	45.0000	55.0000	739577.464043
0.5334	0.0000	0.0000	45.0000	55.0000	739577.464043
0.6500	0.0000	0.0000	45.0000	55.0000	739577.464043
0.7503	0.0000	0.0000	45.0000	55.0000	739577.464043
0.8691	0.0000	0.0000	45.0000	55.0000	739577.464043
0.9833	0.0000	0.0000	45.0000	55.0000	739577.464043
1.0834	0.0000	0.0000	45.0000	55.0000	739577.464043
1.1835	0.0000	0.0000	42.5600	55.0000	739577.464043
1.3001	0.0000	0.0000	34.0200	55.0000	739577.464043
1.4168	0.0000	0.0000	25.4800	55.0000	739577.464043
1.5169	0.0000	0.0000	18.1600	55.0000	739577.464043
1.6334	0.0000	0.0000	14.5000	55.0000	739577.464043
1.7501	0.0000	0.0000	14.5000	55.0000	739577.464043
1.8665	0.0000	0.0000	14.5000	55.0000	739577.464043
1.9668	0.0000	0.0000	14.5000	55.0000	739577.464043
2.0836	0.0000	0.0000	14.5000	55.0000	739577.464043
2.1837	0.0000	0.0000	14.5000	55.0000	739577.464043
2.3000	0.0000	0.0000	14.5000	55.0000	739577.464043
2.4004	0.0000	0.0000	20.6000	55.0000	739577.464043
2.5172	0.0000	0.0000	26.7000	55.0000	739577.464043
2.6333	0.0000	0.0000	26.7000	55.0000	739577.464043
2.7501	-0.0536	0.0270	26.7000	55.0000	739577.464043
2.8668	-0.1787	0.0899	26.7000	55.0000	739577.464043
2.9833	-0.3037	0.1528	26.7000	55.0000	739577.464043
3.0999	-0.4288	0.2157	26.7000	55.0000	739577.464043
3.2001	-0.5362	0.2692	25.4800	55.0000	739577.464043
3.3002	-0.6480	0.3126	18.1600	55.0000	739577.464043
3.4167	-0.7841	0.3447	9.6200	55.0000	739577.464043
3.5334	-0.9232	0.3605	5.9600	55.0000	739577.464043
3.6336	-1.0426	0.3730	5.9600	55.0000	739577.464043
3.7501	-1.1821	0.3833	1.0800	55.0000	739577.464043
3.8667	-1.3217	0.3744	-6.2400	55.0000	739577.464043
3.9833	-1.4609	0.3592	-6.2400	55.0000	739577.464043
4.0833	-1.5802	0.3462	-6.2400	55.0000	739577.464043
4.2002	-1.7194	0.3310	-6.2400	55.0000	739577.464043
4.3166	-1.8585	0.3157	-6.2400	55.0000	739577.464043
4.4333	-1.9984	0.3124	2.3000	55.0000	739577.464043
4.5502	-2.1374	0.3286	8.4000	55.0000	739577.464043
4.6670	-2.2759	0.3491	8.4000	55.0000	739577.464043
4.7834	-2.4144	0.3695	8.4000	55.0000	739577.464043
4.8835	-2.5331	0.3871	8.4000	55.0000	739577.464043
5.0000	-2.6716	0.4075	8.4000	55.0000	739577.464043
5.1172	-2.8101	0.4280	8.4000	55.0000	739577.464043
5.2335	-2.9486	0.4484	8.4000	55.0000	739577.464043
5.3502	-3.0871	0.4689	8.4000	55.0000	739577.464043
5.4666	-3.2256	0.4893	8.4000	55.0000	739577.464043
5.5667	-3.3443	0.5069	8.4000	55.0000	739577.464043
5.6668	-3.4630	0.5244	8.4000	55.0000	739577.464043
5.7835	-3.6015	0.5448	8.4000	55.0000	739577.464043
5.9001	-3.7400	0.5653	8.4000	55.0000	739577.464043
6.0166	-3.8785	0.5857	8.4000	55.0000	739577.464043
6.1168	-3.9972	0.6033	8.4000	55.0000	739577.464043
6.2335	-4.1357	0.6237	8.4000	55.0000	739577.464043
6.3498	-4.2741	0.6446	9.6200	55.0000	739577.464043
6.4504	-4.3905	0.6734	16.9400	55.0000	739577.464043
6.5667	-4.5204	0.7254	25.4800	55.0000	739577.464043
6.6668	-4.6245	0.7849	32.8000	55.0000	739577.464043
6.7681	-4.7202	0.8572	40.1200	55.0000	739577.464043
6.8834	-4.8191	0.9561	48.6600	55.0000	739577.464043
6.9998	-4.9022	1.0686	57.2000	55.0000	739577.464043
7.1001	-4.9595	1.1739	64.5200	55.0000	739577.464043
7.2167	-5.0127	1.3034	68.1800	55.0000	739577.464043
7.3334	-5.0499	1.3962	68.1800	55.0000	739577.464043
7.4334	-5.0499	1.3962	68.1800	55.0000	739577.464043
7.5500	-5.0499	1.3962	68.1800	55.0000	739577.464043
7.6666	-5.0499	1.3962	68.1800	55.0000	739577.464043
7.7835	-5.0499	1.3962	68.1800	55.0000	739577.464043
7.9001	-5.0499	1.3962	68.1800	55.0000	739577.464043
8.0168	-5.0499	1.3962	76.7200	55.0000	739577.464043
8.1333	-5.0499	1.3962	85.2600	55.0000	739577.464043
8.2334	-5.0499	1.3962	92.5800	55.0000	739577.464043
8.3520	-5.0499	1.3962	101.1200	55.0000	739577.464043
8.4666	-5.0499	1.3962	109.6600	55.0000	739577.464043
8.5832	-5.0499	1.3962	118.2000	55.0000	739577.464043
8.6999	-5.0499	1.3962	126.7400	55.0000	739577.464043
8.8166	-5.0499	1.3962	135.2800	55.0000	739577.464043
8.9168	-5.0499	1.3962	142.6000	55.0000	739577.464043
9.0334	-5.0499	1.3962	151.1400	55.0000	739577.464043
9.1335	-5.0499	1.3962	158.4600	55.0000	739577.464043
9.2499	-5.0499	1.3962	167.0000	55.0000	739577.464043
9.3500	-5.0499	1.3962	170.6600	55.0000	739577.464043
9.4670	-5.0499	1.3962	170.6600	55.0000	739577.464043
9.5835	-4.9907	1.4060	170.6600	55.0000	739577.464043
9.7001	-4.8525	1.4287	170.6600	55.0000	739577.464043
9.8167	-4.7144	1.4514	170.6600	55.0000	739577.464043
9.9335	-4.5762	1.4741	170.6600	55.0000	739577.464043
10.0500	-4.4381	1.4969	170.6600	55.0000	739577.464043
10.1668	-4.3000	1.5196	170.6600	55.0000	739577.464043
10.2670	-4.1815	1.5391	170.6600	55.0000	739577.464043
10.3833	-4.0434	1.5618	170.6600	55.0000	739577.464043
10.5001	-3.9053	1.5845	170.6600	55.0000	739577.464043
10.6166	-3.7669	1.6060	173.1000	55.0000	739577.464043
10.7172	-3.6471	1.6119	179.2000	55.0000	739577.464043
10.8332	-3.5071	1.6138	179.2000	55.0000	739577.464043
10.9334	-3.4272	1.6150	179.2000	55.0000	739577.464043
11.0336	-3.4272	1.6150	179.2000	55.0000	739577.464043
11.1500	-3.4272	1.6150	179.2000	55.0000	739577.464043
11.2666	-3.4272	1.6150	174.3200	55.0000	739577.464043
11.3667	-3.4272	1.6150	167.0000	55.0000	739577.464043
11.4834	-3.4272	1.6150	164.5600	55.0000	739577.464043
11.5837	-3.4272	1.6150	164.5600	55.0000	739577.464043
11.7000	-3.4272	1.6150	164.5600	55.0000	739577.464043
11.8001	-3.4272	1.6150	164.5600	55.0000	739577.464043
11.9167	-3.4272	1.6150	164.5600	55.0000	739577.464043
12.0334	-3.4272	1.6150	158.4600	55.0000	739577.464043
12.1499	-3.4272	1.6150	149.9200	55.0000	739577.464043
12.2501	-3.4272	1.6150	142.6000	55.0000	739577.464043
12.3518	-3.4272	1.6150	135.2800	55.0000	739577.464043
12.4668	-3.4272	1.6150	126.7400	55.0000	739577.464043
12.5836	-3.4272	1.6150	118.2000	55.0000	739577.464043
12.7000	-3.4272	1.6150	109.6600	55.0000	739577.464043
12.8001	-3.4272	1.6150	102.3400	55.0000	739577.464043
12.9166	-3.4272	1.6150	93.8000	55.0000	739577.464043
13.0167	-3.4272	1.6150	91.3600	55.0000	739577.464043
13.1169	-3.4272	1.6150	91.3600	55.0000	739577.464043
13.2334	-3.4262	1.6549	91.3600	55.0000	739577.464043
13.3501	-3.4229	1.7949	91.3600	55.0000	739577.464043
13.4667	-3.4196	1.9349	91.3600	55.0000	739577.464043
13.5668	-3.4167	2.0548	91.3600	55.0000	739577.464043
13.6669	-3.4139	2.1748	91.3600	55.0000	739577.464043
13.7836	-3.4105	2.3148	91.3600	55.0000	739577.464043
13.9001	-3.4072	2.4547	91.3600	55.0000	739577.464043
14.0165	-3.4039	2.5947	91.3600	55.0000	739577.464043
14.1170	-3.4010	2.7146	91.3600	55.0000	739577.464043
14.2333	-3.3977	2.8546	91.3600	55.0000	739577.464043
14.3498	-3.3944	2.9946	91.3600	55.0000	739577.464043
14.4501	-3.3916	3.1145	91.3600	55.0000	739577.464043
14.5666	-3.3882	3.2545	91.3600	55.0000	739577.464043
14.6667	-3.3854	3.3745	91.3600	55.0000	739577.464043
14.7668	-3.3825	3.4944	91.3600	55.0000	739577.464043
14.8834	-3.3792	3.6344	91.3600	55.0000	739577.464043
14.9840	-3.3764	3.7544	91.3600	55.0000	739577.464043
15.0867	-3.3735	3.8743	91.3600	55.0000	739577.464043
15.2001	-3.3702	4.0143	91.3600	55.0000	739577.464043
15.3168	-3.3669	4.1542	91.3600	55.0000	739577.464043
15.4217	-3.3640	4.2742	91.3600	55.0000	739577.464043
15.5334	-3.3607	4.4142	91.3600	55.0000	739577.464043
15.6337	-3.3579	4.5341	91.3600	55.0000	739577.464043
15.7499	-3.3545	4.6741	91.3600	55.0000	739577.464043
15.8502	-3.3517	4.7941	91.3600	55.0000	739577.464043
15.9503	-3.3488	4.9140	91.3600	55.0000	739577.464043
16.0668	-3.3465	5.0140	91.3600	55.0000	739577.464043
16.1670	-3.3465	5.0140	91.3600	55.0000	739577.464043
16.2837	-3.3465	5.0140	90.1400	55.0000	739577.464043
16.4000	-3.3465	5.0140	81.6000	55.0000	739577.464043
16.5168	-3.3465	5.0140	73.0600	55.0000	739577.464043
16.6168	-3.3465	5.0140	65.7400	55.0000	739577.464043
16.7337	-3.3465	5.0140	57.2000	55.0000	739577.464043
16.8499	-3.3465	5.0140	48.6600	55.0000	739577.464043
16.9501	-3.3465	5.0140	46.2200	55.0000	739577.464043
17.0670	-3.3465	5.0140	46.2200	55.0000	739577.464043
17.1831	-3.3603	5.0284	46.2200	55.0000	739577.464043
17.2835	-3.4433	5.1151	46.2200	55.0000	739577.464043
17.3999	-3.5282	5.1999	41.3400	55.0000	739577.464043
17.5002	-3.5282	5.1999	34.0200	55.0000	739577.464043
17.6166	-3.5282	5.1999	25.4800	55.0000	739577.464043
17.7168	-3.5282	5.1999	18.1600	55.0000	739577.464043
17.8333	-3.5282	5.1999	9.6200	55.0000	739577.464043
17.9334	-3.6079	5.2057	2.3000	55.0000	739577.464043
18.0335	-3.7278	5.2015	-5.0200	55.0000	739577.464043
18.1501	-3.8656	5.1775	-13.5600	55.0000	739577.464043
18.2666	-4.0008	5.1414	-12.3400	55.0000	739577.464043
18.3669	-4.1095	5.1263	-5.0200	55.0000	739577.464043
18.4670	-4.2095	5.1265	2.3000	55.0000	739577.464043
18.5833	-4.3483	5.1440	10.8400	55.0000	739577.464043
18.6834	-4.4640	5.1753	18.1600	55.0000	739577.464043
18.7999	-4.5927	5.2300	26.7000	55.0000	739577.464043
18.9168	-4.7119	5.3033	35.2400	55.0000	739577.464043
19.0337	-4.8189	5.3934	43.7800	55.0000	739577.464043
19.1503	-4.9113	5.4984	52.3200	55.0000	739577.464043
19.2666	-4.9693	5.5798	51.1000	55.0000	739577.464043
19.3669	-4.9693	5.5798	43.7800	55.0000	739577.464043
19.4833	-4.9693	5.5798	35.2400	55.0000	739577.464043
19.6000	-4.9693	5.5798	26.7000	55.0000	739577.464043
19.7167	-4.9693	5.5798	18.1600	55.0000	739577.464043
19.8333	-5.0863	5.6061	9.6200	55.0000	739577.464043
19.9334	-5.2055	5.6199	5.9600	55.0000	739577.464043
20.0335	-5.3248	5.6323	5.9600	55.0000	739577.464043
20.1498	-5.4641	5.6469	5.9600	55.0000	739577.464043
20.2499	-5.5829	5.6635	10.8400	55.0000	739577.464043
20.3667	-5.7175	5.7014	19.3800	55.0000	739577.464043
20.4668	-5.8274	5.7495	26.7000	55.0000	739577.464043
20.5834	-5.9465	5.8228	35.2400	55.0000	739577.464043
20.7000	-6.0535	5.9129	43.7800	55.0000	739577.464043
20.8166	-6.1459	6.0179	52.3200	55.0000	739577.464043
