T	X	Y	HEADING	PERPSECTIVE_ANGLE	NOW_NUM
0.1110	0.0000	0.0000	45.0000	55.0000	739557.502025
0.2147	0.0000	0.0000	45.0000	55.0000	739557.502025
0.3299	0.0000	0.0000	45.0000	55.0000	739557.502025
0.4299	0.0000	0.0000	45.0000	55.0000	739557.502025
0.5300	0.0000	0.0000	45.0000	55.0000	739557.502025
0.6465	0.0000	0.0000	45.0000	55.0000	739557.502025
0.7466	0.0000	0.0000	45.0000	55.0000	739557.502025
0.8638	0.0000	0.0000	45.0000	55.0000	739557.502025
0.9799	0.0000	0.0000	45.0000	55.0000	739557.502025
1.0800	0.0000	0.0000	45.0000	55.0000	739557.502025
1.1969	0.0000	0.0000	45.0000	55.0000	739557.502025
1.3132	0.0000	0.0000	45.0000	55.0000	739557.502025
1.4134	0.0000	0.0000	45.0000	55.0000	739557.502025
1.5298	0.0000	0.0000	45.0000	55.0000	739557.502025
1.6301	-0.0707	0.0707	45.0000	55.0000	739557.502025
1.7465	-0.1697	0.1697	45.0000	55.0000	739557.502025
1.8633	-0.2687	0.2687	45.0000	55.0000	739557.502025
1.9803	-0.3677	0.3677	45.0000	55.0000	739557.502025
2.0965	-0.4667	0.4667	45.0000	55.0000	739557.502025
2.2132	-0.5091	0.5091	45.0000	55.0000	739557.502025
2.3299	-0.5091	0.5091	45.0000	55.0000	739557.502025
2.4467	-0.5091	0.5091	45.0000	55.0000	739557.502025
2.5632	-0.5091	0.5091	53.5400	55.0000	739557.502025
2.6633	-0.5091	0.5091	60.8600	55.0000	739557.502025
2.7801	-0.5091	0.5091	69.4000	55.0000	739557.502025
2.8802	-0.5091	0.5091	76.7200	55.0000	739557.502025
2.9969	-0.5091	0.5091	81.6000	55.0000	739557.502025
3.1134	-0.5091	0.5091	81.6000	55.0000	739557.502025
3.2310	-0.5091	0.5091	81.6000	55.0000	739557.502025
3.3469	-0.5091	0.5091	81.6000	55.0000	739557.502025
3.4473	-0.5091	0.5091	86.4800	55.0000	739557.502025
3.5636	-0.5091	0.5091	95.0200	55.0000	739557.502025
3.6637	-0.5091	0.5091	101.1200	55.0000	739557.502025
3.7802	-0.5091	0.5091	101.1200	55.0000	739557.502025
3.8810	-0.5091	0.5091	101.1200	55.0000	739557.502025
3.9973	-0.4898	0.6072	101.1200	55.0000	739557.502025
4.1135	-0.4628	0.7446	101.1200	55.0000	739557.502025
4.2300	-0.4358	0.8820	101.1200	55.0000	739557.502025
4.3469	-0.4088	1.0194	101.1200	55.0000	739557.502025
4.4637	-0.3818	1.1567	101.1200	55.0000	739557.502025
4.5803	-0.3780	1.1764	101.1200	55.0000	739557.502025
4.6969	-0.3780	1.1764	101.1200	55.0000	739557.502025
4.7971	-0.3780	1.1764	101.1200	55.0000	739557.502025
4.8972	-0.3625	1.2548	101.1200	55.0000	739557.502025
5.0137	-0.3394	1.3726	101.1200	55.0000	739557.502025
5.1138	-0.3394	1.3726	101.1200	55.0000	739557.502025
5.2142	-0.3394	1.3726	101.1200	55.0000	739557.502025
5.3301	-0.3394	1.3726	101.1200	55.0000	739557.502025
5.4304	-0.3394	1.3726	95.0200	55.0000	739557.502025
5.5468	-0.3394	1.3726	86.4800	55.0000	739557.502025
5.6469	-0.3394	1.3726	79.1600	55.0000	739557.502025
5.7634	-0.3394	1.3726	70.6200	55.0000	739557.502025
5.8803	-0.3394	1.3726	68.1800	55.0000	739557.502025
5.9807	-0.3394	1.3726	68.1800	55.0000	739557.502025
6.0969	-0.3394	1.3726	69.4000	55.0000	739557.502025
6.1971	-0.3394	1.3726	76.7200	55.0000	739557.502025
6.3135	-0.3394	1.3726	85.2600	55.0000	739557.502025
6.4136	-0.3394	1.3726	87.7000	55.0000	739557.502025
6.5301	-0.3394	1.3726	87.7000	55.0000	739557.502025
6.6303	-0.3418	1.4325	87.7000	55.0000	739557.502025
6.7474	-0.3474	1.5724	87.7000	55.0000	739557.502025
6.8636	-0.3530	1.7123	87.7000	55.0000	739557.502025
6.9804	-0.3587	1.8522	87.7000	55.0000	739557.502025
7.0971	-0.3643	1.9921	87.7000	55.0000	739557.502025
7.2136	-0.3683	2.0920	87.7000	55.0000	739557.502025
7.3301	-0.3683	2.0920	87.7000	55.0000	739557.502025
7.4304	-0.3683	2.0920	80.3800	55.0000	739557.502025
7.5472	-0.3683	2.0920	71.8400	55.0000	739557.502025
7.6634	-0.3683	2.0920	63.3000	55.0000	739557.502025
7.7638	-0.3683	2.0920	55.9800	55.0000	739557.502025
7.8803	-0.3683	2.0920	47.4400	55.0000	739557.502025
7.9967	-0.3683	2.0920	38.9000	55.0000	739557.502025
8.0971	-0.3683	2.0920	31.5800	55.0000	739557.502025
8.2135	-0.3683	2.0920	23.0400	55.0000	739557.502025
8.3136	-0.3683	2.0920	15.7200	55.0000	739557.502025
8.4302	-0.3683	2.0920	8.4000	55.0000	739557.502025
8.5304	-0.3683	2.0920	8.4000	55.0000	739557.502025
8.6468	-0.3683	2.0920	8.4000	55.0000	739557.502025
8.7634	-0.3683	2.0920	8.4000	55.0000	739557.502025
8.8801	-0.3683	2.0920	8.4000	55.0000	739557.502025
8.9804	-0.4079	2.0979	8.4000	55.0000	739557.502025
9.0969	-0.5464	2.1183	8.4000	55.0000	739557.502025
9.1972	-0.6651	2.1358	8.4000	55.0000	739557.502025
9.3136	-0.8036	2.1563	8.4000	55.0000	739557.502025
9.4137	-0.9223	2.1738	8.4000	55.0000	739557.502025
9.5304	-1.0608	2.1943	8.4000	55.0000	739557.502025
9.6305	-1.1795	2.2118	8.4000	55.0000	739557.502025
9.7471	-1.3180	2.2323	8.4000	55.0000	739557.502025
9.8635	-1.4565	2.2527	8.4000	55.0000	739557.502025
9.9639	-1.5752	2.2702	8.4000	55.0000	739557.502025
10.0802	-1.7137	2.2907	8.4000	55.0000	739557.502025
10.1803	-1.8324	2.3082	8.4000	55.0000	739557.502025
10.2972	-1.9709	2.3287	8.4000	55.0000	739557.502025
10.4135	-2.1094	2.3491	8.4000	55.0000	739557.502025
10.5136	-2.2281	2.3667	8.4000	55.0000	739557.502025
10.6138	-2.3468	2.3842	8.4000	55.0000	739557.502025
10.7303	-2.4853	2.4046	8.4000	55.0000	739557.502025
10.8467	-2.5447	2.4134	13.2800	55.0000	739557.502025
10.9470	-2.5447	2.4134	20.6000	55.0000	739557.502025
11.0471	-2.5447	2.4134	27.9200	55.0000	739557.502025
11.1636	-2.5447	2.4134	36.4600	55.0000	739557.502025
11.2802	-2.5447	2.4134	45.0000	55.0000	739557.502025
11.3966	-2.5447	2.4134	53.5400	55.0000	739557.502025
11.4971	-2.5447	2.4134	60.8600	55.0000	739557.502025
11.5972	-2.5447	2.4134	68.1800	55.0000	739557.502025
11.7135	-2.5447	2.4134	76.7200	55.0000	739557.502025
11.8135	-2.5447	2.4134	76.7200	55.0000	739557.502025
11.9137	-2.5539	2.4523	76.7200	55.0000	739557.502025
12.0139	-2.5814	2.5691	76.7200	55.0000	739557.502025
12.1303	-2.6136	2.7054	76.7200	55.0000	739557.502025
12.2305	-2.6412	2.8222	76.7200	55.0000	739557.502025
12.3468	-2.6733	2.9584	76.7200	55.0000	739557.502025
12.4635	-2.7055	3.0947	76.7200	55.0000	739557.502025
12.5803	-2.7376	3.2309	76.7200	55.0000	739557.502025
12.6804	-2.7652	3.3477	76.7200	55.0000	739557.502025
12.7805	-2.7928	3.4645	76.7200	55.0000	739557.502025
12.8971	-2.8249	3.6008	76.7200	55.0000	739557.502025
13.0138	-2.8571	3.7370	76.7200	55.0000	739557.502025
13.1304	-2.8893	3.8733	76.7200	55.0000	739557.502025
13.2306	-2.9168	3.9901	76.7200	55.0000	739557.502025
13.3468	-2.9306	4.0485	76.7200	55.0000	739557.502025
13.4637	-2.9306	4.0485	76.7200	55.0000	739557.502025
13.5803	-2.9306	4.0485	71.8400	55.0000	739557.502025
13.6970	-2.9306	4.0485	63.3000	55.0000	739557.502025
13.7971	-2.9306	4.0485	55.9800	55.0000	739557.502025
13.9137	-2.9306	4.0485	47.4400	55.0000	739557.502025
14.0303	-2.9306	4.0485	41.3400	55.0000	739557.502025
14.1468	-2.9306	4.0485	41.3400	55.0000	739557.502025
14.2469	-2.9907	4.1013	41.3400	55.0000	739557.502025
14.3472	-3.0808	4.1806	41.3400	55.0000	739557.502025
14.4634	-3.1859	4.2731	41.3400	55.0000	739557.502025
14.5635	-3.2760	4.3523	41.3400	55.0000	739557.502025
14.6638	-3.3360	4.4052	41.3400	55.0000	739557.502025
14.7806	-3.3360	4.4052	41.3400	55.0000	739557.502025
14.8969	-3.3360	4.4052	34.0200	55.0000	739557.502025
15.0137	-3.3360	4.4052	25.4800	55.0000	739557.502025
15.1301	-3.3360	4.4052	16.9400	55.0000	739557.502025
15.2468	-3.3360	4.4052	8.4000	55.0000	739557.502025
15.3470	-3.3360	4.4052	3.5200	55.0000	739557.502025
15.4635	-3.3760	4.4076	3.5200	55.0000	739557.502025
15.5638	-3.4957	4.4150	3.5200	55.0000	739557.502025
15.6800	-3.6355	4.4236	3.5200	55.0000	739557.502025
15.7801	-3.7552	4.4309	3.5200	55.0000	739557.502025
15.8970	-3.8950	4.4395	3.5200	55.0000	739557.502025
16.0135	-4.0347	4.4481	3.5200	55.0000	739557.502025
16.1303	-4.1745	4.4567	3.5200	55.0000	739557.502025
16.2305	-4.2942	4.4641	3.5200	55.0000	739557.502025
16.3471	-4.3541	4.4678	3.5200	55.0000	739557.502025
16.4636	-4.3541	4.4678	1.0800	55.0000	739557.502025
16.5805	-4.3541	4.4678	-7.4600	55.0000	739557.502025
16.6969	-4.3541	4.4678	-16.0000	55.0000	739557.502025
16.8138	-4.3541	4.4678	-24.5400	55.0000	739557.502025
16.9303	-4.3541	4.4678	-33.0800	55.0000	739557.502025
17.0468	-4.3541	4.4678	-41.6200	55.0000	739557.502025
17.1636	-4.3541	4.4678	-50.1600	55.0000	739557.502025
17.2804	-4.3541	4.4678	-58.7000	55.0000	739557.502025
17.3969	-4.3541	4.4678	-67.2400	55.0000	739557.502025
17.4970	-4.3541	4.4678	-74.5600	55.0000	739557.502025
17.5971	-4.3541	4.4678	-81.8800	55.0000	739557.502025
17.7137	-4.3541	4.4678	-90.4200	55.0000	739557.502025
17.8302	-4.3541	4.4678	-92.8600	55.0000	739557.502025
17.9467	-4.3521	4.4278	-92.8600	55.0000	739557.502025
18.0468	-4.3461	4.3080	-92.8600	55.0000	739557.502025
18.1471	-4.3401	4.1881	-92.8600	55.0000	739557.502025
18.2635	-4.3332	4.0483	-92.8600	55.0000	739557.502025
18.3637	-4.3272	3.9285	-92.8600	55.0000	739557.502025
18.4804	-4.3202	3.7886	-92.8600	55.0000	739557.502025
18.5970	-4.3132	3.6488	-92.8600	55.0000	739557.502025
18.7134	-4.3062	3.5090	-92.8600	55.0000	739557.502025
18.8140	-4.3002	3.3891	-92.8600	55.0000	739557.502025
18.9302	-4.2932	3.2493	-92.8600	55.0000	739557.502025
19.0468	-4.2863	3.1095	-92.8600	55.0000	739557.502025
19.1472	-4.2803	2.9896	-92.8600	55.0000	739557.502025
19.2636	-4.2733	2.8498	-92.8600	55.0000	739557.502025
19.3801	-4.2663	2.7100	-92.8600	55.0000	739557.502025
19.4972	-4.2593	2.5701	-92.8600	55.0000	739557.502025
19.6135	-4.2523	2.4303	-92.8600	55.0000	739557.502025
19.7136	-4.2463	2.3105	-92.8600	55.0000	739557.502025
19.8305	-4.2394	2.1706	-92.8600	55.0000	739557.502025
19.9472	-4.2324	2.0308	-92.8600	55.0000	739557.502025
20.0640	-4.2254	1.8910	-92.8600	55.0000	739557.502025
20.1802	-4.2184	1.7512	-92.8600	55.0000	739557.502025
20.2969	-4.2114	1.6113	-92.8600	55.0000	739557.502025
20.4136	-4.2044	1.4715	-92.8600	55.0000	739557.502025
20.5305	-4.2034	1.4515	-92.8600	55.0000	739557.502025
20.6306	-4.2034	1.4515	-92.8600	55.0000	739557.502025
20.7473	-4.2034	1.4515	-92.8600	55.0000	739557.502025
20.8634	-4.2034	1.4515	-92.8600	55.0000	739557.502025
20.9636	-4.2034	1.4515	-92.8600	55.0000	739557.502025
21.0801	-4.1974	1.3317	-92.8600	55.0000	739557.502025
21.1802	-4.1915	1.2118	-92.8600	55.0000	739557.502025
21.2968	-4.1845	1.0720	-92.8600	55.0000	739557.502025
21.3977	-4.1785	0.9522	-92.8600	55.0000	739557.502025
21.5135	-4.1715	0.8123	-92.8600	55.0000	739557.502025
21.6135	-4.1695	0.7724	-92.8600	55.0000	739557.502025
21.7303	-4.1695	0.7724	-85.5400	55.0000	739557.502025
21.8306	-4.1695	0.7724	-78.2200	55.0000	739557.502025
21.9469	-4.1695	0.7724	-69.6800	55.0000	739557.502025
22.0470	-4.1695	0.7724	-62.3600	55.0000	739557.502025
22.1634	-4.1695	0.7724	-53.8200	55.0000	739557.502025
22.2804	-4.1695	0.7724	-45.2800	55.0000	739557.502025
22.3969	-4.1695	0.7724	-36.7400	55.0000	739557.502025
22.4970	-4.1695	0.7724	-29.4200	55.0000	739557.502025
22.5971	-4.1695	0.7724	-22.1000	55.0000	739557.502025
22.7137	-4.1695	0.7724	-13.5600	55.0000	739557.502025
22.8304	-4.1695	0.7724	-9.9000	55.0000	739557.502025
22.9469	-4.1695	0.7724	-9.9000	55.0000	739557.502025
23.0472	-4.2680	0.7552	-9.9000	55.0000	739557.502025
23.1637	-4.4059	0.7311	-9.9000	55.0000	739557.502025
23.2801	-4.5438	0.7071	-9.9000	55.0000	739557.502025
23.3969	-4.6818	0.6830	-9.9000	55.0000	739557.502025
23.4971	-4.8000	0.6624	-9.9000	55.0000	739557.502025
23.6138	-4.9379	0.6383	-9.9000	55.0000	739557.502025
23.7303	-5.0758	0.6142	-9.9000	55.0000	739557.502025
23.8471	-5.2137	0.5901	-9.9000	55.0000	739557.502025
23.9635	-5.3516	0.5661	-9.9000	55.0000	739557.502025
24.0802	-5.4304	0.5523	-9.9000	55.0000	739557.502025
24.1971	-5.4304	0.5523	-5.0200	55.0000	739557.502025
24.3138	-5.4304	0.5523	3.5200	55.0000	739557.502025
24.4307	-5.4304	0.5523	12.0600	55.0000	739557.502025
24.5471	-5.4304	0.5523	20.6000	55.0000	739557.502025
24.6637	-5.4304	0.5523	29.1400	55.0000	739557.502025
24.7640	-5.4304	0.5523	36.4600	55.0000	739557.502025
24.8803	-5.4304	0.5523	45.0000	55.0000	739557.502025
24.9970	-5.4304	0.5523	53.5400	55.0000	739557.502025
25.1139	-5.4304	0.5523	62.0800	55.0000	739557.502025
25.2303	-5.4304	0.5523	70.6200	55.0000	739557.502025
25.3470	-5.4304	0.5523	71.8400	55.0000	739557.502025
25.4637	-5.4304	0.5523	80.3800	55.0000	739557.502025
25.5806	-5.4304	0.5523	85.2600	55.0000	739557.502025
25.6972	-5.4304	0.5523	85.2600	55.0000	739557.502025
25.8136	-5.4304	0.5523	85.2600	55.0000	739557.502025
25.9304	-5.4337	0.5922	85.2600	55.0000	739557.502025
26.0481	-5.4453	0.7317	85.2600	55.0000	739557.502025
26.1639	-5.4569	0.8712	85.2600	55.0000	739557.502025
26.2803	-5.4685	1.0107	85.2600	55.0000	739557.502025
26.3976	-5.4800	1.1503	85.2600	55.0000	739557.502025
26.5137	-5.4916	1.2898	85.2600	55.0000	739557.502025
26.6304	-5.5032	1.4293	85.2600	55.0000	739557.502025
26.7470	-5.5147	1.5688	85.2600	55.0000	739557.502025
26.8472	-5.5246	1.6884	85.2600	55.0000	739557.502025
26.9671	-5.5362	1.8279	85.2600	55.0000	739557.502025
27.0802	-5.5478	1.9675	85.2600	55.0000	739557.502025
27.1807	-5.5577	2.0871	85.2600	55.0000	739557.502025
27.2968	-5.5693	2.2266	85.2600	55.0000	739557.502025
27.3969	-5.5792	2.3462	85.2600	55.0000	739557.502025
27.5134	-5.5907	2.4857	85.2600	55.0000	739557.502025
27.6140	-5.5941	2.5255	88.9200	55.0000	739557.502025
27.7303	-5.5941	2.5255	97.4600	55.0000	739557.502025
27.8470	-5.5941	2.5255	106.0000	55.0000	739557.502025
27.9634	-5.5941	2.5255	114.5400	55.0000	739557.502025
28.0635	-5.5941	2.5255	118.2000	55.0000	739557.502025
28.1637	-5.5941	2.5255	118.2000	55.0000	739557.502025
28.2802	-5.5279	2.6489	118.2000	55.0000	739557.502025
28.3803	-5.4712	2.7547	118.2000	55.0000	739557.502025
28.4968	-5.4050	2.8781	118.2000	55.0000	739557.502025
28.5970	-5.3483	2.9838	118.2000	55.0000	739557.502025
28.7135	-5.2822	3.1072	118.2000	55.0000	739557.502025
28.8136	-5.2255	3.2130	118.2000	55.0000	739557.502025
28.9139	-5.1688	3.3187	118.2000	55.0000	739557.502025
29.0307	-5.1310	3.4157	118.2000	55.0000	739557.502025
29.1470	-5.1310	3.4597	118.2000	55.0000	739557.502025
29.2481	-5.1310	3.4597	113.3200	55.0000	739557.502025
29.3637	-5.1310	3.4597	104.7800	55.0000	739557.502025
29.4802	-5.1310	3.4597	96.2400	55.0000	739557.502025
29.5968	-5.1310	3.4597	87.7000	55.0000	739557.502025
29.6969	-5.1310	3.4597	87.7000	55.0000	739557.502025
29.7971	-5.1358	3.5796	87.7000	55.0000	739557.502025
29.9142	-5.1414	3.7195	87.7000	55.0000	739557.502025
30.0303	-5.1470	3.8594	87.7000	55.0000	739557.502025
30.1472	-5.1526	3.9993	87.7000	55.0000	739557.502025
30.2638	-5.1582	4.1392	87.7000	55.0000	739557.502025
30.3804	-5.1639	4.2791	87.7000	55.0000	739557.502025
30.4969	-5.1695	4.4190	87.7000	55.0000	739557.502025
30.6137	-5.1751	4.5588	87.7000	55.0000	739557.502025
30.7304	-5.1751	4.5588	82.8200	55.0000	739557.502025
30.8305	-5.1751	4.5588	75.5000	55.0000	739557.502025
30.9306	-5.1751	4.5588	68.1800	55.0000	739557.502025
31.0469	-5.1751	4.5588	62.0800	55.0000	739557.502025
31.1637	-5.1751	4.5588	62.0800	55.0000	739557.502025
31.2802	-5.1938	4.5942	62.0800	55.0000	739557.502025
31.3803	-5.2500	4.7002	62.0800	55.0000	739557.502025
31.4973	-5.3156	4.8239	62.0800	55.0000	739557.502025
31.6134	-5.3811	4.9476	62.0800	55.0000	739557.502025
31.7136	-5.4373	5.0537	62.0800	55.0000	739557.502025
31.8138	-5.4935	5.1597	62.0800	55.0000	739557.502025
31.9304	-5.5591	5.2834	62.0800	55.0000	739557.502025
32.0468	-5.6246	5.4071	62.0800	55.0000	739557.502025
32.1470	-5.6808	5.5131	62.0800	55.0000	739557.502025
32.2636	-5.7464	5.6368	62.0800	55.0000	739557.502025
32.3637	-5.8025	5.7429	62.0800	55.0000	739557.502025
32.4804	-5.8681	5.8666	62.0800	55.0000	739557.502025
32.5968	-5.9336	5.9903	62.0800	55.0000	739557.502025
32.6969	-5.9898	6.0963	62.0800	55.0000	739557.502025
32.7971	-6.0460	6.2023	62.0800	55.0000	739557.502025
0.1217	0.0000	0.0000	45.0000	55.0000	739557.537480
0.2268	0.0000	0.0000	45.0000	55.0000	739557.537480
0.3269	0.0000	0.0000	45.0000	55.0000	739557.537480
0.4435	0.0000	0.0000	45.0000	55.0000	739557.537480
0.5602	0.0000	0.0000	45.0000	55.0000	739557.537480
0.6603	0.0000	0.0000	45.0000	55.0000	739557.537480
0.7768	0.0000	0.0000	45.0000	55.0000	739557.537480
0.8936	0.0000	0.0000	45.0000	55.0000	739557.537480
0.9939	0.0000	0.0000	45.0000	55.0000	739557.537480
1.1102	0.0000	0.0000	45.0000	55.0000	739557.537480
1.2103	0.0000	0.0000	45.0000	55.0000	739557.537480
1.3104	0.0000	0.0000	45.0000	55.0000	739557.537480
1.4273	0.0000	0.0000	45.0000	55.0000	739557.537480
1.5435	0.0000	0.0000	45.0000	55.0000	739557.537480
1.6440	0.0000	0.0000	45.0000	55.0000	739557.537480
1.7602	0.0000	0.0000	45.0000	55.0000	739557.537480
1.8768	0.0000	0.0000	45.0000	55.0000	739557.537480
1.9938	0.0000	0.0000	45.0000	55.0000	739557.537480
2.0939	0.0000	0.0000	45.0000	55.0000	739557.537480
2.2102	0.0000	0.0000	45.0000	55.0000	739557.537480
2.3105	0.0000	0.0000	45.0000	55.0000	739557.537480
2.4270	0.0000	0.0000	45.0000	55.0000	739557.537480
2.5436	0.0000	0.0000	49.8800	55.0000	739557.537480
2.6604	0.0000	0.0000	55.9800	55.0000	739557.537480
2.7606	0.0000	0.0000	55.9800	55.0000	739557.537480
2.8775	0.0000	0.0000	55.9800	55.0000	739557.537480
2.9938	0.0000	0.0000	55.9800	55.0000	739557.537480
3.0939	0.0000	0.0000	55.9800	55.0000	739557.537480
3.1942	0.0000	0.0000	55.9800	55.0000	739557.537480
3.3103	-0.0448	0.0663	55.9800	55.0000	739557.537480
3.4105	-0.1119	0.1658	55.9800	55.0000	739557.537480
3.5107	-0.1790	0.2652	55.9800	55.0000	739557.537480
3.6111	-0.2462	0.3647	55.9800	55.0000	739557.537480
3.7271	-0.3245	0.4807	55.9800	55.0000	739557.537480
3.8437	-0.3693	0.5470	55.9800	55.0000	739557.537480
3.9609	-0.3693	0.5470	55.9800	55.0000	739557.537480
4.0772	-0.3693	0.5470	55.9800	55.0000	739557.537480
4.1774	-0.3693	0.5470	55.9800	55.0000	739557.537480
4.2939	-0.4476	0.6631	55.9800	55.0000	739557.537480
4.4104	-0.5259	0.7791	55.9800	55.0000	739557.537480
4.5106	-0.5595	0.8288	55.9800	55.0000	739557.537480
4.6271	-0.5595	0.8288	55.9800	55.0000	739557.537480
4.7274	-0.5595	0.8288	55.9800	55.0000	739557.537480
4.8438	-0.5595	0.8288	55.9800	55.0000	739557.537480
4.9603	-0.5595	0.8288	48.6600	55.0000	739557.537480
5.0608	-0.5595	0.8288	41.3400	55.0000	739557.537480
5.1772	-0.5595	0.8288	41.3400	55.0000	739557.537480
5.2937	-0.6045	0.8685	41.3400	55.0000	739557.537480
5.4103	-0.7096	0.9609	41.3400	55.0000	739557.537480
5.5104	-0.7997	1.0402	41.3400	55.0000	739557.537480
5.6271	-0.9049	1.1327	41.3400	55.0000	739557.537480
5.7442	-1.0100	1.2252	41.3400	55.0000	739557.537480
5.8604	-1.1151	1.3176	41.3400	55.0000	739557.537480
5.9606	-1.1151	1.3176	41.3400	55.0000	739557.537480
6.0773	-1.1151	1.3176	41.3400	55.0000	739557.537480
6.1938	-1.1151	1.3176	41.3400	55.0000	739557.537480
6.3105	-1.1151	1.3176	41.3400	55.0000	739557.537480
6.4271	-1.1151	1.3176	41.3400	55.0000	739557.537480
6.5438	-1.1151	1.3176	41.3400	55.0000	739557.537480
6.6441	-1.1151	1.3176	41.3400	55.0000	739557.537480
6.7604	-1.1151	1.3176	41.3400	55.0000	739557.537480
6.8774	-1.1151	1.3176	41.3400	55.0000	739557.537480
6.9938	-1.1151	1.3176	40.1200	55.0000	739557.537480
7.1105	-1.1151	1.3176	31.5800	55.0000	739557.537480
7.2106	-1.1151	1.3176	24.2600	55.0000	739557.537480
7.3116	-1.1151	1.3176	16.9400	55.0000	739557.537480
7.4271	-1.1151	1.3176	8.4000	55.0000	739557.537480
7.5277	-1.1151	1.3176	1.0800	55.0000	739557.537480
7.6439	-1.1151	1.3176	-7.4600	55.0000	739557.537480
7.7605	-1.1151	1.3176	-16.0000	55.0000	739557.537480
7.8606	-1.1151	1.3176	-23.3200	55.0000	739557.537480
7.9773	-1.1151	1.3176	-24.5400	55.0000	739557.537480
8.0939	-1.1151	1.3176	-24.5400	55.0000	739557.537480
8.2103	-1.1151	1.3176	-24.5400	55.0000	739557.537480
8.3104	-1.1151	1.3176	-20.8800	55.0000	739557.537480
8.4271	-1.1151	1.3176	-12.3400	55.0000	739557.537480
8.5278	-1.1151	1.3176	-5.0200	55.0000	739557.537480
8.6446	-1.1151	1.3176	3.5200	55.0000	739557.537480
8.7604	-1.1151	1.3176	12.0600	55.0000	739557.537480
8.8605	-1.1151	1.3176	19.3800	55.0000	739557.537480
8.9606	-1.1151	1.3176	26.7000	55.0000	739557.537480
9.0773	-1.1151	1.3176	35.2400	55.0000	739557.537480
9.1780	-1.1151	1.3176	42.5600	55.0000	739557.537480
9.2938	-1.1151	1.3176	51.1000	55.0000	739557.537480
9.4105	-1.1151	1.3176	59.6400	55.0000	739557.537480
9.5110	-1.1151	1.3176	66.9600	55.0000	739557.537480
9.6271	-1.1151	1.3176	75.5000	55.0000	739557.537480
9.7273	-1.1151	1.3176	82.8200	55.0000	739557.537480
9.8438	-1.1151	1.3176	91.3600	55.0000	739557.537480
9.9441	-1.1151	1.3176	98.6800	55.0000	739557.537480
10.0605	-1.1151	1.3176	99.9000	55.0000	739557.537480
10.1610	-1.1151	1.3176	99.9000	55.0000	739557.537480
10.2773	-1.1185	1.2979	99.9000	55.0000	739557.537480
10.3940	-1.1426	1.1600	99.9000	55.0000	739557.537480
10.4944	-1.1632	1.0418	99.9000	55.0000	739557.537480
10.6106	-1.1873	0.9039	99.9000	55.0000	739557.537480
10.7107	-1.2079	0.7857	99.9000	55.0000	739557.537480
10.8272	-1.2320	0.6478	99.9000	55.0000	739557.537480
10.9274	-1.2526	0.5295	99.9000	55.0000	739557.537480
11.0437	-1.2767	0.3916	99.9000	55.0000	739557.537480
11.1442	-1.2836	0.3522	99.9000	55.0000	739557.537480
11.2604	-1.2836	0.3522	99.9000	55.0000	739557.537480
11.3606	-1.2836	0.3522	99.9000	55.0000	739557.537480
11.4771	-1.2801	0.3719	99.9000	55.0000	739557.537480
11.5939	-1.2561	0.5098	99.9000	55.0000	739557.537480
11.6947	-1.2354	0.6281	99.9000	55.0000	739557.537480
11.8104	-1.2114	0.7660	99.9000	55.0000	739557.537480
11.9106	-1.1907	0.8842	99.9000	55.0000	739557.537480
12.0271	-1.1667	1.0221	99.9000	55.0000	739557.537480
12.1440	-1.1563	1.0812	99.9000	55.0000	739557.537480
12.2604	-1.1563	1.0812	99.9000	55.0000	739557.537480
12.3613	-1.1563	1.0812	107.2200	55.0000	739557.537480
12.4772	-1.1563	1.0812	115.7600	55.0000	739557.537480
12.5774	-1.1563	1.0812	123.0800	55.0000	739557.537480
12.6939	-1.1563	1.0812	125.5200	55.0000	739557.537480
12.7941	-1.1563	1.0812	125.5200	55.0000	739557.537480
12.9104	-1.0750	1.1952	125.5200	55.0000	739557.537480
13.0271	-0.9937	1.3091	125.5200	55.0000	739557.537480
13.1439	-0.9123	1.4230	125.5200	55.0000	739557.537480
13.2441	-0.8426	1.5207	125.5200	55.0000	739557.537480
13.3604	-0.7729	1.6184	125.5200	55.0000	739557.537480
13.4771	-0.7729	1.6184	125.5200	55.0000	739557.537480
13.5777	-0.7729	1.6184	125.5200	55.0000	739557.537480
13.6939	-0.7496	1.6509	125.5200	55.0000	739557.537480
13.8105	-0.6683	1.7649	125.5200	55.0000	739557.537480
13.9275	-0.6335	1.8137	125.5200	55.0000	739557.537480
14.0438	-0.6335	1.8137	125.5200	55.0000	739557.537480
14.1440	-0.6335	1.8137	129.1800	55.0000	739557.537480
14.2605	-0.6335	1.8137	137.7200	55.0000	739557.537480
14.3774	-0.6335	1.8137	146.2600	55.0000	739557.537480
14.4937	-0.6335	1.8137	154.8000	55.0000	739557.537480
14.5939	-0.6335	1.8137	162.1200	55.0000	739557.537480
14.7106	-0.6335	1.8137	170.6600	55.0000	739557.537480
14.8271	-0.6335	1.8137	179.2000	55.0000	739557.537480
14.9438	-0.6335	1.8137	187.7400	55.0000	739557.537480
15.0604	-0.6335	1.8137	196.2800	55.0000	739557.537480
15.1772	-0.6335	1.8137	204.8200	55.0000	739557.537480
15.2773	-0.6335	1.8137	212.1400	55.0000	739557.537480
15.3940	-0.6335	1.8137	220.6800	55.0000	739557.537480
15.5106	-0.6335	1.8137	229.2200	55.0000	739557.537480
15.6273	-0.6335	1.8137	237.7600	55.0000	739557.537480
15.7439	-0.6335	1.8137	237.7600	55.0000	739557.537480
15.8440	-0.6335	1.8137	237.7600	55.0000	739557.537480
15.9606	-0.6335	1.8137	241.4200	55.0000	739557.537480
16.0772	-0.6335	1.8137	249.9600	55.0000	739557.537480
16.1939	-0.6335	1.8137	253.6200	55.0000	739557.537480
16.3106	-0.6335	1.8137	253.6200	55.0000	739557.537480
16.4272	-0.6165	1.7562	253.6200	55.0000	739557.537480
16.5273	-0.5827	1.6410	253.6200	55.0000	739557.537480
16.6438	-0.5432	1.5067	253.6200	55.0000	739557.537480
16.7604	-0.5037	1.3724	253.6200	55.0000	739557.537480
16.8605	-0.4699	1.2573	253.6200	55.0000	739557.537480
16.9772	-0.4304	1.1229	253.6200	55.0000	739557.537480
17.0941	-0.3909	0.9886	253.6200	55.0000	739557.537480
17.2106	-0.3514	0.8543	253.6200	55.0000	739557.537480
17.3272	-0.3458	0.8351	253.6200	55.0000	739557.537480
17.4275	-0.3458	0.8351	253.6200	55.0000	739557.537480
17.5437	-0.3458	0.8351	260.9400	55.0000	739557.537480
17.6605	-0.3458	0.8351	269.4800	55.0000	739557.537480
17.7775	-0.3458	0.8351	278.0200	55.0000	739557.537480
17.8939	-0.3458	0.8351	286.5600	55.0000	739557.537480
18.0110	-0.3458	0.8351	295.1000	55.0000	739557.537480
18.1273	-0.3458	0.8351	303.6400	55.0000	739557.537480
18.2438	-0.3458	0.8351	312.1800	55.0000	739557.537480
18.3604	-0.3458	0.8351	320.7200	55.0000	739557.537480
18.4605	-0.3458	0.8351	328.0400	55.0000	739557.537480
18.5771	-0.3458	0.8351	336.5800	55.0000	739557.537480
18.6938	-0.3458	0.8351	345.1200	55.0000	739557.537480
18.7938	-0.3458	0.8351	352.4400	55.0000	739557.537480
18.9106	-0.3458	0.8351	360.9800	55.0000	739557.537480
19.0270	-0.3458	0.8351	369.5200	55.0000	739557.537480
19.1438	-0.3458	0.8351	378.0600	55.0000	739557.537480
19.2440	-0.3458	0.8351	385.3800	55.0000	739557.537480
19.3607	-0.3458	0.8351	393.9200	55.0000	739557.537480
19.4774	-0.3458	0.8351	402.4600	55.0000	739557.537480
19.5938	-0.3458	0.8351	411.0000	55.0000	739557.537480
19.7106	-0.3458	0.8351	415.8800	55.0000	739557.537480
19.8117	-0.3458	0.8351	415.8800	55.0000	739557.537480
19.9271	-0.3458	0.8351	415.8800	55.0000	739557.537480
20.0272	-0.3458	0.8351	415.8800	55.0000	739557.537480
20.1438	-0.3458	0.8351	421.9800	55.0000	739557.537480
20.2604	-0.3458	0.8351	430.5200	55.0000	739557.537480
20.3605	-0.3458	0.8351	437.8400	55.0000	739557.537480
20.4606	-0.3458	0.8351	441.5000	55.0000	739557.537480
20.5771	-0.3458	0.8351	441.5000	55.0000	739557.537480
20.6772	-0.3458	0.8351	441.5000	55.0000	739557.537480
20.7937	-0.3635	0.9538	441.5000	55.0000	739557.537480
20.9114	-0.3842	1.0923	441.5000	55.0000	739557.537480
21.0281	-0.4049	1.2307	441.5000	55.0000	739557.537480
21.1438	-0.4256	1.3692	441.5000	55.0000	739557.537480
21.2441	-0.4434	1.4879	441.5000	55.0000	739557.537480
21.3606	-0.4641	1.6263	441.5000	55.0000	739557.537480
21.4771	-0.4847	1.7648	441.5000	55.0000	739557.537480
21.5774	-0.5025	1.8835	441.5000	55.0000	739557.537480
21.6938	-0.5232	2.0219	441.5000	55.0000	739557.537480
21.7940	-0.5409	2.1406	441.5000	55.0000	739557.537480
21.9105	-0.5587	2.2593	441.5000	55.0000	739557.537480
22.0107	-0.5587	2.2593	441.5000	55.0000	739557.537480
22.1272	-0.5587	2.2593	441.5000	55.0000	739557.537480
22.2275	-0.5587	2.2593	441.5000	55.0000	739557.537480
22.3438	-0.5587	2.2593	441.5000	55.0000	739557.537480
22.4605	-0.5587	2.2593	441.5000	55.0000	739557.537480
22.5618	-0.5587	2.2593	434.1800	55.0000	739557.537480
22.6772	-0.5587	2.2593	425.6400	55.0000	739557.537480
22.7939	-0.5587	2.2593	417.1000	55.0000	739557.537480
22.9108	-0.5587	2.2593	414.6600	55.0000	739557.537480
23.0275	-0.5587	2.2593	414.6600	55.0000	739557.537480
23.1438	-0.6281	2.3572	414.6600	55.0000	739557.537480
23.2439	-0.6975	2.4551	414.6600	55.0000	739557.537480
23.3606	-0.7785	2.5693	414.6600	55.0000	739557.537480
23.4771	-0.8594	2.6835	414.6600	55.0000	739557.537480
23.5939	-0.9404	2.7977	414.6600	55.0000	739557.537480
23.7106	-1.0214	2.9119	414.6600	55.0000	739557.537480
23.8270	-1.1024	3.0261	414.6600	55.0000	739557.537480
23.9275	-1.1718	3.1240	414.6600	55.0000	739557.537480
24.0438	-1.2296	3.2056	414.6600	55.0000	739557.537480
24.1604	-1.2296	3.2056	419.5400	55.0000	739557.537480
24.2772	-1.2296	3.2056	428.0800	55.0000	739557.537480
24.3940	-1.2296	3.2056	436.6200	55.0000	739557.537480
24.5104	-1.2296	3.2056	440.2800	55.0000	739557.537480
24.6271	-1.2364	3.2450	440.2800	55.0000	739557.537480
24.7275	-1.2566	3.3633	440.2800	55.0000	739557.537480
24.8439	-1.2803	3.5013	440.2800	55.0000	739557.537480
24.9604	-1.3039	3.6392	440.2800	55.0000	739557.537480
25.0606	-1.3242	3.7575	440.2800	55.0000	739557.537480
25.1771	-1.3478	3.8955	440.2800	55.0000	739557.537480
25.2773	-1.3681	4.0138	440.2800	55.0000	739557.537480
25.3940	-1.3917	4.1518	440.2800	55.0000	739557.537480
25.5107	-1.4153	4.2898	440.2800	55.0000	739557.537480
25.6272	-1.4390	4.4278	440.2800	55.0000	739557.537480
25.7276	-1.4592	4.5460	440.2800	55.0000	739557.537480
25.8438	-1.4829	4.6840	440.2800	55.0000	739557.537480
25.9453	-1.5031	4.8023	440.2800	55.0000	739557.537480
26.0606	-1.5268	4.9403	440.2800	55.0000	739557.537480
26.1771	-1.5437	5.0389	440.2800	55.0000	739557.537480
26.2781	-1.5437	5.0389	442.7200	55.0000	739557.537480
26.3939	-1.5437	5.0389	451.2600	55.0000	739557.537480
26.5106	-1.5437	5.0389	459.8000	55.0000	739557.537480
26.6272	-1.5437	5.0389	468.3400	55.0000	739557.537480
26.7438	-1.5437	5.0389	476.8800	55.0000	739557.537480
26.8439	-1.5437	5.0389	484.2000	55.0000	739557.537480
26.9608	-1.5437	5.0389	492.7400	55.0000	739557.537480
27.0772	-1.5437	5.0389	500.0600	55.0000	739557.537480
27.1773	-1.5437	5.0389	500.0600	55.0000	739557.537480
27.2941	-1.5437	5.0389	500.0600	55.0000	739557.537480
27.4106	-1.5437	5.0389	500.0600	55.0000	739557.537480
27.5272	-1.5437	5.0389	500.0600	55.0000	739557.537480
27.6438	-1.5437	5.0389	500.0600	55.0000	739557.537480
27.7603	-1.5437	5.0389	507.3800	55.0000	739557.537480
27.8605	-1.5437	5.0389	514.7000	55.0000	739557.537480
27.9772	-1.5437	5.0389	523.2400	55.0000	739557.537480
28.0774	-1.5437	5.0389	528.1200	55.0000	739557.537480
28.1942	-1.5437	5.0389	528.1200	55.0000	739557.537480
28.3106	-1.5437	5.0389	528.1200	55.0000	739557.537480
28.4272	-1.5437	5.0389	528.1200	55.0000	739557.537480
28.5276	-1.5437	5.0389	528.1200	55.0000	739557.537480
28.6439	-1.5437	5.0389	522.0200	55.0000	739557.537480
28.7608	-1.5437	5.0389	522.0200	55.0000	739557.537480
28.8770	-1.5056	5.0512	522.0200	55.0000	739557.537480
28.9774	-1.3915	5.0882	522.0200	55.0000	739557.537480
29.0938	-1.2583	5.1315	522.0200	55.0000	739557.537480
29.1940	-1.1442	5.1685	522.0200	55.0000	739557.537480
29.3107	-1.0110	5.2117	522.0200	55.0000	739557.537480
29.4271	-0.8778	5.2549	522.0200	55.0000	739557.537480
29.5272	-0.7637	5.2920	522.0200	55.0000	739557.537480
29.6437	-0.7066	5.3105	522.0200	55.0000	739557.537480
29.7440	-0.7066	5.3105	522.0200	55.0000	739557.537480
29.8607	-0.7066	5.3105	528.1200	55.0000	739557.537480
29.9773	-0.7066	5.3105	536.6600	55.0000	739557.537480
30.0942	-0.7066	5.3105	545.2000	55.0000	739557.537480
30.2106	-0.7066	5.3105	553.7400	55.0000	739557.537480
30.3272	-0.7066	5.3105	562.2800	55.0000	739557.537480
30.4437	-0.7066	5.3105	570.8200	55.0000	739557.537480
30.5607	-0.7066	5.3105	579.3600	55.0000	739557.537480
30.6772	-0.7066	5.3105	587.9000	55.0000	739557.537480
30.7941	-0.7066	5.3105	596.4400	55.0000	739557.537480
30.9104	-0.7066	5.3105	604.9800	55.0000	739557.537480
31.0107	-0.7066	5.3105	612.3000	55.0000	739557.537480
31.1109	-0.7066	5.3105	619.6200	55.0000	739557.537480
31.2273	-0.7066	5.3105	628.1600	55.0000	739557.537480
31.3441	-0.7066	5.3105	636.7000	55.0000	739557.537480
31.4604	-0.7066	5.3105	645.2400	55.0000	739557.537480
31.5605	-0.7066	5.3105	652.5600	55.0000	739557.537480
31.6606	-0.7066	5.3105	659.8800	55.0000	739557.537480
31.7773	-0.7066	5.3105	668.4200	55.0000	739557.537480
31.8779	-0.7066	5.3105	675.7400	55.0000	739557.537480
31.9940	-0.7066	5.3105	684.2800	55.0000	739557.537480
32.0941	-0.7066	5.3105	691.6000	55.0000	739557.537480
32.2106	-0.7066	5.3105	700.1400	55.0000	739557.537480
32.3273	-0.7066	5.3105	701.3600	55.0000	739557.537480
32.4438	-0.7066	5.3105	701.3600	55.0000	739557.537480
32.5439	-0.7066	5.3105	701.3600	55.0000	739557.537480
32.6606	-0.7066	5.3105	701.3600	55.0000	739557.537480
32.7772	-0.7066	5.3105	701.3600	55.0000	739557.537480
32.8774	-0.7066	5.3105	708.6800	55.0000	739557.537480
32.9937	-0.7066	5.3105	709.9000	55.0000	739557.537480
33.0941	-0.7066	5.3105	709.9000	55.0000	739557.537480
33.2104	-0.7066	5.3105	709.9000	55.0000	739557.537480
33.3106	-0.7657	5.3000	709.9000	55.0000	739557.537480
33.4279	-0.9035	5.2754	709.9000	55.0000	739557.537480
33.5441	-1.0414	5.2509	709.9000	55.0000	739557.537480
33.6603	-1.1792	5.2263	709.9000	55.0000	739557.537480
33.7605	-1.2973	5.2053	709.9000	55.0000	739557.537480
33.8773	-1.4155	5.1842	709.9000	55.0000	739557.537480
33.9937	-1.4155	5.1842	714.7800	55.0000	739557.537480
34.0938	-1.4155	5.1842	722.1000	55.0000	739557.537480
34.2105	-1.4155	5.1842	730.6400	55.0000	739557.537480
34.3274	-1.4155	5.1842	737.9600	55.0000	739557.537480
34.4438	-1.5296	5.2212	737.9600	55.0000	739557.537480
34.5439	-1.6438	5.2582	737.9600	55.0000	739557.537480
34.6440	-1.7579	5.2952	737.9600	55.0000	739557.537480
34.7605	-1.8911	5.3384	737.9600	55.0000	739557.537480
34.8773	-2.0243	5.3816	737.9600	55.0000	739557.537480
34.9774	-2.1384	5.4186	737.9600	55.0000	739557.537480
35.0938	-2.2716	5.4618	737.9600	55.0000	739557.537480
35.1939	-2.3858	5.4988	737.9600	55.0000	739557.537480
35.2941	-2.4999	5.5358	737.9600	55.0000	739557.537480
35.4105	-2.6331	5.5789	737.9600	55.0000	739557.537480
35.5106	-2.6521	5.5851	737.9600	55.0000	739557.537480
35.6272	-2.6521	5.5851	737.9600	55.0000	739557.537480
35.7441	-2.6521	5.5851	737.9600	55.0000	739557.537480
35.8608	-2.6521	5.5851	745.2800	55.0000	739557.537480
35.9771	-2.6521	5.5851	753.8200	55.0000	739557.537480
36.0777	-2.6521	5.5851	761.1400	55.0000	739557.537480
36.1941	-2.6521	5.5851	769.6800	55.0000	739557.537480
36.3106	-2.6521	5.5851	778.2200	55.0000	739557.537480
36.4109	-2.6521	5.5851	785.5400	55.0000	739557.537480
36.5272	-2.6521	5.5851	794.0800	55.0000	739557.537480
36.6438	-2.6521	5.5851	802.6200	55.0000	739557.537480
36.7605	-2.6521	5.5851	811.1600	55.0000	739557.537480
36.8606	-2.6521	5.5851	818.4800	55.0000	739557.537480
36.9618	-2.6521	5.5851	825.8000	55.0000	739557.537480
37.0772	-2.6521	5.5851	834.3400	55.0000	739557.537480
37.1938	-2.6521	5.5851	842.8800	55.0000	739557.537480
37.3104	-2.6521	5.5851	851.4200	55.0000	739557.537480
37.4106	-2.6521	5.5851	858.7400	55.0000	739557.537480
37.5273	-2.6521	5.5851	867.2800	55.0000	739557.537480
37.6439	-2.6521	5.5851	875.8200	55.0000	739557.537480
37.7439	-2.6521	5.5851	883.1400	55.0000	739557.537480
37.8442	-2.6521	5.5851	890.4600	55.0000	739557.537480
37.9606	-2.6521	5.5851	899.0000	55.0000	739557.537480
38.0771	-2.6521	5.5851	907.5400	55.0000	739557.537480
38.1772	-2.6521	5.5851	914.8600	55.0000	739557.537480
38.2938	-2.6521	5.5851	923.4000	55.0000	739557.537480
38.3938	-2.6521	5.5851	924.6200	55.0000	739557.537480
38.4939	-2.6521	5.5851	924.6200	55.0000	739557.537480
38.6105	-2.6521	5.5851	924.6200	55.0000	739557.537480
38.7271	-2.6521	5.5851	924.6200	55.0000	739557.537480
38.8439	-2.6521	5.5851	924.6200	55.0000	739557.537480
38.9606	-2.6521	5.5851	916.0800	55.0000	739557.537480
39.0774	-2.6521	5.5851	911.2000	55.0000	739557.537480
39.1941	-2.6521	5.5851	911.2000	55.0000	739557.537480
39.3105	-2.5933	5.5734	911.2000	55.0000	739557.537480
39.4273	-2.4559	5.5463	911.2000	55.0000	739557.537480
39.5438	-2.3186	5.5191	911.2000	55.0000	739557.537480
39.6440	-2.2009	5.4957	911.2000	55.0000	739557.537480
39.7605	-2.0636	5.4686	911.2000	55.0000	739557.537480
39.8606	-2.0439	5.4647	911.2000	55.0000	739557.537480
39.9773	-2.0439	5.4647	911.2000	55.0000	739557.537480
40.0939	-2.0439	5.4647	919.7400	55.0000	739557.537480
40.1942	-2.0439	5.4647	927.0600	55.0000	739557.537480
40.3106	-2.0439	5.4647	935.6000	55.0000	739557.537480
40.4271	-2.0439	5.4647	944.1400	55.0000	739557.537480
40.5274	-2.0439	5.4647	950.2400	55.0000	739557.537480
40.6438	-2.0439	5.4647	950.2400	55.0000	739557.537480
40.7439	-2.0439	5.4647	952.6800	55.0000	739557.537480
40.8607	-2.0439	5.4647	952.6800	55.0000	739557.537480
40.9771	-2.0439	5.4647	952.6800	55.0000	739557.537480
41.0772	-1.9712	5.3692	952.6800	55.0000	739557.537480
41.1941	-1.8863	5.2579	952.6800	55.0000	739557.537480
41.3105	-1.8014	5.1466	952.6800	55.0000	739557.537480
41.4106	-1.7287	5.0511	952.6800	55.0000	739557.537480
41.5273	-1.6438	4.9398	952.6800	55.0000	739557.537480
41.6277	-1.5710	4.8444	952.6800	55.0000	739557.537480
41.7438	-1.4862	4.7330	952.6800	55.0000	739557.537480
41.8451	-1.4134	4.6376	952.6800	55.0000	739557.537480
41.9607	-1.3285	4.5263	952.6800	55.0000	739557.537480
42.0771	-1.2558	4.4308	952.6800	55.0000	739557.537480
42.1773	-1.2558	4.4308	952.6800	55.0000	739557.537480
42.2938	-1.2558	4.4308	955.1200	55.0000	739557.537480
42.4106	-1.2558	4.4308	963.6600	55.0000	739557.537480
42.5273	-1.2558	4.4308	972.2000	55.0000	739557.537480
42.6440	-1.2558	4.4308	980.7400	55.0000	739557.537480
42.7605	-1.2558	4.4308	986.8400	55.0000	739557.537480
42.8772	-1.2558	4.4308	986.8400	55.0000	739557.537480
42.9938	-1.2525	4.3709	986.8400	55.0000	739557.537480
43.0939	-1.2459	4.2511	986.8400	55.0000	739557.537480
43.1944	-1.2393	4.1313	986.8400	55.0000	739557.537480
43.3105	-1.2315	3.9915	986.8400	55.0000	739557.537480
43.4271	-1.2238	3.8517	986.8400	55.0000	739557.537480
43.5273	-1.2172	3.7319	986.8400	55.0000	739557.537480
43.6440	-1.2095	3.5921	986.8400	55.0000	739557.537480
43.7442	-1.2029	3.4723	986.8400	55.0000	739557.537480
43.8609	-1.1952	3.3325	986.8400	55.0000	739557.537480
43.9775	-1.1952	3.3325	986.8400	55.0000	739557.537480
44.0937	-1.1952	3.3325	986.8400	55.0000	739557.537480
44.1939	-1.1952	3.3325	986.8400	55.0000	739557.537480
44.3109	-1.1952	3.3325	986.8400	55.0000	739557.537480
44.4274	-1.1952	3.3325	983.1800	55.0000	739557.537480
44.5441	-1.1952	3.3325	974.6400	55.0000	739557.537480
44.6608	-1.1952	3.3325	966.1000	55.0000	739557.537480
44.7771	-1.1952	3.3325	963.6600	55.0000	739557.537480
44.8772	-1.1952	3.3325	963.6600	55.0000	739557.537480
44.9938	-1.1597	3.2608	963.6600	55.0000	739557.537480
45.0947	-1.1064	3.1533	963.6600	55.0000	739557.537480
45.2108	-1.0443	3.0278	963.6600	55.0000	739557.537480
45.3272	-0.9822	2.9023	963.6600	55.0000	739557.537480
45.4276	-0.9289	2.7948	963.6600	55.0000	739557.537480
45.5437	-0.8668	2.6693	963.6600	55.0000	739557.537480
45.6438	-0.8136	2.5618	963.6600	55.0000	739557.537480
45.7605	-0.7515	2.4363	963.6600	55.0000	739557.537480
45.8608	-0.6982	2.3288	963.6600	55.0000	739557.537480
45.9772	-0.6716	2.2750	963.6600	55.0000	739557.537480
46.0938	-0.6716	2.2750	963.6600	55.0000	739557.537480
46.2105	-0.6716	2.2750	972.2000	55.0000	739557.537480
46.3272	-0.6716	2.2750	980.7400	55.0000	739557.537480
46.4440	-0.6716	2.2750	989.2800	55.0000	739557.537480
46.5443	-0.6716	2.2750	990.5000	55.0000	739557.537480
46.6605	-0.6718	2.2550	990.5000	55.0000	739557.537480
46.7773	-0.6730	2.1150	990.5000	55.0000	739557.537480
46.8775	-0.6740	1.9950	990.5000	55.0000	739557.537480
46.9943	-0.6753	1.8550	990.5000	55.0000	739557.537480
47.1106	-0.6754	1.8350	992.9400	55.0000	739557.537480
47.2272	-0.6754	1.8350	1001.4800	55.0000	739557.537480
47.3440	-0.6754	1.8350	1010.0200	55.0000	739557.537480
47.4609	-0.6754	1.8350	1018.5600	55.0000	739557.537480
47.5770	-0.6754	1.8350	1027.1000	55.0000	739557.537480
47.6938	-0.6754	1.8350	1035.6400	55.0000	739557.537480
47.8104	-0.6754	1.8350	1044.1800	55.0000	739557.537480
47.9107	-0.6754	1.8350	1051.5000	55.0000	739557.537480
48.0277	-0.6754	1.8350	1060.0400	55.0000	739557.537480
48.1441	-0.6754	1.8350	1068.5800	55.0000	739557.537480
48.2446	-0.6754	1.8350	1072.2400	55.0000	739557.537480
48.3607	-0.6754	1.8350	1072.2400	55.0000	739557.537480
48.4774	-0.6754	1.8350	1072.2400	55.0000	739557.537480
48.5777	-0.6754	1.8350	1072.2400	55.0000	739557.537480
48.6939	-0.6754	1.8350	1072.2400	55.0000	739557.537480
48.8106	-0.6754	1.8350	1072.2400	55.0000	739557.537480
48.9274	-0.6754	1.8350	1080.7800	55.0000	739557.537480
49.0438	-0.6754	1.8350	1089.3200	55.0000	739557.537480
49.1439	-0.6754	1.8350	1096.6400	55.0000	739557.537480
49.2603	-0.6754	1.8350	1105.1800	55.0000	739557.537480
49.3605	-0.6754	1.8350	1112.5000	55.0000	739557.537480
49.4608	-0.6754	1.8350	1119.8200	55.0000	739557.537480
49.5774	-0.6754	1.8350	1128.3600	55.0000	739557.537480
49.6938	-0.6754	1.8350	1136.9000	55.0000	739557.537480
49.7940	-0.6754	1.8350	1144.2200	55.0000	739557.537480
49.9104	-0.6921	1.8714	1145.4400	55.0000	739557.537480
50.0109	-0.7419	1.9806	1145.4400	55.0000	739557.537480
50.1273	-0.8001	2.1079	1145.4400	55.0000	739557.537480
50.2438	-0.8583	2.2352	1145.4400	55.0000	739557.537480
50.3605	-0.8833	2.2898	1145.4400	55.0000	739557.537480
50.4773	-0.8833	2.2898	1145.4400	55.0000	739557.537480
50.5939	-0.8833	2.2898	1136.9000	55.0000	739557.537480
50.7107	-0.8833	2.2898	1128.3600	55.0000	739557.537480
50.8273	-0.8833	2.2898	1119.8200	55.0000	739557.537480
50.9275	-0.8833	2.2898	1112.5000	55.0000	739557.537480
51.0440	-0.8833	2.2898	1103.9600	55.0000	739557.537480
51.1454	-0.8833	2.2898	1096.6400	55.0000	739557.537480
51.2606	-0.8833	2.2898	1094.2000	55.0000	739557.537480
51.3775	-0.8833	2.2898	1094.2000	55.0000	739557.537480
51.4939	-0.9802	2.3143	1094.2000	55.0000	739557.537480
51.5940	-1.0965	2.3438	1094.2000	55.0000	739557.537480
51.7109	-1.2323	2.3781	1094.2000	55.0000	739557.537480
51.8272	-1.3680	2.4124	1094.2000	55.0000	739557.537480
51.9441	-1.5037	2.4468	1094.2000	55.0000	739557.537480
52.0441	-1.6200	2.4762	1094.2000	55.0000	739557.537480
52.1607	-1.7558	2.5106	1094.2000	55.0000	739557.537480
52.2773	-1.8915	2.5449	1094.2000	55.0000	739557.537480
52.3940	-2.0272	2.5793	1094.2000	55.0000	739557.537480
52.5105	-2.0854	2.5940	1095.4200	55.0000	739557.537480
52.6106	-2.0854	2.5940	1102.7400	55.0000	739557.537480
52.7273	-2.0854	2.5940	1111.2800	55.0000	739557.537480
52.8440	-2.0854	2.5940	1119.8200	55.0000	739557.537480
52.9604	-2.0854	2.5940	1119.8200	55.0000	739557.537480
53.0778	-2.1775	2.6708	1119.8200	55.0000	739557.537480
53.1939	-2.2851	2.7605	1119.8200	55.0000	739557.537480
53.3109	-2.3465	2.8117	1119.8200	55.0000	739557.537480
53.4274	-2.3465	2.8117	1125.9200	55.0000	739557.537480
53.5440	-2.3465	2.8117	1134.4600	55.0000	739557.537480
53.6607	-2.3465	2.8117	1143.0000	55.0000	739557.537480
53.7773	-2.3465	2.8117	1147.8800	55.0000	739557.537480
53.8775	-2.3540	2.8302	1147.8800	55.0000	739557.537480
53.9940	-2.4068	2.9599	1147.8800	55.0000	739557.537480
54.1108	-2.4595	3.0896	1147.8800	55.0000	739557.537480
54.2272	-2.5122	3.2193	1147.8800	55.0000	739557.537480
54.3273	-2.5574	3.3305	1147.8800	55.0000	739557.537480
54.4441	-2.6101	3.4602	1147.8800	55.0000	739557.537480
54.5606	-2.6628	3.5899	1147.8800	55.0000	739557.537480
54.6772	-2.7155	3.7196	1147.8800	55.0000	739557.537480
54.7778	-2.7607	3.8307	1147.8800	55.0000	739557.537480
54.8939	-2.8134	3.9604	1147.8800	55.0000	739557.537480
54.9941	-2.8285	3.9975	1147.8800	55.0000	739557.537480
55.1116	-2.8285	3.9975	1147.8800	55.0000	739557.537480
55.2272	-2.8285	3.9975	1144.2200	55.0000	739557.537480
55.3438	-2.8285	3.9975	1135.6800	55.0000	739557.537480
55.4609	-2.8285	3.9975	1127.1400	55.0000	739557.537480
55.5771	-2.8285	3.9975	1127.1400	55.0000	739557.537480
55.6774	-2.8693	4.0415	1127.1400	55.0000	739557.537480
55.7939	-2.9645	4.1441	1127.1400	55.0000	739557.537480
55.9107	-3.0598	4.2467	1127.1400	55.0000	739557.537480
56.0271	-3.1550	4.3493	1127.1400	55.0000	739557.537480
56.1273	-3.2230	4.4226	1127.1400	55.0000	739557.537480
56.2439	-3.2230	4.4226	1125.9200	55.0000	739557.537480
56.3606	-3.2230	4.4226	1117.3800	55.0000	739557.537480
56.4774	-3.2230	4.4226	1108.8400	55.0000	739557.537480
56.5938	-3.2230	4.4226	1100.3000	55.0000	739557.537480
56.7105	-3.2230	4.4226	1091.7600	55.0000	739557.537480
56.8106	-3.2230	4.4226	1084.4400	55.0000	739557.537480
56.9272	-3.2230	4.4226	1075.9000	55.0000	739557.537480
57.0274	-3.2230	4.4226	1074.6800	55.0000	739557.537480
57.1451	-3.2230	4.4226	1074.6800	55.0000	739557.537480
57.2605	-3.2628	4.4189	1074.6800	55.0000	739557.537480
57.3606	-3.3823	4.4078	1074.6800	55.0000	739557.537480
57.4773	-3.5217	4.3948	1074.6800	55.0000	739557.537480
57.5938	-3.6611	4.3818	1074.6800	55.0000	739557.537480
57.7107	-3.8005	4.3689	1074.6800	55.0000	739557.537480
57.8273	-3.9399	4.3559	1074.6800	55.0000	739557.537480
57.9441	-4.0196	4.3485	1074.6800	55.0000	739557.537480
58.0605	-4.0196	4.3485	1072.2400	55.0000	739557.537480
58.1610	-4.0196	4.3485	1064.9200	55.0000	739557.537480
58.2776	-4.0196	4.3485	1056.3800	55.0000	739557.537480
58.3940	-4.0196	4.3485	1047.8400	55.0000	739557.537480
58.5108	-4.0196	4.3485	1039.3000	55.0000	739557.537480
58.6272	-4.0196	4.3485	1030.7600	55.0000	739557.537480
58.7274	-4.0196	4.3485	1023.4400	55.0000	739557.537480
58.8444	-4.0196	4.3485	1014.9000	55.0000	739557.537480
58.9605	-4.0196	4.3485	1006.3600	55.0000	739557.537480
59.0607	-4.0196	4.3485	999.0400	55.0000	739557.537480
59.1771	-4.0196	4.3485	994.1600	55.0000	739557.537480
59.2773	-4.0196	4.3485	994.1600	55.0000	739557.537480
59.3779	-4.0225	4.3086	994.1600	55.0000	739557.537480
59.4940	-4.0326	4.1689	994.1600	55.0000	739557.537480
59.5946	-4.0452	4.1168	994.1600	55.0000	739557.537480
59.7106	-4.0749	4.1002	994.1600	55.0000	739557.537480
59.8272	-4.1095	4.0605	994.1600	55.0000	739557.537480
59.9274	-4.1284	3.9762	994.1600	55.0000	739557.537480
60.0439	-4.1385	3.8365	994.1600	55.0000	739557.537480
60.1440	-4.1472	3.7169	994.1600	55.0000	739557.537480
60.2442	-4.1559	3.5972	994.1600	55.0000	739557.537480
60.3607	-4.1661	3.4575	994.1600	55.0000	739557.537480
60.4612	-4.1748	3.3379	994.1600	55.0000	739557.537480
60.5776	-4.1849	3.1982	994.1600	55.0000	739557.537480
60.6937	-4.1951	3.0586	994.1600	55.0000	739557.537480
60.7940	-4.2038	2.9389	994.1600	55.0000	739557.537480
60.9157	-4.2140	2.7993	994.1600	55.0000	739557.537480
61.0274	-4.2241	2.6596	994.1600	55.0000	739557.537480
61.1440	-4.2343	2.5200	994.1600	55.0000	739557.537480
61.2606	-4.2444	2.3804	994.1600	55.0000	739557.537480
61.3774	-4.2546	2.2408	994.1600	55.0000	739557.537480
61.4938	-4.2647	2.1011	994.1600	55.0000	739557.537480
61.5941	-4.2734	1.9814	994.1600	55.0000	739557.537480
61.7106	-4.2836	1.8418	994.1600	55.0000	739557.537480
61.8274	-4.2938	1.7022	994.1600	55.0000	739557.537480
61.9441	-4.3039	1.5625	994.1600	55.0000	739557.537480
62.0604	-4.3141	1.4229	994.1600	55.0000	739557.537480
62.1605	-4.3228	1.3032	994.1600	55.0000	739557.537480
62.2773	-4.3315	1.1835	994.1600	55.0000	739557.537480
62.3938	-4.3315	1.1835	994.1600	55.0000	739557.537480
62.5105	-4.3315	1.1835	997.8200	55.0000	739557.537480
62.6271	-4.3315	1.1835	1006.3600	55.0000	739557.537480
62.7273	-4.3315	1.1835	1013.6800	55.0000	739557.537480
62.8440	-4.3315	1.1835	1022.2200	55.0000	739557.537480
62.9441	-4.3315	1.1835	1029.5400	55.0000	739557.537480
63.0442	-4.3315	1.1835	1036.8600	55.0000	739557.537480
63.1606	-4.3315	1.1835	1045.4000	55.0000	739557.537480
63.2608	-4.3315	1.1835	1052.7200	55.0000	739557.537480
63.3772	-4.3315	1.1835	1053.9400	55.0000	739557.537480
63.4772	-4.3315	1.1835	1053.9400	55.0000	739557.537480
63.5938	-4.3315	1.1835	1053.9400	55.0000	739557.537480
63.7106	-4.3315	1.1835	1052.7200	55.0000	739557.537480
63.8272	-4.3315	1.1835	1044.1800	55.0000	739557.537480
63.9276	-4.3472	1.1712	1041.7400	55.0000	739557.537480
64.0439	-4.4571	1.0845	1041.7400	55.0000	739557.537480
64.1604	-4.5670	0.9978	1041.7400	55.0000	739557.537480
64.2608	-4.6613	0.9235	1041.7400	55.0000	739557.537480
64.3771	-4.7712	0.8368	1041.7400	55.0000	739557.537480
64.4774	-4.8654	0.7625	1041.7400	55.0000	739557.537480
64.5939	-4.9754	0.6758	1041.7400	55.0000	739557.537480
64.7105	-5.0853	0.5891	1041.7400	55.0000	739557.537480
64.8108	-5.1795	0.5148	1041.7400	55.0000	739557.537480
64.9272	-5.2109	0.4900	1042.9600	55.0000	739557.537480
65.0275	-5.2109	0.4900	1050.2800	55.0000	739557.537480
65.1440	-5.2109	0.4900	1058.8200	55.0000	739557.537480
65.2609	-5.2109	0.4900	1067.3600	55.0000	739557.537480
65.3772	-5.2109	0.4900	1075.9000	55.0000	739557.537480
65.4774	-5.2109	0.4900	1083.2200	55.0000	739557.537480
65.5940	-5.2109	0.4900	1091.7600	55.0000	739557.537480
65.7106	-5.2109	0.4900	1100.3000	55.0000	739557.537480
65.8123	-5.2109	0.4900	1107.6200	55.0000	739557.537480
65.9273	-5.2109	0.4900	1116.1600	55.0000	739557.537480
66.0439	-5.2109	0.4900	1124.7000	55.0000	739557.537480
66.1440	-5.2109	0.4900	1132.0200	55.0000	739557.537480
66.2608	-5.2109	0.4900	1140.5600	55.0000	739557.537480
66.3775	-5.2109	0.4900	1145.4400	55.0000	739557.537480
66.4939	-5.2109	0.4900	1145.4400	55.0000	739557.537480
66.5942	-5.2109	0.4900	1145.4400	55.0000	739557.537480
66.7105	-5.2109	0.4900	1149.1000	55.0000	739557.537480
66.8107	-5.2109	0.4900	1156.4200	55.0000	739557.537480
66.9109	-5.2109	0.4900	1163.7400	55.0000	739557.537480
67.0273	-5.2109	0.4900	1163.7400	55.0000	739557.537480
67.1278	-5.2175	0.5497	1163.7400	55.0000	739557.537480
67.2439	-5.2327	0.6888	1163.7400	55.0000	739557.537480
67.3606	-5.2480	0.8280	1163.7400	55.0000	739557.537480
67.4606	-5.2611	0.9473	1163.7400	55.0000	739557.537480
67.5773	-5.2763	1.0864	1163.7400	55.0000	739557.537480
67.6939	-5.2916	1.2256	1163.7400	55.0000	739557.537480
67.7944	-5.3047	1.3449	1163.7400	55.0000	739557.537480
67.9105	-5.3200	1.4840	1163.7400	55.0000	739557.537480
68.0111	-5.3330	1.6033	1163.7400	55.0000	739557.537480
68.1273	-5.3483	1.7425	1163.7400	55.0000	739557.537480
68.2439	-5.3636	1.8817	1163.7400	55.0000	739557.537480
68.3440	-5.3767	2.0009	1163.7400	55.0000	739557.537480
68.4443	-5.3897	2.1202	1163.7400	55.0000	739557.537480
68.5605	-5.4050	2.2594	1163.7400	55.0000	739557.537480
68.6606	-5.4181	2.3787	1163.7400	55.0000	739557.537480
68.7773	-5.4334	2.5178	1163.7400	55.0000	739557.537480
68.8941	-5.4486	2.6570	1163.7400	55.0000	739557.537480
69.0107	-5.4639	2.7962	1163.7400	55.0000	739557.537480
69.1272	-5.4792	2.9353	1163.7400	55.0000	739557.537480
69.2275	-5.4922	3.0546	1163.7400	55.0000	739557.537480
69.3439	-5.5075	3.1938	1163.7400	55.0000	739557.537480
69.4440	-5.5206	3.3131	1163.7400	55.0000	739557.537480
69.5606	-5.5359	3.4522	1163.7400	55.0000	739557.537480
69.6607	-5.5489	3.5715	1163.7400	55.0000	739557.537480
69.7612	-5.5620	3.6908	1163.7400	55.0000	739557.537480
69.8776	-5.5773	3.8300	1163.7400	55.0000	739557.537480
69.9939	-5.5926	3.9691	1163.7400	55.0000	739557.537480
70.0942	-5.6056	4.0884	1163.7400	55.0000	739557.537480
70.2106	-5.6209	4.2276	1163.7400	55.0000	739557.537480
70.3108	-5.6231	4.2475	1163.7400	55.0000	739557.537480
70.4271	-5.6231	4.2475	1163.7400	55.0000	739557.537480
70.5272	-5.6231	4.2475	1163.7400	55.0000	739557.537480
70.6438	-5.6231	4.2475	1163.7400	55.0000	739557.537480
70.7440	-5.6318	4.3270	1163.7400	55.0000	739557.537480
70.8607	-5.6471	4.4662	1163.7400	55.0000	739557.537480
70.9770	-5.6623	4.6053	1163.7400	55.0000	739557.537480
71.0771	-5.6754	4.7246	1163.7400	55.0000	739557.537480
71.1772	-5.6885	4.8439	1163.7400	55.0000	739557.537480
71.2940	-5.7038	4.9831	1163.7400	55.0000	739557.537480
71.4105	-5.7190	5.1222	1163.7400	55.0000	739557.537480
71.5108	-5.7321	5.2415	1163.7400	55.0000	739557.537480
71.6111	-5.7452	5.3608	1163.7400	55.0000	739557.537480
71.7269	-5.7518	5.4204	1163.7400	55.0000	739557.537480
71.8273	-5.7518	5.4204	1158.8600	55.0000	739557.537480
71.9276	-5.7518	5.4204	1151.5400	55.0000	739557.537480
72.0440	-5.7518	5.4204	1143.0000	55.0000	739557.537480
72.1606	-5.7518	5.4204	1134.4600	55.0000	739557.537480
72.2607	-5.7518	5.4204	1128.3600	55.0000	739557.537480
72.3611	-5.7650	5.4354	1128.3600	55.0000	739557.537480
72.4772	-5.8581	5.5400	1128.3600	55.0000	739557.537480
72.5773	-5.9378	5.6297	1128.3600	55.0000	739557.537480
72.6940	-6.0308	5.7343	1128.3600	55.0000	739557.537480
72.7946	-6.1106	5.8240	1128.3600	55.0000	739557.537480
72.9105	-6.2036	5.9286	1128.3600	55.0000	739557.537480
73.0106	-6.2833	6.0183	1128.3600	55.0000	739557.537480
