T	X	Y	HEADING	PERPSECTIVE_ANGLE	NOW_NUM
0.1111	0.0000	0.0000	45.0000	55.0000	739557.502025
0.2116	0.0000	0.0000	45.0000	55.0000	739557.502025
0.3152	0.0000	0.0000	45.0000	55.0000	739557.502025
0.4318	0.0000	0.0000	45.0000	55.0000	739557.502025
0.5324	0.0000	0.0000	45.0000	55.0000	739557.502025
0.6486	0.0000	0.0000	45.0000	55.0000	739557.502025
0.7652	0.0000	0.0000	40.1200	55.0000	739557.502025
0.8653	0.0000	0.0000	32.8000	55.0000	739557.502025
0.9655	0.0000	0.0000	29.1400	55.0000	739557.502025
1.0820	0.0000	0.0000	29.1400	55.0000	739557.502025
1.1986	0.0000	0.0000	29.1400	55.0000	739557.502025
1.3152	0.0000	0.0000	29.1400	55.0000	739557.502025
1.4318	0.0000	0.0000	29.1400	55.0000	739557.502025
1.5319	-0.1048	0.0584	29.1400	55.0000	739557.502025
1.6483	-0.2271	0.1266	29.1400	55.0000	739557.502025
1.7486	-0.3319	0.1850	29.1400	55.0000	739557.502025
1.8653	-0.4542	0.2532	29.1400	55.0000	739557.502025
1.9818	-0.4542	0.2532	29.1400	55.0000	739557.502025
2.0820	-0.4542	0.2532	23.0400	55.0000	739557.502025
2.1986	-0.4542	0.2532	14.5000	55.0000	739557.502025
2.3151	-0.4542	0.2532	10.8400	55.0000	739557.502025
2.4157	-0.4542	0.2532	10.8400	55.0000	739557.502025
2.5317	-0.5917	0.2795	10.8400	55.0000	739557.502025
2.6484	-0.7292	0.3059	10.8400	55.0000	739557.502025
2.7486	-0.8470	0.3284	10.8400	55.0000	739557.502025
2.8488	-0.9649	0.3510	10.8400	55.0000	739557.502025
2.9657	-1.1024	0.3773	10.8400	55.0000	739557.502025
3.0820	-1.2399	0.4037	10.8400	55.0000	739557.502025
3.1988	-1.3774	0.4300	10.8400	55.0000	739557.502025
3.2991	-1.4953	0.4526	10.8400	55.0000	739557.502025
3.4001	-1.6131	0.4751	10.8400	55.0000	739557.502025
3.5154	-1.7506	0.5015	10.8400	55.0000	739557.502025
3.6322	-1.8881	0.5278	10.8400	55.0000	739557.502025
3.7488	-2.0256	0.5541	10.8400	55.0000	739557.502025
3.8657	-2.1435	0.5767	10.8400	55.0000	739557.502025
3.9822	-2.1435	0.5767	10.8400	55.0000	739557.502025
4.0823	-2.1435	0.5767	10.8400	55.0000	739557.502025
4.1993	-2.1435	0.5767	13.2800	55.0000	739557.502025
4.3154	-2.1435	0.5767	21.8200	55.0000	739557.502025
4.4155	-2.1435	0.5767	29.1400	55.0000	739557.502025
4.5324	-2.1435	0.5767	37.6800	55.0000	739557.502025
4.6487	-2.1435	0.5767	46.2200	55.0000	739557.502025
4.7653	-2.1435	0.5767	52.3200	55.0000	739557.502025
4.8821	-2.1435	0.5767	52.3200	55.0000	739557.502025
4.9988	-2.1435	0.5767	52.3200	55.0000	739557.502025
5.1157	-2.1435	0.5767	45.0000	55.0000	739557.502025
5.2322	-2.1435	0.5767	36.4600	55.0000	739557.502025
5.3492	-2.1435	0.5767	32.8000	55.0000	739557.502025
5.4653	-2.1603	0.5875	32.8000	55.0000	739557.502025
5.5656	-2.2612	0.6525	32.8000	55.0000	739557.502025
5.6657	-2.3620	0.7175	32.8000	55.0000	739557.502025
5.7821	-2.4797	0.7934	32.8000	55.0000	739557.502025
5.8986	-2.5974	0.8692	32.8000	55.0000	739557.502025
5.9990	-2.6983	0.9342	32.8000	55.0000	739557.502025
6.1155	-2.8159	1.0101	32.8000	55.0000	739557.502025
6.2320	-2.8328	1.0209	32.8000	55.0000	739557.502025
6.3325	-2.8328	1.0209	34.0200	55.0000	739557.502025
6.4488	-2.8328	1.0209	42.5600	55.0000	739557.502025
6.5653	-2.8328	1.0209	51.1000	55.0000	739557.502025
6.6821	-2.8328	1.0209	53.5400	55.0000	739557.502025
6.7992	-2.8328	1.0209	53.5400	55.0000	739557.502025
6.9155	-2.8803	1.0852	53.5400	55.0000	739557.502025
7.0322	-2.9635	1.1978	53.5400	55.0000	739557.502025
7.1488	-3.0467	1.3104	53.5400	55.0000	739557.502025
7.2658	-3.1299	1.4230	53.5400	55.0000	739557.502025
7.3822	-3.2131	1.5356	53.5400	55.0000	739557.502025
7.4988	-3.2963	1.6482	53.5400	55.0000	739557.502025
7.6158	-3.3795	1.7608	53.5400	55.0000	739557.502025
7.7322	-3.4627	1.8734	53.5400	55.0000	739557.502025
7.8487	-3.5102	1.9378	53.5400	55.0000	739557.502025
7.9656	-3.5102	1.9378	53.5400	55.0000	739557.502025
8.0821	-3.5102	1.9378	53.5400	55.0000	739557.502025
8.1822	-3.5102	1.9378	53.5400	55.0000	739557.502025
8.2987	-3.5102	1.9378	62.0800	55.0000	739557.502025
8.3991	-3.5102	1.9378	69.4000	55.0000	739557.502025
8.5157	-3.5102	1.9378	77.9400	55.0000	739557.502025
8.6320	-3.5102	1.9378	86.4800	55.0000	739557.502025
8.7322	-3.5102	1.9378	92.5800	55.0000	739557.502025
8.8323	-3.5102	1.9378	92.5800	55.0000	739557.502025
8.9490	-3.5102	1.9378	92.5800	55.0000	739557.502025
9.0654	-3.5102	1.9378	92.5800	55.0000	739557.502025
9.1655	-3.5102	1.9378	92.5800	55.0000	739557.502025
9.2656	-3.5066	2.0177	92.5800	55.0000	739557.502025
9.3820	-3.5003	2.1575	92.5800	55.0000	739557.502025
9.4988	-3.4940	2.2974	92.5800	55.0000	739557.502025
9.6154	-3.4877	2.4373	92.5800	55.0000	739557.502025
9.7156	-3.4823	2.5571	92.5800	55.0000	739557.502025
9.8326	-3.4760	2.6970	92.5800	55.0000	739557.502025
9.9489	-3.4697	2.8368	92.5800	55.0000	739557.502025
10.0655	-3.4634	2.9767	92.5800	55.0000	739557.502025
10.1656	-3.4580	3.0966	92.5800	55.0000	739557.502025
10.2822	-3.4571	3.1166	92.5800	55.0000	739557.502025
10.3823	-3.4571	3.1166	92.5800	55.0000	739557.502025
10.4988	-3.4571	3.1166	99.9000	55.0000	739557.502025
10.6160	-3.4571	3.1166	106.0000	55.0000	739557.502025
10.7320	-3.4571	3.1166	106.0000	55.0000	739557.502025
10.8327	-3.4571	3.1166	106.0000	55.0000	739557.502025
10.9490	-3.4571	3.1166	106.0000	55.0000	739557.502025
11.0660	-3.4571	3.1166	106.0000	55.0000	739557.502025
11.1822	-3.4626	3.0973	106.0000	55.0000	739557.502025
11.2988	-3.4792	3.0397	106.0000	55.0000	739557.502025
11.3990	-3.5122	2.9243	106.0000	55.0000	739557.502025
11.5154	-3.5508	2.7897	106.0000	55.0000	739557.502025
11.6155	-3.5839	2.6744	106.0000	55.0000	739557.502025
11.7160	-3.6170	2.5590	106.0000	55.0000	739557.502025
11.8320	-3.6556	2.4245	106.0000	55.0000	739557.502025
11.9321	-3.6886	2.3091	106.0000	55.0000	739557.502025
12.0488	-3.7272	2.1745	106.0000	55.0000	739557.502025
12.1496	-3.7603	2.0592	106.0000	55.0000	739557.502025
12.2655	-3.7603	2.0592	108.4400	55.0000	739557.502025
12.3820	-3.7603	2.0592	116.9800	55.0000	739557.502025
12.4821	-3.7603	2.0592	124.3000	55.0000	739557.502025
12.5822	-3.7603	2.0592	131.6200	55.0000	739557.502025
12.6991	-3.7603	2.0592	138.9400	55.0000	739557.502025
12.8154	-3.7603	2.0592	138.9400	55.0000	739557.502025
12.9322	-3.7603	2.0592	138.9400	55.0000	739557.502025
13.0490	-3.7603	2.0592	138.9400	55.0000	739557.502025
13.1654	-3.7603	2.0592	142.6000	55.0000	739557.502025
13.2658	-3.7603	2.0592	149.9200	55.0000	739557.502025
13.3824	-3.7603	2.0592	158.4600	55.0000	739557.502025
13.4988	-3.7603	2.0592	167.0000	55.0000	739557.502025
13.6152	-3.7603	2.0592	175.5400	55.0000	739557.502025
13.7156	-3.7603	2.0592	182.8600	55.0000	739557.502025
13.8322	-3.7603	2.0592	191.4000	55.0000	739557.502025
13.9489	-3.7603	2.0592	196.2800	55.0000	739557.502025
14.0656	-3.7603	2.0592	196.2800	55.0000	739557.502025
14.1658	-3.7603	2.0592	196.2800	55.0000	739557.502025
14.2820	-3.7027	2.0424	196.2800	55.0000	739557.502025
14.3988	-3.5683	2.0031	196.2800	55.0000	739557.502025
14.4990	-3.4531	1.9695	196.2800	55.0000	739557.502025
14.6157	-3.3187	1.9302	196.2800	55.0000	739557.502025
14.7321	-3.1844	1.8910	196.2800	55.0000	739557.502025
14.8492	-3.0500	1.8517	196.2800	55.0000	739557.502025
14.9655	-2.9348	1.8181	196.2800	55.0000	739557.502025
15.0656	-2.9348	1.8181	196.2800	55.0000	739557.502025
15.1820	-2.9348	1.8181	196.2800	55.0000	739557.502025
15.2823	-2.9348	1.8181	191.4000	55.0000	739557.502025
15.3824	-2.9348	1.8181	184.0800	55.0000	739557.502025
15.4987	-2.9348	1.8181	177.9800	55.0000	739557.502025
15.5989	-2.9348	1.8181	177.9800	55.0000	739557.502025
15.6991	-2.8548	1.8209	177.9800	55.0000	739557.502025
15.8154	-2.7149	1.8258	177.9800	55.0000	739557.502025
15.9157	-2.6150	1.8294	177.9800	55.0000	739557.502025
16.0321	-2.6150	1.8294	177.9800	55.0000	739557.502025
16.1323	-2.6150	1.8294	170.6600	55.0000	739557.502025
16.2490	-2.6150	1.8294	162.1200	55.0000	739557.502025
16.3654	-2.6150	1.8294	153.5800	55.0000	739557.502025
16.4658	-2.6150	1.8294	146.2600	55.0000	739557.502025
16.5824	-2.6150	1.8294	137.7200	55.0000	739557.502025
16.6988	-2.6150	1.8294	129.1800	55.0000	739557.502025
16.7990	-2.6150	1.8294	121.8600	55.0000	739557.502025
16.9155	-2.6150	1.8294	113.3200	55.0000	739557.502025
17.0321	-2.6150	1.8294	104.7800	55.0000	739557.502025
17.1323	-2.6150	1.8294	99.9000	55.0000	739557.502025
17.2327	-2.6150	1.8294	99.9000	55.0000	739557.502025
17.3493	-2.6115	1.8491	99.9000	55.0000	739557.502025
17.4657	-2.5875	1.9870	99.9000	55.0000	739557.502025
17.5821	-2.5634	2.1249	99.9000	55.0000	739557.502025
17.6822	-2.5428	2.2431	99.9000	55.0000	739557.502025
17.7988	-2.5187	2.3810	99.9000	55.0000	739557.502025
17.8989	-2.4981	2.4992	99.9000	55.0000	739557.502025
18.0155	-2.4740	2.6372	99.9000	55.0000	739557.502025
18.1321	-2.4499	2.7751	99.9000	55.0000	739557.502025
18.2322	-2.4293	2.8933	99.9000	55.0000	739557.502025
18.3488	-2.4052	3.0312	99.9000	55.0000	739557.502025
18.4488	-2.3846	3.1494	99.9000	55.0000	739557.502025
18.5491	-2.3640	3.2676	99.9000	55.0000	739557.502025
18.6656	-2.3399	3.4055	99.9000	55.0000	739557.502025
18.7821	-2.3158	3.5435	99.9000	55.0000	739557.502025
18.8822	-2.2952	3.6617	99.9000	55.0000	739557.502025
18.9987	-2.2711	3.7996	99.9000	55.0000	739557.502025
19.0988	-2.2677	3.8193	99.9000	55.0000	739557.502025
19.1989	-2.2677	3.8193	99.9000	55.0000	739557.502025
19.2992	-2.2677	3.8193	101.1200	55.0000	739557.502025
19.4157	-2.2677	3.8193	109.6600	55.0000	739557.502025
19.5326	-2.2677	3.8193	118.2000	55.0000	739557.502025
19.6488	-2.2677	3.8193	126.7400	55.0000	739557.502025
19.7492	-2.2677	3.8193	132.8400	55.0000	739557.502025
19.8657	-2.2677	3.8193	132.8400	55.0000	739557.502025
19.9824	-2.2677	3.8193	132.8400	55.0000	739557.502025
20.0825	-2.1861	3.9073	132.8400	55.0000	739557.502025
20.1988	-2.1272	3.9937	132.8400	55.0000	739557.502025
20.3156	-2.1054	4.0699	132.8400	55.0000	739557.502025
20.4322	-2.0277	4.1681	132.8400	55.0000	739557.502025
20.5325	-2.0277	4.1681	132.8400	55.0000	739557.502025
20.6488	-2.0277	4.1681	132.8400	55.0000	739557.502025
20.7489	-2.0277	4.1681	132.8400	55.0000	739557.502025
20.8655	-2.0277	4.1681	132.8400	55.0000	739557.502025
20.9658	-1.9869	4.2121	132.8400	55.0000	739557.502025
21.0824	-1.8917	4.3147	132.8400	55.0000	739557.502025
21.1989	-1.7965	4.4174	132.8400	55.0000	739557.502025
21.2992	-1.7557	4.4614	132.8400	55.0000	739557.502025
21.4157	-1.7557	4.4614	132.8400	55.0000	739557.502025
21.5321	-1.7557	4.4614	140.1600	55.0000	739557.502025
21.6324	-1.7557	4.4614	147.4800	55.0000	739557.502025
21.7486	-1.7557	4.4614	156.0200	55.0000	739557.502025
21.8489	-1.7557	4.4614	163.3400	55.0000	739557.502025
21.9491	-1.7557	4.4614	170.6600	55.0000	739557.502025
22.0657	-1.7557	4.4614	179.2000	55.0000	739557.502025
22.1822	-1.7557	4.4614	187.7400	55.0000	739557.502025
22.2989	-1.7557	4.4614	196.2800	55.0000	739557.502025
22.4155	-1.7557	4.4614	204.8200	55.0000	739557.502025
22.5320	-1.7557	4.4614	213.3600	55.0000	739557.502025
22.6321	-1.7557	4.4614	220.6800	55.0000	739557.502025
22.7488	-1.7557	4.4614	229.2200	55.0000	739557.502025
22.8656	-1.7557	4.4614	237.7600	55.0000	739557.502025
22.9825	-1.7557	4.4614	246.3000	55.0000	739557.502025
23.0988	-1.7557	4.4614	254.8400	55.0000	739557.502025
23.2154	-1.7557	4.4614	257.2800	55.0000	739557.502025
23.3157	-1.7557	4.4614	257.2800	55.0000	739557.502025
23.4320	-1.7513	4.4419	257.2800	55.0000	739557.502025
23.5323	-1.7249	4.3248	257.2800	55.0000	739557.502025
23.6489	-1.6940	4.1883	257.2800	55.0000	739557.502025
23.7657	-1.6632	4.0517	257.2800	55.0000	739557.502025
23.8824	-1.6324	3.9151	257.2800	55.0000	739557.502025
23.9989	-1.6016	3.7786	257.2800	55.0000	739557.502025
24.1160	-1.5707	3.6420	257.2800	55.0000	739557.502025
24.2167	-1.5443	3.5249	257.2800	55.0000	739557.502025
24.3322	-1.5135	3.3884	257.2800	55.0000	739557.502025
24.4489	-1.4827	3.2518	257.2800	55.0000	739557.502025
24.5654	-1.4783	3.2323	257.2800	55.0000	739557.502025
24.6657	-1.4783	3.2323	257.2800	55.0000	739557.502025
24.7821	-1.4783	3.2323	253.6200	55.0000	739557.502025
24.8988	-1.4783	3.2323	245.0800	55.0000	739557.502025
24.9989	-1.4783	3.2323	237.7600	55.0000	739557.502025
25.1154	-1.4783	3.2323	229.2200	55.0000	739557.502025
25.2157	-1.4783	3.2323	221.9000	55.0000	739557.502025
25.3162	-1.4783	3.2323	214.5800	55.0000	739557.502025
25.4322	-1.4783	3.2323	214.5800	55.0000	739557.502025
25.5325	-1.4783	3.2323	214.5800	55.0000	739557.502025
25.6491	-1.4783	3.2323	223.1200	55.0000	739557.502025
25.7660	-1.4783	3.2323	228.0000	55.0000	739557.502025
25.8821	-1.4783	3.2323	228.0000	55.0000	739557.502025
25.9988	-1.3980	3.1431	228.0000	55.0000	739557.502025
26.1155	-1.3043	3.0391	228.0000	55.0000	739557.502025
26.2156	-1.2240	2.9499	228.0000	55.0000	739557.502025
26.3321	-1.1303	2.8459	228.0000	55.0000	739557.502025
26.4322	-1.0500	2.7567	228.0000	55.0000	739557.502025
26.5492	-0.9563	2.6527	228.0000	55.0000	739557.502025
26.6657	-0.8627	2.5486	228.0000	55.0000	739557.502025
26.7824	-0.8359	2.5189	228.0000	55.0000	739557.502025
26.8990	-0.8359	2.5189	219.4600	55.0000	739557.502025
27.0156	-0.8359	2.5189	210.9200	55.0000	739557.502025
27.1322	-0.8359	2.5189	202.3800	55.0000	739557.502025
27.2323	-0.8359	2.5189	195.0600	55.0000	739557.502025
27.3486	-0.8359	2.5189	186.5200	55.0000	739557.502025
27.4489	-0.8359	2.5189	179.2000	55.0000	739557.502025
27.5655	-0.8359	2.5189	170.6600	55.0000	739557.502025
27.6821	-0.8359	2.5189	162.1200	55.0000	739557.502025
27.7824	-0.8359	2.5189	154.8000	55.0000	739557.502025
27.8988	-0.8359	2.5189	146.2600	55.0000	739557.502025
28.0153	-0.8359	2.5189	137.7200	55.0000	739557.502025
28.1154	-0.8359	2.5189	130.4000	55.0000	739557.502025
28.2159	-0.8359	2.5189	123.0800	55.0000	739557.502025
28.3320	-0.8359	2.5189	115.7600	55.0000	739557.502025
28.4321	-0.8359	2.5189	115.7600	55.0000	739557.502025
28.5323	-0.8359	2.5189	115.7600	55.0000	739557.502025
28.6491	-0.8359	2.5189	115.7600	55.0000	739557.502025
28.7654	-0.8359	2.5189	110.8800	55.0000	739557.502025
28.8656	-0.8359	2.5189	103.5600	55.0000	739557.502025
28.9823	-0.8359	2.5189	95.0200	55.0000	739557.502025
29.0987	-0.8359	2.5189	90.1400	55.0000	739557.502025
29.1989	-0.8359	2.5189	90.1400	55.0000	739557.502025
29.2994	-0.8359	2.5189	90.1400	55.0000	739557.502025
29.4157	-0.8356	2.6389	90.1400	55.0000	739557.502025
29.5162	-0.8353	2.7589	90.1400	55.0000	739557.502025
29.6321	-0.8350	2.8989	90.1400	55.0000	739557.502025
29.7489	-0.8346	3.0389	90.1400	55.0000	739557.502025
29.8654	-0.8343	3.1789	90.1400	55.0000	739557.502025
29.9657	-0.8340	3.2989	90.1400	55.0000	739557.502025
30.0824	-0.8337	3.4389	90.1400	55.0000	739557.502025
30.1986	-0.8333	3.5789	90.1400	55.0000	739557.502025
30.2991	-0.8330	3.6989	90.1400	55.0000	739557.502025
30.4154	-0.8327	3.8389	90.1400	55.0000	739557.502025
30.5156	-0.8324	3.9589	90.1400	55.0000	739557.502025
30.6321	-0.8320	4.0989	90.1400	55.0000	739557.502025
30.7487	-0.8317	4.2389	90.1400	55.0000	739557.502025
30.8501	-0.8314	4.3589	90.1400	55.0000	739557.502025
30.9654	-0.8311	4.4989	90.1400	55.0000	739557.502025
31.0657	-0.8309	4.5589	90.1400	55.0000	739557.502025
31.1820	-0.8309	4.5589	90.1400	55.0000	739557.502025
31.2823	-0.8309	4.5589	96.2400	55.0000	739557.502025
31.3986	-0.8309	4.5589	104.7800	55.0000	739557.502025
31.4987	-0.8309	4.5589	112.1000	55.0000	739557.502025
31.5994	-0.8309	4.5589	119.4200	55.0000	739557.502025
31.7156	-0.8309	4.5589	127.9600	55.0000	739557.502025
31.8322	-0.8309	4.5589	132.8400	55.0000	739557.502025
31.9490	-0.8173	4.5735	132.8400	55.0000	739557.502025
32.0655	-0.7221	4.6762	132.8400	55.0000	739557.502025
32.1821	-0.6269	4.7789	132.8400	55.0000	739557.502025
32.2824	-0.5453	4.8669	132.8400	55.0000	739557.502025
32.3986	-0.4501	4.9695	132.8400	55.0000	739557.502025
32.4986	-0.4365	4.9842	132.8400	55.0000	739557.502025
32.5991	-0.4365	4.9842	126.7400	55.0000	739557.502025
32.7155	-0.4365	4.9842	119.4200	55.0000	739557.502025
32.8322	-0.4071	5.0364	119.4200	55.0000	739557.502025
32.9490	-0.3383	5.1584	119.4200	55.0000	739557.502025
33.0656	-0.2695	5.2803	119.4200	55.0000	739557.502025
33.1821	-0.2008	5.4023	119.4200	55.0000	739557.502025
33.2822	-0.1418	5.5068	119.4200	55.0000	739557.502025
33.3823	-0.0829	5.6113	119.4200	55.0000	739557.502025
33.4988	-0.0141	5.7333	119.4200	55.0000	739557.502025
33.6153	0.0547	5.8552	119.4200	55.0000	739557.502025
33.7156	0.1136	5.9597	119.4200	55.0000	739557.502025
33.8320	0.1824	6.0817	119.4200	55.0000	739557.502025
0.1068	0.0000	0.0000	45.0000	55.0000	739557.537480
0.2163	0.0000	0.0000	45.0000	55.0000	739557.537480
0.3330	0.0000	0.0000	45.0000	55.0000	739557.537480
0.4333	0.0000	0.0000	45.0000	55.0000	739557.537480
0.5496	0.0000	0.0000	45.0000	55.0000	739557.537480
0.6499	0.0000	0.0000	45.0000	55.0000	739557.537480
0.7664	0.0000	0.0000	45.0000	55.0000	739557.537480
0.8832	0.0000	0.0000	45.0000	55.0000	739557.537480
0.9834	0.0000	0.0000	45.0000	55.0000	739557.537480
1.0848	0.0000	0.0000	45.0000	55.0000	739557.537480
1.1997	0.0000	0.0000	42.5600	55.0000	739557.537480
1.3163	0.0000	0.0000	34.0200	55.0000	739557.537480
1.4163	0.0000	0.0000	32.8000	55.0000	739557.537480
1.5331	0.0000	0.0000	32.8000	55.0000	739557.537480
1.6497	0.0000	0.0000	32.8000	55.0000	739557.537480
1.7500	-0.0841	0.0542	32.8000	55.0000	739557.537480
1.8663	-0.2017	0.1300	32.8000	55.0000	739557.537480
1.9831	-0.3194	0.2058	32.8000	55.0000	739557.537480
2.0832	-0.4203	0.2709	32.8000	55.0000	739557.537480
2.2000	-0.5380	0.3467	32.8000	55.0000	739557.537480
2.3163	-0.6556	0.4225	32.8000	55.0000	739557.537480
2.4331	-0.7229	0.4659	32.8000	55.0000	739557.537480
2.5503	-0.7229	0.4659	26.7000	55.0000	739557.537480
2.6665	-0.7229	0.4659	18.1600	55.0000	739557.537480
2.7834	-0.7229	0.4659	9.6200	55.0000	739557.537480
2.8998	-0.7229	0.4659	1.0800	55.0000	739557.537480
3.0164	-0.7229	0.4659	-0.1400	55.0000	739557.537480
3.1165	-0.7229	0.4659	-0.1400	55.0000	739557.537480
3.2329	-0.8629	0.4655	-0.1400	55.0000	739557.537480
3.3496	-1.0029	0.4652	-0.1400	55.0000	739557.537480
3.4499	-1.1229	0.4649	-0.1400	55.0000	739557.537480
3.5665	-1.2629	0.4645	-0.1400	55.0000	739557.537480
3.6831	-1.4029	0.4642	-0.1400	55.0000	739557.537480
3.7996	-1.5429	0.4639	-0.1400	55.0000	739557.537480
3.8998	-1.6629	0.4636	-0.1400	55.0000	739557.537480
4.0162	-1.8029	0.4632	-0.1400	55.0000	739557.537480
4.1329	-1.9429	0.4629	-0.1400	55.0000	739557.537480
4.2330	-2.0629	0.4626	-0.1400	55.0000	739557.537480
4.3497	-2.2029	0.4623	-0.1400	55.0000	739557.537480
4.4667	-2.3429	0.4619	-0.1400	55.0000	739557.537480
4.5829	-2.4829	0.4616	-0.1400	55.0000	739557.537480
4.6996	-2.6229	0.4612	-0.1400	55.0000	739557.537480
4.8163	-2.7629	0.4609	-0.1400	55.0000	739557.537480
4.9330	-2.7629	0.4609	-0.1400	55.0000	739557.537480
5.0498	-2.7629	0.4609	5.9600	55.0000	739557.537480
5.1662	-2.7629	0.4609	14.5000	55.0000	739557.537480
5.2664	-2.7629	0.4609	21.8200	55.0000	739557.537480
5.3831	-2.7629	0.4609	30.3600	55.0000	739557.537480
5.4834	-2.7629	0.4609	37.6800	55.0000	739557.537480
5.5997	-2.7629	0.4609	46.2200	55.0000	739557.537480
5.7164	-2.7629	0.4609	54.7600	55.0000	739557.537480
5.8330	-2.7629	0.4609	63.3000	55.0000	739557.537480
5.9496	-2.7629	0.4609	71.8400	55.0000	739557.537480
6.0663	-2.7629	0.4609	80.3800	55.0000	739557.537480
6.1830	-2.7629	0.4609	88.9200	55.0000	739557.537480
6.2833	-2.7629	0.4609	96.2400	55.0000	739557.537480
6.3834	-2.7629	0.4609	103.5600	55.0000	739557.537480
6.4835	-2.7629	0.4609	103.5600	55.0000	739557.537480
6.5997	-2.7582	0.4803	103.5600	55.0000	739557.537480
6.7164	-2.7254	0.6164	103.5600	55.0000	739557.537480
6.8166	-2.6972	0.7331	103.5600	55.0000	739557.537480
6.9330	-2.6644	0.8692	103.5600	55.0000	739557.537480
7.0334	-2.6363	0.9858	103.5600	55.0000	739557.537480
7.1337	-2.6081	1.1025	103.5600	55.0000	739557.537480
7.2497	-2.5753	1.2386	103.5600	55.0000	739557.537480
7.3503	-2.5472	1.3552	103.5600	55.0000	739557.537480
7.4666	-2.5143	1.4913	103.5600	55.0000	739557.537480
7.5832	-2.4815	1.6274	103.5600	55.0000	739557.537480
7.6997	-2.4487	1.7635	103.5600	55.0000	739557.537480
7.8003	-2.4206	1.8802	103.5600	55.0000	739557.537480
7.9166	-2.3877	2.0163	103.5600	55.0000	739557.537480
8.0332	-2.3549	2.1524	103.5600	55.0000	739557.537480
8.1334	-2.3268	2.2690	103.5600	55.0000	739557.537480
8.2497	-2.2940	2.4051	103.5600	55.0000	739557.537480
8.3498	-2.2658	2.5218	103.5600	55.0000	739557.537480
8.4664	-2.2330	2.6579	103.5600	55.0000	739557.537480
8.5665	-2.2236	2.6968	103.5600	55.0000	739557.537480
8.6835	-2.2236	2.6968	99.9000	55.0000	739557.537480
8.7997	-2.2236	2.6968	91.3600	55.0000	739557.537480
8.9162	-2.2236	2.6968	86.4800	55.0000	739557.537480
9.0338	-2.2236	2.6968	86.4800	55.0000	739557.537480
9.1498	-2.2298	2.7966	86.4800	55.0000	739557.537480
9.2667	-2.2384	2.9363	86.4800	55.0000	739557.537480
9.3830	-2.2469	3.0761	86.4800	55.0000	739557.537480
9.4832	-2.2543	3.1958	86.4800	55.0000	739557.537480
9.5998	-2.2629	3.3356	86.4800	55.0000	739557.537480
9.7163	-2.2715	3.4753	86.4800	55.0000	739557.537480
9.8329	-2.2801	3.6150	86.4800	55.0000	739557.537480
9.9331	-2.2875	3.7348	86.4800	55.0000	739557.537480
10.0498	-2.2961	3.8745	86.4800	55.0000	739557.537480
10.1501	-2.2973	3.8945	91.3600	55.0000	739557.537480
10.2663	-2.2973	3.8945	99.9000	55.0000	739557.537480
10.3830	-2.2973	3.8945	108.4400	55.0000	739557.537480
10.4833	-2.2973	3.8945	115.7600	55.0000	739557.537480
10.5835	-2.2973	3.8945	123.0800	55.0000	739557.537480
10.6997	-2.2973	3.8945	131.6200	55.0000	739557.537480
10.8163	-2.2973	3.8945	140.1600	55.0000	739557.537480
10.9330	-2.2973	3.8945	145.0400	55.0000	739557.537480
11.0335	-2.2317	3.9403	145.0400	55.0000	739557.537480
11.1498	-2.1380	4.0154	145.0400	55.0000	739557.537480
11.2663	-2.1063	4.0792	145.0400	55.0000	739557.537480
11.3665	-2.0079	4.1480	145.0400	55.0000	739557.537480
11.4833	-1.8932	4.2282	145.0400	55.0000	739557.537480
11.5998	-1.7785	4.3084	145.0400	55.0000	739557.537480
11.7164	-1.6637	4.3886	145.0400	55.0000	739557.537480
11.8332	-1.6637	4.3886	145.0400	55.0000	739557.537480
11.9502	-1.6637	4.3886	136.5000	55.0000	739557.537480
12.0665	-1.6637	4.3886	127.9600	55.0000	739557.537480
12.1666	-1.6637	4.3886	120.6400	55.0000	739557.537480
12.2834	-1.6637	4.3886	112.1000	55.0000	739557.537480
12.3998	-1.6637	4.3886	107.2200	55.0000	739557.537480
12.5001	-1.6637	4.3886	107.2200	55.0000	739557.537480
12.6163	-1.6519	4.4268	107.2200	55.0000	739557.537480
12.7331	-1.6104	4.5606	107.2200	55.0000	739557.537480
12.8331	-1.5749	4.6752	107.2200	55.0000	739557.537480
12.9501	-1.5335	4.8089	107.2200	55.0000	739557.537480
13.0665	-1.4920	4.9426	107.2200	55.0000	739557.537480
13.1831	-1.4506	5.0763	107.2200	55.0000	739557.537480
13.3004	-1.4328	5.1337	106.0000	55.0000	739557.537480
13.4164	-1.4328	5.1337	97.4600	55.0000	739557.537480
13.5331	-1.4328	5.1337	88.9200	55.0000	739557.537480
13.6340	-1.4328	5.1337	81.6000	55.0000	739557.537480
13.7497	-1.4328	5.1337	73.0600	55.0000	739557.537480
13.8663	-1.4328	5.1337	64.5200	55.0000	739557.537480
13.9664	-1.4328	5.1337	57.2000	55.0000	739557.537480
14.0667	-1.4328	5.1337	49.8800	55.0000	739557.537480
14.1833	-1.4328	5.1337	41.3400	55.0000	739557.537480
14.2997	-1.4328	5.1337	32.8000	55.0000	739557.537480
14.3999	-1.4328	5.1337	25.4800	55.0000	739557.537480
14.5163	-1.4328	5.1337	16.9400	55.0000	739557.537480
14.6329	-1.4328	5.1337	10.8400	55.0000	739557.537480
14.7331	-1.4328	5.1337	10.8400	55.0000	739557.537480
14.8497	-1.4328	5.1337	10.8400	55.0000	739557.537480
14.9508	-1.5507	5.1562	10.8400	55.0000	739557.537480
15.0669	-1.6882	5.1826	10.8400	55.0000	739557.537480
15.1670	-1.8060	5.2051	10.8400	55.0000	739557.537480
15.2831	-1.9435	5.2315	10.8400	55.0000	739557.537480
15.3832	-2.0614	5.2540	10.8400	55.0000	739557.537480
15.4998	-2.1989	5.2803	10.8400	55.0000	739557.537480
15.6003	-2.3168	5.3029	10.8400	55.0000	739557.537480
15.7163	-2.4543	5.3292	10.8400	55.0000	739557.537480
15.8330	-2.5918	5.3556	10.8400	55.0000	739557.537480
15.9335	-2.7096	5.3781	10.8400	55.0000	739557.537480
16.0497	-2.8471	5.4045	10.8400	55.0000	739557.537480
16.1663	-2.9846	5.4308	10.8400	55.0000	739557.537480
16.2668	-3.1025	5.4534	10.8400	55.0000	739557.537480
16.3831	-3.2400	5.4797	10.8400	55.0000	739557.537480
16.4998	-3.3775	5.5060	10.8400	55.0000	739557.537480
16.6175	-3.5150	5.5324	10.8400	55.0000	739557.537480
16.7331	-3.6525	5.5587	10.8400	55.0000	739557.537480
16.8496	-3.7900	5.5850	10.8400	55.0000	739557.537480
16.9500	-3.9079	5.6076	10.8400	55.0000	739557.537480
17.0663	-4.0454	5.6339	10.8400	55.0000	739557.537480
17.1829	-4.1829	5.6602	10.8400	55.0000	739557.537480
17.2832	-4.3007	5.6828	10.8400	55.0000	739557.537480
17.3996	-4.4382	5.7091	10.8400	55.0000	739557.537480
17.5163	-4.5757	5.7355	10.8400	55.0000	739557.537480
17.6330	-4.7132	5.7618	10.8400	55.0000	739557.537480
17.7332	-4.8311	5.7844	10.8400	55.0000	739557.537480
17.8496	-4.9686	5.8107	10.8400	55.0000	739557.537480
17.9500	-5.0864	5.8333	10.8400	55.0000	739557.537480
18.0665	-5.1061	5.8370	10.8400	55.0000	739557.537480
18.1832	-5.1061	5.8370	10.8400	55.0000	739557.537480
18.3003	-5.1061	5.8370	2.3000	55.0000	739557.537480
18.4163	-5.1061	5.8370	-6.2400	55.0000	739557.537480
18.5167	-5.1061	5.8370	-13.5600	55.0000	739557.537480
18.6333	-5.1061	5.8370	-22.1000	55.0000	739557.537480
18.7497	-5.1061	5.8370	-30.6400	55.0000	739557.537480
18.8664	-5.1061	5.8370	-39.1800	55.0000	739557.537480
18.9666	-5.1061	5.8370	-46.5000	55.0000	739557.537480
19.0829	-5.1061	5.8370	-55.0400	55.0000	739557.537480
19.1832	-5.1061	5.8370	-62.3600	55.0000	739557.537480
19.2997	-5.1061	5.8370	-70.9000	55.0000	739557.537480
19.4162	-5.1061	5.8370	-79.4400	55.0000	739557.537480
19.5164	-5.1061	5.8370	-86.7600	55.0000	739557.537480
19.6331	-5.1061	5.8370	-95.3000	55.0000	739557.537480
19.7501	-5.1061	5.8370	-97.7400	55.0000	739557.537480
19.8502	-5.1061	5.8370	-97.7400	55.0000	739557.537480
19.9682	-5.1061	5.8370	-97.7400	55.0000	739557.537480
20.0830	-5.1061	5.8370	-97.7400	55.0000	739557.537480
20.1998	-5.1061	5.8370	-97.7400	55.0000	739557.537480
20.3002	-5.1061	5.8370	-97.7400	55.0000	739557.537480
20.4164	-5.1061	5.8370	-97.7400	55.0000	739557.537480
20.5330	-5.0926	5.7379	-97.7400	55.0000	739557.537480
20.6497	-5.0738	5.5992	-97.7400	55.0000	739557.537480
20.7666	-5.0549	5.4605	-97.7400	55.0000	739557.537480
20.8830	-5.0361	5.3218	-97.7400	55.0000	739557.537480
20.9835	-5.0199	5.2029	-97.7400	55.0000	739557.537480
21.0998	-5.0010	5.0641	-97.7400	55.0000	739557.537480
21.1999	-4.9849	4.9452	-97.7400	55.0000	739557.537480
21.3167	-4.9660	4.8065	-97.7400	55.0000	739557.537480
21.4330	-4.9472	4.6678	-97.7400	55.0000	739557.537480
21.5498	-4.9337	4.5687	-97.7400	55.0000	739557.537480
21.6663	-4.9337	4.5687	-97.7400	55.0000	739557.537480
21.7664	-4.9337	4.5687	-97.7400	55.0000	739557.537480
21.8831	-4.9337	4.5687	-90.4200	55.0000	739557.537480
21.9996	-4.9337	4.5687	-81.8800	55.0000	739557.537480
22.1164	-4.9337	4.5687	-73.3400	55.0000	739557.537480
22.2333	-4.9337	4.5687	-64.8000	55.0000	739557.537480
22.3499	-4.9337	4.5687	-56.2600	55.0000	739557.537480
22.4666	-4.9337	4.5687	-47.7200	55.0000	739557.537480
22.5829	-4.9337	4.5687	-45.2800	55.0000	739557.537480
22.6830	-4.9337	4.5687	-45.2800	55.0000	739557.537480
22.7833	-5.0181	4.4834	-45.2800	55.0000	739557.537480
22.8998	-5.1166	4.3839	-45.2800	55.0000	739557.537480
23.0166	-5.2152	4.2845	-45.2800	55.0000	739557.537480
23.1330	-5.3137	4.1850	-45.2800	55.0000	739557.537480
23.2497	-5.4122	4.0855	-45.2800	55.0000	739557.537480
23.3665	-5.4122	4.0855	-45.2800	55.0000	739557.537480
23.4831	-5.4122	4.0855	-47.7200	55.0000	739557.537480
23.6002	-5.4122	4.0855	-56.2600	55.0000	739557.537480
23.7165	-5.4122	4.0855	-64.8000	55.0000	739557.537480
23.8167	-5.4122	4.0855	-72.1200	55.0000	739557.537480
23.9333	-5.4122	4.0855	-77.0000	55.0000	739557.537480
24.0496	-5.4122	4.0855	-77.0000	55.0000	739557.537480
24.1497	-5.4122	4.0855	-77.0000	55.0000	739557.537480
24.2667	-5.4392	3.9686	-77.0000	55.0000	739557.537480
24.3829	-5.4707	3.8322	-77.0000	55.0000	739557.537480
24.4830	-5.4977	3.7153	-77.0000	55.0000	739557.537480
24.5831	-5.5247	3.5983	-77.0000	55.0000	739557.537480
24.7000	-5.5561	3.4619	-77.0000	55.0000	739557.537480
24.8163	-5.5876	3.3255	-77.0000	55.0000	739557.537480
24.9165	-5.6146	3.2086	-77.0000	55.0000	739557.537480
25.0333	-5.6461	3.0722	-77.0000	55.0000	739557.537480
25.1498	-5.6776	2.9358	-77.0000	55.0000	739557.537480
25.2663	-5.7091	2.7993	-77.0000	55.0000	739557.537480
25.3830	-5.7406	2.6629	-77.0000	55.0000	739557.537480
25.4997	-5.7721	2.5265	-77.0000	55.0000	739557.537480
25.6163	-5.8036	2.3901	-77.0000	55.0000	739557.537480
25.7334	-5.8351	2.2537	-77.0000	55.0000	739557.537480
25.8497	-5.8666	2.1173	-77.0000	55.0000	739557.537480
25.9499	-5.8711	2.0491	-77.0000	55.0000	739557.537480
26.0663	-5.8711	1.9809	-77.0000	55.0000	739557.537480
26.1667	-5.8711	1.9224	-77.0000	55.0000	739557.537480
26.2834	-5.8711	1.8542	-77.0000	55.0000	739557.537480
26.3997	-5.8711	1.7860	-77.0000	55.0000	739557.537480
26.4999	-5.8711	1.7275	-77.0000	55.0000	739557.537480
26.6163	-5.8711	1.6788	-77.0000	55.0000	739557.537480
26.7166	-5.8711	1.6788	-80.6600	55.0000	739557.537480
26.8330	-5.8711	1.6788	-89.2000	55.0000	739557.537480
26.9495	-5.8711	1.6788	-97.7400	55.0000	739557.537480
27.0498	-5.8711	1.6788	-105.0600	55.0000	739557.537480
27.1662	-5.8711	1.6788	-107.5000	55.0000	739557.537480
27.2830	-5.8350	1.5644	-107.5000	55.0000	739557.537480
27.3833	-5.7989	1.4499	-107.5000	55.0000	739557.537480
27.4997	-5.7568	1.3164	-107.5000	55.0000	739557.537480
27.6165	-5.7147	1.1829	-107.5000	55.0000	739557.537480
27.7332	-5.7027	1.1447	-107.5000	55.0000	739557.537480
27.8497	-5.7027	1.1447	-116.0400	55.0000	739557.537480
27.9663	-5.7027	1.1447	-124.5800	55.0000	739557.537480
28.0667	-5.7027	1.1447	-131.9000	55.0000	739557.537480
28.1829	-5.7027	1.1447	-140.4400	55.0000	739557.537480
28.2997	-5.7027	1.1447	-148.9800	55.0000	739557.537480
28.4000	-5.7027	1.1447	-156.3000	55.0000	739557.537480
28.5003	-5.7027	1.1447	-156.3000	55.0000	739557.537480
28.6163	-5.6111	1.1045	-156.3000	55.0000	739557.537480
28.7165	-5.5012	1.0563	-156.3000	55.0000	739557.537480
28.8333	-5.3730	1.0000	-156.3000	55.0000	739557.537480
28.9498	-5.2448	0.9438	-156.3000	55.0000	739557.537480
29.0664	-5.1167	0.8875	-156.3000	55.0000	739557.537480
29.1832	-4.9885	0.8312	-156.3000	55.0000	739557.537480
29.2998	-4.8603	0.7749	-156.3000	55.0000	739557.537480
29.4166	-4.7870	0.7428	-156.3000	55.0000	739557.537480
29.5167	-4.7870	0.7428	-156.3000	55.0000	739557.537480
29.6331	-4.7870	0.7428	-162.4000	55.0000	739557.537480
29.7496	-4.7870	0.7428	-170.9400	55.0000	739557.537480
29.8497	-4.7870	0.7428	-178.2600	55.0000	739557.537480
29.9499	-4.7870	0.7428	-185.5800	55.0000	739557.537480
30.0669	-4.7870	0.7428	-194.1200	55.0000	739557.537480
30.1829	-4.7870	0.7428	-202.6600	55.0000	739557.537480
30.2832	-4.7870	0.7428	-209.9800	55.0000	739557.537480
30.3997	-4.7870	0.7428	-218.5200	55.0000	739557.537480
30.4997	-4.7870	0.7428	-225.8400	55.0000	739557.537480
30.6000	-4.7870	0.7428	-233.1600	55.0000	739557.537480
30.7166	-4.7870	0.7428	-241.7000	55.0000	739557.537480
30.8330	-4.7870	0.7428	-250.2400	55.0000	739557.537480
30.9497	-4.7870	0.7428	-258.7800	55.0000	739557.537480
31.0665	-4.7870	0.7428	-261.2200	55.0000	739557.537480
31.1831	-4.7779	0.8021	-261.2200	55.0000	739557.537480
31.2833	-4.7595	0.9207	-261.2200	55.0000	739557.537480
31.3998	-4.7382	1.0590	-261.2200	55.0000	739557.537480
31.5165	-4.7168	1.1974	-261.2200	55.0000	739557.537480
31.6333	-4.6954	1.3358	-261.2200	55.0000	739557.537480
31.7497	-4.6741	1.4741	-261.2200	55.0000	739557.537480
31.8666	-4.6527	1.6125	-261.2200	55.0000	739557.537480
31.9831	-4.6313	1.7508	-261.2200	55.0000	739557.537480
32.1002	-4.6100	1.8892	-261.2200	55.0000	739557.537480
32.2164	-4.5886	2.0276	-261.2200	55.0000	739557.537480
32.3330	-4.5672	2.1659	-261.2200	55.0000	739557.537480
32.4332	-4.5489	2.2845	-261.2200	55.0000	739557.537480
32.5497	-4.5275	2.4229	-261.2200	55.0000	739557.537480
32.6500	-4.5092	2.5415	-261.2200	55.0000	739557.537480
32.7664	-4.4878	2.6798	-261.2200	55.0000	739557.537480
32.8829	-4.4665	2.8182	-261.2200	55.0000	739557.537480
32.9832	-4.4482	2.9368	-261.2200	55.0000	739557.537480
33.0997	-4.4268	3.0751	-261.2200	55.0000	739557.537480
33.2002	-4.4085	3.1937	-261.2200	55.0000	739557.537480
33.3164	-4.3871	3.3321	-261.2200	55.0000	739557.537480
33.4331	-4.3657	3.4704	-261.2200	55.0000	739557.537480
33.5497	-4.3444	3.6088	-261.2200	55.0000	739557.537480
33.6664	-4.3230	3.7472	-261.2200	55.0000	739557.537480
33.7830	-4.3016	3.8855	-261.2200	55.0000	739557.537480
33.8833	-4.2833	4.0041	-261.2200	55.0000	739557.537480
34.0000	-4.2619	4.1425	-261.2200	55.0000	739557.537480
34.1164	-4.2406	4.2808	-261.2200	55.0000	739557.537480
34.2330	-4.2192	4.4192	-261.2200	55.0000	739557.537480
34.3498	-4.1978	4.5576	-261.2200	55.0000	739557.537480
34.4665	-4.1765	4.6959	-261.2200	55.0000	739557.537480
34.5831	-4.1551	4.8343	-261.2200	55.0000	739557.537480
34.6832	-4.1368	4.9529	-261.2200	55.0000	739557.537480
34.8000	-4.1154	5.0912	-261.2200	55.0000	739557.537480
34.9164	-4.0940	5.2296	-261.2200	55.0000	739557.537480
35.0169	-4.0849	5.2889	-261.2200	55.0000	739557.537480
35.1333	-4.0849	5.2889	-258.7800	55.0000	739557.537480
35.2497	-4.0849	5.2889	-250.2400	55.0000	739557.537480
35.3499	-4.0849	5.2889	-242.9200	55.0000	739557.537480
35.4662	-4.0849	5.2889	-234.3800	55.0000	739557.537480
35.5664	-4.0849	5.2889	-227.0600	55.0000	739557.537480
35.6669	-4.0849	5.2889	-219.7400	55.0000	739557.537480
35.7833	-4.0849	5.2889	-211.2000	55.0000	739557.537480
35.9002	-4.0849	5.2889	-202.6600	55.0000	739557.537480
36.0164	-4.0849	5.2889	-194.1200	55.0000	739557.537480
36.1330	-4.0849	5.2889	-185.5800	55.0000	739557.537480
36.2498	-4.0849	5.2889	-177.0400	55.0000	739557.537480
36.3664	-4.0849	5.2889	-168.5000	55.0000	739557.537480
36.4831	-4.0849	5.2889	-159.9600	55.0000	739557.537480
36.5996	-4.0849	5.2889	-151.4200	55.0000	739557.537480
36.6998	-4.0849	5.2889	-144.1000	55.0000	739557.537480
36.8164	-4.0849	5.2889	-135.5600	55.0000	739557.537480
36.9333	-4.0849	5.2889	-127.0200	55.0000	739557.537480
37.0497	-4.0849	5.2889	-118.4800	55.0000	739557.537480
37.1662	-4.0849	5.2889	-109.9400	55.0000	739557.537480
37.2663	-4.0849	5.2889	-102.6200	55.0000	739557.537480
37.3666	-4.0849	5.2889	-95.3000	55.0000	739557.537480
37.4829	-4.0849	5.2889	-86.7600	55.0000	739557.537480
37.5830	-4.0849	5.2889	-79.4400	55.0000	739557.537480
37.6997	-4.0849	5.2889	-70.9000	55.0000	739557.537480
37.8163	-4.0849	5.2889	-62.3600	55.0000	739557.537480
37.9330	-4.0849	5.2889	-53.8200	55.0000	739557.537480
38.0499	-4.0849	5.2889	-45.2800	55.0000	739557.537480
38.1664	-4.0849	5.2889	-36.7400	55.0000	739557.537480
38.2665	-4.0849	5.2889	-29.4200	55.0000	739557.537480
38.3832	-4.0849	5.2889	-28.2000	55.0000	739557.537480
38.4833	-4.0849	5.2889	-28.2000	55.0000	739557.537480
38.5998	-4.2083	5.2227	-28.2000	55.0000	739557.537480
38.7164	-4.3316	5.1566	-28.2000	55.0000	739557.537480
38.8332	-4.4550	5.0904	-28.2000	55.0000	739557.537480
38.9501	-4.5784	5.0243	-28.2000	55.0000	739557.537480
39.0663	-4.7018	4.9581	-28.2000	55.0000	739557.537480
39.1665	-4.8075	4.9014	-28.2000	55.0000	739557.537480
39.2834	-4.9309	4.8352	-28.2000	55.0000	739557.537480
39.3835	-5.0367	4.7785	-28.2000	55.0000	739557.537480
39.4996	-5.1072	4.7407	-29.4200	55.0000	739557.537480
39.6005	-5.1072	4.7407	-36.7400	55.0000	739557.537480
39.7167	-5.1072	4.7407	-45.2800	55.0000	739557.537480
39.8332	-5.1072	4.7407	-53.8200	55.0000	739557.537480
39.9337	-5.1072	4.7407	-61.1400	55.0000	739557.537480
40.0499	-5.1072	4.7407	-69.6800	55.0000	739557.537480
40.1663	-5.1072	4.7407	-78.2200	55.0000	739557.537480
40.2664	-5.1072	4.7407	-85.5400	55.0000	739557.537480
40.3665	-5.1072	4.7407	-89.2000	55.0000	739557.537480
40.4831	-5.1072	4.7407	-89.2000	55.0000	739557.537480
40.5833	-5.1072	4.7407	-89.2000	55.0000	739557.537480
40.6997	-5.1072	4.7407	-89.2000	55.0000	739557.537480
40.8002	-5.1086	4.6407	-89.2000	55.0000	739557.537480
40.9165	-5.1105	4.5007	-89.2000	55.0000	739557.537480
41.0330	-5.1125	4.3608	-89.2000	55.0000	739557.537480
41.1332	-5.1142	4.2408	-89.2000	55.0000	739557.537480
41.2339	-5.1158	4.1208	-89.2000	55.0000	739557.537480
41.3499	-5.1268	4.0037	-89.2000	55.0000	739557.537480
41.4666	-5.1288	3.8637	-89.2000	55.0000	739557.537480
41.5831	-5.1307	3.7237	-89.2000	55.0000	739557.537480
41.6832	-5.1324	3.6038	-89.2000	55.0000	739557.537480
41.7996	-5.1343	3.4638	-89.2000	55.0000	739557.537480
41.9001	-5.1360	3.3438	-89.2000	55.0000	739557.537480
42.0164	-5.1380	3.2038	-89.2000	55.0000	739557.537480
42.1167	-5.1396	3.0838	-89.2000	55.0000	739557.537480
42.2335	-5.1416	2.9438	-89.2000	55.0000	739557.537480
42.3498	-5.1436	2.8038	-89.2000	55.0000	739557.537480
42.4663	-5.1455	2.6638	-89.2000	55.0000	739557.537480
42.5663	-5.1472	2.5439	-89.2000	55.0000	739557.537480
42.6665	-5.1489	2.4239	-89.2000	55.0000	739557.537480
42.7668	-5.1505	2.3039	-89.2000	55.0000	739557.537480
42.8830	-5.1525	2.1639	-89.2000	55.0000	739557.537480
42.9831	-5.1542	2.0439	-89.2000	55.0000	739557.537480
43.1000	-5.1561	1.9039	-89.2000	55.0000	739557.537480
43.2165	-5.1581	1.7639	-89.2000	55.0000	739557.537480
43.3332	-5.1600	1.6240	-89.2000	55.0000	739557.537480
43.4335	-5.1617	1.5040	-89.2000	55.0000	739557.537480
43.5500	-5.1637	1.3640	-89.2000	55.0000	739557.537480
43.6502	-5.1653	1.2440	-89.2000	55.0000	739557.537480
43.7666	-5.1673	1.1040	-89.2000	55.0000	739557.537480
43.8830	-5.1692	0.9640	-89.2000	55.0000	739557.537480
43.9831	-5.1709	0.8440	-89.2000	55.0000	739557.537480
44.0997	-5.1729	0.7040	-89.2000	55.0000	739557.537480
44.2000	-5.1729	0.7040	-91.6400	55.0000	739557.537480
44.3169	-5.1729	0.7040	-100.1800	55.0000	739557.537480
44.4331	-5.1729	0.7040	-108.7200	55.0000	739557.537480
44.5499	-5.1729	0.7040	-117.2600	55.0000	739557.537480
44.6663	-5.1729	0.7040	-125.8000	55.0000	739557.537480
44.7664	-5.1729	0.7040	-133.1200	55.0000	739557.537480
44.8668	-5.1729	0.7040	-140.4400	55.0000	739557.537480
44.9831	-5.1729	0.7040	-148.9800	55.0000	739557.537480
45.0997	-5.1729	0.7040	-157.5200	55.0000	739557.537480
45.2164	-5.1729	0.7040	-166.0600	55.0000	739557.537480
45.3330	-5.1729	0.7040	-174.6000	55.0000	739557.537480
45.4332	-5.1729	0.7040	-181.9200	55.0000	739557.537480
45.5337	-5.1729	0.7040	-189.2400	55.0000	739557.537480
45.6498	-5.1729	0.7040	-197.7800	55.0000	739557.537480
45.7664	-5.1729	0.7040	-206.3200	55.0000	739557.537480
45.8665	-5.1729	0.7040	-213.6400	55.0000	739557.537480
45.9831	-5.1729	0.7040	-222.1800	55.0000	739557.537480
46.0998	-5.1729	0.7040	-230.7200	55.0000	739557.537480
46.2000	-5.1729	0.7040	-238.0400	55.0000	739557.537480
46.3164	-5.1729	0.7040	-241.7000	55.0000	739557.537480
46.4167	-5.1729	0.7040	-241.7000	55.0000	739557.537480
46.5333	-5.1729	0.7040	-241.7000	55.0000	739557.537480
46.6496	-5.1729	0.7040	-235.6000	55.0000	739557.537480
46.7497	-5.1729	0.7040	-228.2800	55.0000	739557.537480
46.8669	-5.1729	0.7040	-225.8400	55.0000	739557.537480
46.9832	-5.1729	0.7040	-225.8400	55.0000	739557.537480
47.0999	-5.0753	0.8045	-225.8400	55.0000	739557.537480
47.2166	-5.0219	0.8690	-225.8400	55.0000	739557.537480
47.3332	-5.0307	0.8786	-225.8400	55.0000	739557.537480
47.4497	-5.0454	0.8833	-225.8400	55.0000	739557.537480
47.5499	-5.0624	0.8916	-225.8400	55.0000	739557.537480
47.6664	-5.0867	0.9099	-225.8400	55.0000	739557.537480
47.7665	-5.1114	0.9342	-225.8400	55.0000	739557.537480
47.8831	-5.1158	0.9390	-225.8400	55.0000	739557.537480
47.9997	-5.1158	0.9390	-225.8400	55.0000	739557.537480
48.1000	-5.1158	0.9390	-218.5200	55.0000	739557.537480
48.2167	-5.1158	0.9390	-209.9800	55.0000	739557.537480
48.3331	-5.1158	0.9390	-201.4400	55.0000	739557.537480
48.4332	-5.1158	0.9390	-194.1200	55.0000	739557.537480
48.5498	-5.1158	0.9390	-185.5800	55.0000	739557.537480
48.6665	-5.1158	0.9390	-177.0400	55.0000	739557.537480
48.7831	-5.1158	0.9390	-168.5000	55.0000	739557.537480
48.8832	-5.1239	0.9282	-161.1800	55.0000	739557.537480
48.9833	-5.0769	0.8888	-161.1800	55.0000	739557.537480
49.0999	-4.9444	0.8436	-161.1800	55.0000	739557.537480
49.2166	-4.8119	0.7985	-161.1800	55.0000	739557.537480
49.3330	-4.6794	0.7533	-161.1800	55.0000	739557.537480
49.4337	-4.5658	0.7146	-161.1800	55.0000	739557.537480
49.5498	-4.4333	0.6694	-161.1800	55.0000	739557.537480
49.6500	-4.3197	0.6307	-161.1800	55.0000	739557.537480
49.7665	-4.3006	0.6247	-169.7200	55.0000	739557.537480
49.8830	-4.3006	0.6247	-178.2600	55.0000	739557.537480
49.9833	-4.3006	0.6247	-185.5800	55.0000	739557.537480
50.0997	-4.3006	0.6247	-194.1200	55.0000	739557.537480
50.1998	-4.3006	0.6247	-201.4400	55.0000	739557.537480
50.3175	-4.3006	0.6247	-209.9800	55.0000	739557.537480
50.4331	-4.3006	0.6247	-218.5200	55.0000	739557.537480
50.5497	-4.3006	0.6247	-227.0600	55.0000	739557.537480
50.6663	-4.3006	0.6247	-235.6000	55.0000	739557.537480
50.7830	-4.3006	0.6247	-244.1400	55.0000	739557.537480
50.8997	-4.3006	0.6247	-251.4600	55.0000	739557.537480
51.0164	-4.3006	0.6247	-251.4600	55.0000	739557.537480
51.1165	-4.3006	0.6247	-258.7800	55.0000	739557.537480
51.2330	-4.3006	0.6247	-260.0000	55.0000	739557.537480
51.3332	-4.3006	0.6247	-260.0000	55.0000	739557.537480
51.4508	-4.2763	0.7626	-260.0000	55.0000	739557.537480
51.5662	-4.2520	0.9004	-260.0000	55.0000	739557.537480
51.6664	-4.2312	1.0186	-260.0000	55.0000	739557.537480
51.7829	-4.2069	1.1565	-260.0000	55.0000	739557.537480
51.8835	-4.1860	1.2747	-260.0000	55.0000	739557.537480
52.0002	-4.1617	1.4125	-260.0000	55.0000	739557.537480
52.1164	-4.1374	1.5504	-260.0000	55.0000	739557.537480
52.2343	-4.1270	1.6489	-260.0000	55.0000	739557.537480
52.3500	-4.1270	1.7178	-260.0000	55.0000	739557.537480
52.4664	-4.1270	1.7868	-260.0000	55.0000	739557.537480
52.5830	-4.1270	1.8557	-260.0000	55.0000	739557.537480
52.6831	-4.1270	1.9148	-260.0000	55.0000	739557.537480
52.7999	-4.1270	1.9837	-260.0000	55.0000	739557.537480
52.9165	-4.1270	2.0527	-260.0000	55.0000	739557.537480
53.0170	-4.1270	2.1117	-260.0000	55.0000	739557.537480
53.1332	-4.1270	2.1807	-260.0000	55.0000	739557.537480
53.2500	-4.1270	2.2496	-260.0000	55.0000	739557.537480
53.3663	-4.1270	2.3186	-260.0000	55.0000	739557.537480
53.4666	-4.1270	2.3776	-260.0000	55.0000	739557.537480
53.5829	-4.1270	2.4466	-260.0000	55.0000	739557.537480
53.6832	-4.1270	2.5057	-260.0000	55.0000	739557.537480
53.8004	-4.1270	2.5746	-260.0000	55.0000	739557.537480
53.9164	-4.1270	2.6435	-260.0000	55.0000	739557.537480
54.0167	-4.1270	2.7026	-260.0000	55.0000	739557.537480
54.1332	-4.1270	2.7716	-260.0000	55.0000	739557.537480
54.2496	-4.1270	2.8405	-260.0000	55.0000	739557.537480
54.3500	-4.1270	2.8996	-260.0000	55.0000	739557.537480
54.4504	-4.1270	2.9587	-260.0000	55.0000	739557.537480
54.5664	-4.1270	3.0276	-260.0000	55.0000	739557.537480
54.6830	-4.1270	3.0966	-260.0000	55.0000	739557.537480
54.7832	-4.1270	3.1556	-260.0000	55.0000	739557.537480
54.8997	-4.1270	3.2246	-260.0000	55.0000	739557.537480
55.0164	-4.1270	3.2935	-260.0000	55.0000	739557.537480
55.1167	-4.1270	3.3526	-260.0000	55.0000	739557.537480
55.2331	-4.1270	3.3625	-260.0000	55.0000	739557.537480
55.3332	-4.1270	3.3625	-263.6600	55.0000	739557.537480
55.4335	-4.1270	3.3625	-270.9800	55.0000	739557.537480
55.5498	-4.1270	3.3625	-279.5200	55.0000	739557.537480
55.6500	-4.1270	3.3625	-286.8400	55.0000	739557.537480
55.7505	-4.1270	3.3625	-294.1600	55.0000	739557.537480
55.8666	-4.1270	3.3625	-302.7000	55.0000	739557.537480
55.9833	-4.1270	3.3625	-311.2400	55.0000	739557.537480
56.1000	-4.1270	3.3625	-312.4600	55.0000	739557.537480
56.2002	-4.1270	3.3625	-312.4600	55.0000	739557.537480
56.3165	-4.2215	3.4657	-312.4600	55.0000	739557.537480
56.4330	-4.3160	3.5690	-312.4600	55.0000	739557.537480
56.5498	-4.4105	3.6723	-312.4600	55.0000	739557.537480
56.6500	-4.4915	3.7608	-312.4600	55.0000	739557.537480
56.7664	-4.5860	3.8641	-312.4600	55.0000	739557.537480
56.8666	-4.6671	3.9527	-312.4600	55.0000	739557.537480
56.9666	-4.7481	4.0412	-312.4600	55.0000	739557.537480
57.0832	-4.8426	4.1445	-312.4600	55.0000	739557.537480
57.1997	-4.9254	4.2312	-317.3400	55.0000	739557.537480
57.3165	-4.9254	4.2312	-325.8800	55.0000	739557.537480
57.4169	-4.9254	4.2312	-333.2000	55.0000	739557.537480
57.5329	-4.9254	4.2312	-341.7400	55.0000	739557.537480
57.6331	-4.9254	4.2312	-349.0600	55.0000	739557.537480
57.7336	-4.9254	4.2312	-356.3800	55.0000	739557.537480
57.8496	-4.9254	4.2312	-364.9200	55.0000	739557.537480
57.9498	-4.9254	4.2312	-372.2400	55.0000	739557.537480
58.0500	-4.9254	4.2312	-379.5600	55.0000	739557.537480
58.1665	-4.9254	4.2312	-388.1000	55.0000	739557.537480
58.2832	-4.9254	4.2312	-396.6400	55.0000	739557.537480
58.3834	-4.9254	4.2312	-403.9600	55.0000	739557.537480
58.4841	-4.9254	4.2312	-411.2800	55.0000	739557.537480
58.5997	-4.9254	4.2312	-419.8200	55.0000	739557.537480
58.6999	-4.9254	4.2312	-427.1400	55.0000	739557.537480
58.8165	-4.9254	4.2312	-432.0200	55.0000	739557.537480
58.9330	-4.9254	4.2312	-432.0200	55.0000	739557.537480
59.0331	-4.9254	4.2312	-424.7000	55.0000	739557.537480
59.1333	-4.9254	4.2312	-417.3800	55.0000	739557.537480
59.2500	-4.9254	4.2312	-408.8400	55.0000	739557.537480
59.3668	-4.9254	4.2312	-400.3000	55.0000	739557.537480
59.4829	-4.9565	4.2060	-399.0800	55.0000	739557.537480
59.5838	-5.0496	4.1304	-399.0800	55.0000	739557.537480
59.6998	-5.1583	4.0421	-399.0800	55.0000	739557.537480
59.8164	-5.2670	3.9538	-399.0800	55.0000	739557.537480
59.9333	-5.3757	3.8656	-399.0800	55.0000	739557.537480
60.0335	-5.4222	3.8278	-399.0800	55.0000	739557.537480
60.1500	-5.4222	3.8278	-399.0800	55.0000	739557.537480
60.2669	-5.4222	3.8278	-396.6400	55.0000	739557.537480
60.3831	-5.4222	3.8278	-388.1000	55.0000	739557.537480
60.4833	-5.4222	3.8278	-380.7800	55.0000	739557.537480
60.5999	-5.4222	3.8278	-372.2400	55.0000	739557.537480
60.7163	-5.4222	3.8278	-363.7000	55.0000	739557.537480
60.8332	-5.4222	3.8278	-355.1600	55.0000	739557.537480
60.9496	-5.4222	3.8278	-346.6200	55.0000	739557.537480
61.0503	-5.4222	3.8278	-339.3000	55.0000	739557.537480
61.1665	-5.4222	3.8278	-330.7600	55.0000	739557.537480
61.2838	-5.4222	3.8278	-322.2200	55.0000	739557.537480
61.3997	-5.4222	3.8278	-313.6800	55.0000	739557.537480
61.4999	-5.4222	3.8278	-306.3600	55.0000	739557.537480
61.6166	-5.4222	3.8278	-297.8200	55.0000	739557.537480
61.7332	-5.4222	3.8278	-289.2800	55.0000	739557.537480
61.8503	-5.4222	3.8278	-280.7400	55.0000	739557.537480
61.9666	-5.4222	3.8278	-272.2000	55.0000	739557.537480
62.0830	-5.4222	3.8278	-263.6600	55.0000	739557.537480
62.1999	-5.4222	3.8278	-255.1200	55.0000	739557.537480
62.3170	-5.4222	3.8278	-246.5800	55.0000	739557.537480
62.4330	-5.4222	3.8278	-246.5800	55.0000	739557.537480
62.5335	-5.4063	3.8645	-246.5800	55.0000	739557.537480
62.6502	-5.3507	3.9929	-246.5800	55.0000	739557.537480
62.7667	-5.2950	4.1214	-246.5800	55.0000	739557.537480
62.8832	-5.2394	4.2499	-246.5800	55.0000	739557.537480
62.9998	-5.1838	4.3783	-246.5800	55.0000	739557.537480
63.1164	-5.1281	4.5068	-246.5800	55.0000	739557.537480
63.2332	-5.0725	4.6353	-246.5800	55.0000	739557.537480
63.3498	-5.0168	4.7637	-246.5800	55.0000	739557.537480
63.4667	-4.9612	4.8922	-246.5800	55.0000	739557.537480
63.5830	-4.9453	4.9289	-244.1400	55.0000	739557.537480
63.6832	-4.9453	4.9289	-236.8200	55.0000	739557.537480
63.7997	-4.9453	4.9289	-228.2800	55.0000	739557.537480
63.9164	-4.9453	4.9289	-219.7400	55.0000	739557.537480
64.0332	-4.9453	4.9289	-211.2000	55.0000	739557.537480
64.1497	-4.9453	4.9289	-202.6600	55.0000	739557.537480
64.2664	-4.9453	4.9289	-194.1200	55.0000	739557.537480
64.3672	-4.9453	4.9289	-190.4600	55.0000	739557.537480
64.4832	-4.8666	4.9434	-190.4600	55.0000	739557.537480
64.5833	-4.7486	4.9652	-190.4600	55.0000	739557.537480
64.6834	-4.6306	4.9870	-190.4600	55.0000	739557.537480
64.7997	-4.4929	5.0124	-190.4600	55.0000	739557.537480
64.9164	-4.3552	5.0378	-190.4600	55.0000	739557.537480
65.0166	-4.2372	5.0596	-190.4600	55.0000	739557.537480
65.1333	-4.0996	5.0850	-190.4600	55.0000	739557.537480
65.2497	-4.0671	5.1093	-190.4600	55.0000	739557.537480
65.3508	-3.9739	5.1316	-190.4600	55.0000	739557.537480
65.4666	-3.8362	5.1570	-190.4600	55.0000	739557.537480
65.5667	-3.7182	5.1788	-190.4600	55.0000	739557.537480
65.6833	-3.5805	5.2042	-190.4600	55.0000	739557.537480
65.8000	-3.4428	5.2296	-190.4600	55.0000	739557.537480
65.9008	-3.3248	5.2514	-190.4600	55.0000	739557.537480
66.0164	-3.1872	5.2768	-190.4600	55.0000	739557.537480
66.1173	-3.0692	5.2986	-190.4600	55.0000	739557.537480
66.2333	-2.9315	5.3240	-190.4600	55.0000	739557.537480
66.3498	-2.7938	5.3494	-190.4600	55.0000	739557.537480
66.4666	-2.6561	5.3749	-190.4600	55.0000	739557.537480
66.5831	-2.5185	5.4003	-190.4600	55.0000	739557.537480
66.6832	-2.4005	5.4221	-190.4600	55.0000	739557.537480
66.8003	-2.2628	5.4475	-190.4600	55.0000	739557.537480
66.9164	-2.2431	5.4511	-189.2400	55.0000	739557.537480
67.0168	-2.2431	5.4511	-181.9200	55.0000	739557.537480
67.1333	-2.2431	5.4511	-173.3800	55.0000	739557.537480
67.2498	-2.2431	5.4511	-164.8400	55.0000	739557.537480
67.3665	-2.2431	5.4511	-156.3000	55.0000	739557.537480
67.4667	-2.2431	5.4511	-148.9800	55.0000	739557.537480
67.5833	-2.2431	5.4511	-140.4400	55.0000	739557.537480
67.6999	-2.2431	5.4511	-131.9000	55.0000	739557.537480
67.8166	-2.2431	5.4511	-123.3600	55.0000	739557.537480
67.9329	-2.2431	5.4511	-116.0400	55.0000	739557.537480
68.0333	-2.2343	5.4331	-116.0400	55.0000	739557.537480
68.1499	-2.1729	5.3074	-116.0400	55.0000	739557.537480
68.2664	-2.1114	5.1816	-116.0400	55.0000	739557.537480
68.3666	-2.0719	5.1277	-116.0400	55.0000	739557.537480
68.4669	-2.0492	5.1355	-116.0400	55.0000	739557.537480
68.5831	-2.0170	5.1309	-116.0400	55.0000	739557.537480
68.6833	-2.0130	5.1356	-116.0400	55.0000	739557.537480
68.7836	-2.0130	5.1356	-116.0400	55.0000	739557.537480
68.8996	-2.0130	5.1356	-119.7000	55.0000	739557.537480
69.0000	-2.0130	5.1356	-127.0200	55.0000	739557.537480
69.1164	-1.9747	5.1383	-128.2400	55.0000	739557.537480
69.2165	-1.9118	5.1037	-128.2400	55.0000	739557.537480
69.3169	-1.8375	5.0094	-128.2400	55.0000	739557.537480
69.4332	-1.7508	4.8994	-128.2400	55.0000	739557.537480
69.5498	-1.6642	4.7895	-128.2400	55.0000	739557.537480
69.6500	-1.6642	4.7895	-125.8000	55.0000	739557.537480
69.7669	-1.6642	4.7895	-117.2600	55.0000	739557.537480
69.8832	-1.6642	4.7895	-108.7200	55.0000	739557.537480
69.9998	-1.6642	4.7895	-100.1800	55.0000	739557.537480
70.1165	-1.6642	4.7895	-91.6400	55.0000	739557.537480
70.2331	-1.6642	4.7895	-83.1000	55.0000	739557.537480
70.3334	-1.6642	4.7895	-75.7800	55.0000	739557.537480
70.4499	-1.6642	4.7895	-67.2400	55.0000	739557.537480
70.5500	-1.6642	4.7895	-59.9200	55.0000	739557.537480
70.6665	-1.6642	4.7895	-51.3800	55.0000	739557.537480
70.7831	-1.6642	4.7895	-42.8400	55.0000	739557.537480
70.8832	-1.6642	4.7895	-35.5200	55.0000	739557.537480
70.9833	-1.6642	4.7895	-28.2000	55.0000	739557.537480
71.1000	-1.6642	4.7895	-19.6600	55.0000	739557.537480
71.2166	-1.6642	4.7895	-17.2200	55.0000	739557.537480
71.3330	-1.6642	4.7895	-17.2200	55.0000	739557.537480
71.4331	-1.6642	4.7895	-17.2200	55.0000	739557.537480
71.5332	-1.6642	4.7895	-23.3200	55.0000	739557.537480
71.6497	-1.6642	4.7895	-31.8600	55.0000	739557.537480
71.7668	-1.6642	4.7895	-40.4000	55.0000	739557.537480
71.8831	-1.6642	4.7895	-48.9400	55.0000	739557.537480
71.9838	-1.6642	4.7895	-56.2600	55.0000	739557.537480
72.0998	-1.6642	4.7895	-64.8000	55.0000	739557.537480
72.2164	-1.6642	4.7895	-69.6800	55.0000	739557.537480
72.3329	-1.6711	4.7707	-69.6800	55.0000	739557.537480
72.4332	-1.7128	4.6582	-69.6800	55.0000	739557.537480
72.5499	-1.7614	4.5269	-69.6800	55.0000	739557.537480
72.6663	-1.8100	4.3956	-69.6800	55.0000	739557.537480
72.7831	-1.8170	4.3769	-70.9000	55.0000	739557.537480
72.8833	-1.8170	4.3769	-78.2200	55.0000	739557.537480
72.9998	-1.8170	4.3769	-86.7600	55.0000	739557.537480
73.0999	-1.8170	4.3769	-94.0800	55.0000	739557.537480
73.2003	-1.8170	4.3769	-101.4000	55.0000	739557.537480
73.3164	-1.8170	4.3769	-108.7200	55.0000	739557.537480
73.4165	-1.8170	4.3769	-108.7200	55.0000	739557.537480
73.5337	-1.7720	4.2443	-108.7200	55.0000	739557.537480
73.6499	-1.7271	4.1117	-108.7200	55.0000	739557.537480
73.7513	-1.6886	3.9980	-108.7200	55.0000	739557.537480
73.8667	-1.6437	3.8654	-108.7200	55.0000	739557.537480
73.9831	-1.5987	3.7328	-108.7200	55.0000	739557.537480
74.0835	-1.5602	3.6192	-108.7200	55.0000	739557.537480
74.1997	-1.5153	3.4866	-108.7200	55.0000	739557.537480
74.2999	-1.4768	3.3729	-108.7200	55.0000	739557.537480
74.4164	-1.4318	3.2403	-108.7200	55.0000	739557.537480
74.5165	-1.3933	3.1267	-108.7200	55.0000	739557.537480
74.6334	-1.3484	2.9941	-108.7200	55.0000	739557.537480
74.7499	-1.3035	2.8615	-108.7200	55.0000	739557.537480
74.8666	-1.2585	2.7289	-108.7200	55.0000	739557.537480
74.9832	-1.2264	2.6342	-108.7200	55.0000	739557.537480
75.0834	-1.2264	2.6342	-112.3800	55.0000	739557.537480
75.1999	-1.2264	2.6342	-120.9200	55.0000	739557.537480
75.3001	-1.2264	2.6342	-128.2400	55.0000	739557.537480
75.4166	-1.2264	2.6342	-136.7800	55.0000	739557.537480
75.5335	-1.2264	2.6342	-140.4400	55.0000	739557.537480
75.6336	-1.1339	2.5578	-140.4400	55.0000	739557.537480
75.7500	-1.0260	2.4686	-140.4400	55.0000	739557.537480
75.8665	-0.9181	2.3795	-140.4400	55.0000	739557.537480
75.9666	-0.8255	2.3030	-140.4400	55.0000	739557.537480
76.0832	-0.7176	2.2139	-140.4400	55.0000	739557.537480
76.1833	-0.6251	2.1374	-140.4400	55.0000	739557.537480
76.2998	-0.5464	2.0758	-146.5400	55.0000	739557.537480
76.4001	-0.5464	2.0758	-153.8600	55.0000	739557.537480
76.5176	-0.5464	2.0758	-162.4000	55.0000	739557.537480
76.6332	-0.5464	2.0758	-170.9400	55.0000	739557.537480
76.7336	-0.5464	2.0758	-178.2600	55.0000	739557.537480
76.8498	-0.5464	2.0758	-186.8000	55.0000	739557.537480
76.9511	-0.5464	2.0758	-194.1200	55.0000	739557.537480
77.0665	-0.5464	2.0758	-202.6600	55.0000	739557.537480
77.1833	-0.5464	2.0758	-211.2000	55.0000	739557.537480
77.2999	-0.5464	2.0758	-219.7400	55.0000	739557.537480
77.4000	-0.5464	2.0758	-227.0600	55.0000	739557.537480
77.5012	-0.5464	2.0758	-234.3800	55.0000	739557.537480
77.6164	-0.5464	2.0758	-242.9200	55.0000	739557.537480
77.7167	-0.5464	2.0758	-250.2400	55.0000	739557.537480
77.8332	-0.5464	2.0758	-258.7800	55.0000	739557.537480
77.9499	-0.5464	2.0758	-267.3200	55.0000	739557.537480
78.0502	-0.5464	2.0758	-270.9800	55.0000	739557.537480
78.1666	-0.5481	2.1757	-270.9800	55.0000	739557.537480
78.2836	-0.5505	2.3157	-270.9800	55.0000	739557.537480
78.3999	-0.5529	2.4557	-270.9800	55.0000	739557.537480
78.5163	-0.5553	2.5957	-270.9800	55.0000	739557.537480
78.6165	-0.5574	2.7157	-270.9800	55.0000	739557.537480
78.7330	-0.5598	2.8556	-270.9800	55.0000	739557.537480
78.8331	-0.5618	2.9756	-270.9800	55.0000	739557.537480
78.9498	-0.5642	3.1156	-270.9800	55.0000	739557.537480
79.0665	-0.5666	3.2556	-270.9800	55.0000	739557.537480
79.1666	-0.5687	3.3756	-270.9800	55.0000	739557.537480
79.2831	-0.5710	3.5155	-270.9800	55.0000	739557.537480
79.3832	-0.5731	3.6355	-270.9800	55.0000	739557.537480
79.5000	-0.5755	3.7755	-270.9800	55.0000	739557.537480
79.6163	-0.5779	3.9155	-270.9800	55.0000	739557.537480
79.7165	-0.5799	4.0355	-270.9800	55.0000	739557.537480
79.8330	-0.5823	4.1754	-270.9800	55.0000	739557.537480
79.9332	-0.5844	4.2954	-270.9800	55.0000	739557.537480
80.0498	-0.5868	4.4354	-270.9800	55.0000	739557.537480
80.1500	-0.5881	4.5154	-270.9800	55.0000	739557.537480
80.2667	-0.5881	4.5154	-270.9800	55.0000	739557.537480
80.3832	-0.5881	4.5154	-269.7600	55.0000	739557.537480
80.4836	-0.5881	4.5154	-262.4400	55.0000	739557.537480
80.6001	-0.5881	4.5154	-253.9000	55.0000	739557.537480
80.7164	-0.5881	4.5154	-245.3600	55.0000	739557.537480
80.8165	-0.5881	4.5154	-239.2600	55.0000	739557.537480
80.9334	-0.5881	4.5154	-239.2600	55.0000	739557.537480
81.0497	-0.5779	4.5326	-239.2600	55.0000	739557.537480
81.1499	-0.5166	4.6357	-239.2600	55.0000	739557.537480
81.2664	-0.4450	4.7561	-239.2600	55.0000	739557.537480
81.3666	-0.3837	4.8592	-239.2600	55.0000	739557.537480
81.4832	-0.3121	4.9795	-239.2600	55.0000	739557.537480
81.5997	-0.2406	5.0999	-239.2600	55.0000	739557.537480
81.6999	-0.1792	5.2030	-239.2600	55.0000	739557.537480
81.8000	-0.1281	5.2975	-239.2600	55.0000	739557.537480
81.9164	-0.1281	5.3577	-239.2600	55.0000	739557.537480
82.0169	-0.1281	5.4093	-239.2600	55.0000	739557.537480
82.1332	-0.1369	5.4668	-239.2600	55.0000	739557.537480
82.2335	-0.1208	5.5449	-239.2600	55.0000	739557.537480
82.3497	-0.0492	5.6652	-239.2600	55.0000	739557.537480
82.4498	0.0121	5.7683	-239.2600	55.0000	739557.537480
82.5665	0.0837	5.8887	-239.2600	55.0000	739557.537480
82.6669	0.1450	5.9918	-239.2600	55.0000	739557.537480
