T	X	Y	HEADING	PERPSECTIVE_ANGLE	NOW_NUM
0.1067	0.0000	0.0000	45.0000	55.0000	739549.629486
0.2076	0.0000	0.0000	45.0000	55.0000	739549.629486
0.3141	0.0000	0.0000	45.0000	55.0000	739549.629486
0.4308	0.0000	0.0000	45.0000	55.0000	739549.629486
0.5308	0.0000	0.0000	45.0000	55.0000	739549.629486
0.6476	0.0000	0.0000	45.0000	55.0000	739549.629486
0.7643	0.0000	0.0000	45.0000	55.0000	739549.629486
0.8809	0.0000	0.0000	45.0000	55.0000	739549.629486
0.9974	0.0000	0.0000	45.0000	55.0000	739549.629486
1.1140	0.0000	0.0000	45.0000	55.0000	739549.629486
1.2142	0.0000	0.0000	45.0000	55.0000	739549.629486
1.3145	0.0000	0.0000	45.0000	55.0000	739549.629486
1.4306	0.0000	0.0000	37.6800	55.0000	739549.629486
1.5308	0.0000	0.0000	30.3600	55.0000	739549.629486
1.6476	0.0000	0.0000	21.8200	55.0000	739549.629486
1.7640	0.0000	0.0000	14.5000	55.0000	739549.629486
1.8810	0.0000	0.0000	14.5000	55.0000	739549.629486
1.9975	0.0000	0.0000	15.7200	55.0000	739549.629486
2.1143	0.0000	0.0000	24.2600	55.0000	739549.629486
2.2310	0.0000	0.0000	32.8000	55.0000	739549.629486
2.3475	0.0000	0.0000	41.3400	55.0000	739549.629486
2.4476	0.0000	0.0000	48.6600	55.0000	739549.629486
2.5476	-0.0793	0.0901	48.6600	55.0000	739549.629486
2.6644	-0.1717	0.1952	48.6600	55.0000	739549.629486
2.7809	-0.2642	0.3003	48.6600	55.0000	739549.629486
2.8973	-0.3567	0.4054	48.6600	55.0000	739549.629486
2.9977	-0.4290	0.5011	55.9800	55.0000	739549.629486
3.0979	-0.4907	0.6040	59.6400	55.0000	739549.629486
3.2144	-0.5615	0.7248	59.6400	55.0000	739549.629486
3.3148	-0.6221	0.8283	59.6400	55.0000	739549.629486
3.4311	-0.6929	0.9491	59.6400	55.0000	739549.629486
3.5312	-0.7535	1.0527	59.6400	55.0000	739549.629486
3.6478	-0.8318	1.1686	52.3200	55.0000	739549.629486
3.7478	-0.9120	1.2578	45.0000	55.0000	739549.629486
3.8645	-1.0189	1.3479	36.4600	55.0000	739549.629486
3.9812	-1.1381	1.4212	27.9200	55.0000	739549.629486
4.0977	-1.2668	1.4759	19.3800	55.0000	739549.629486
4.1978	-1.3826	1.5072	12.0600	55.0000	739549.629486
4.2980	-1.5014	1.5234	4.7400	55.0000	739549.629486
4.4145	-1.6413	1.5244	-1.3600	55.0000	739549.629486
4.5310	-1.7809	1.5330	7.1800	55.0000	739549.629486
4.6477	-1.8401	1.5430	15.7200	55.0000	739549.629486
4.7643	-1.8401	1.5430	24.2600	55.0000	739549.629486
4.8811	-1.8401	1.5430	32.8000	55.0000	739549.629486
4.9977	-1.8401	1.5430	41.3400	55.0000	739549.629486
5.1145	-1.8401	1.5430	49.8800	55.0000	739549.629486
5.2310	-1.8401	1.5430	58.4200	55.0000	739549.629486
5.3311	-1.8401	1.5430	58.4200	55.0000	739549.629486
5.4477	-1.8401	1.5430	62.0800	55.0000	739549.629486
5.5644	-1.8401	1.5430	70.6200	55.0000	739549.629486
5.6810	-1.8401	1.5430	79.1600	55.0000	739549.629486
5.7813	-1.8401	1.5430	86.4800	55.0000	739549.629486
5.8977	-1.8401	1.5430	95.0200	55.0000	739549.629486
6.0143	-1.8401	1.5430	103.5600	55.0000	739549.629486
6.1145	-1.8401	1.5430	110.8800	55.0000	739549.629486
6.2311	-1.8401	1.5430	113.3200	55.0000	739549.629486
6.3478	-1.8242	1.5797	113.3200	55.0000	739549.629486
6.4643	-1.7688	1.7083	113.3200	55.0000	739549.629486
6.5645	-1.7213	1.8185	113.3200	55.0000	739549.629486
6.6811	-1.6659	1.9471	113.3200	55.0000	739549.629486
6.7813	-1.6184	2.0572	113.3200	55.0000	739549.629486
6.8978	-1.5630	2.1858	113.3200	55.0000	739549.629486
7.0144	-1.5075	2.3144	113.3200	55.0000	739549.629486
7.1312	-1.4545	2.4439	109.6600	55.0000	739549.629486
7.2478	-1.4188	2.5791	101.1200	55.0000	739549.629486
7.3648	-1.4036	2.7182	92.5800	55.0000	739549.629486
7.4811	-1.4092	2.8579	84.0400	55.0000	739549.629486
7.5977	-1.4355	2.9953	75.5000	55.0000	739549.629486
7.6977	-1.4741	3.1089	68.1800	55.0000	739549.629486
7.7980	-1.5268	3.2166	60.8600	55.0000	739549.629486
7.9144	-1.6051	3.3325	52.3200	55.0000	739549.629486
8.0148	-1.6853	3.4217	45.0000	55.0000	739549.629486
8.1329	-1.7922	3.5118	36.4600	55.0000	739549.629486
8.2478	-1.9114	3.5851	27.9200	55.0000	739549.629486
8.3478	-2.0212	3.6332	20.6000	55.0000	739549.629486
8.4645	-2.1559	3.6711	12.0600	55.0000	739549.629486
8.5811	-2.2944	3.6911	7.1800	55.0000	739549.629486
8.6977	-2.4336	3.7061	3.5200	55.0000	739549.629486
8.8144	-2.5735	3.7091	1.0800	55.0000	739549.629486
8.9312	-2.7135	3.7118	1.0800	55.0000	739549.629486
9.0477	-2.8535	3.7144	1.0800	55.0000	739549.629486
9.1479	-2.9734	3.7124	-3.8000	55.0000	739549.629486
9.2643	-3.1117	3.6917	-11.1200	55.0000	739549.629486
9.3811	-3.2491	3.6647	-11.1200	55.0000	739549.629486
9.4978	-3.3865	3.6377	-11.1200	55.0000	739549.629486
9.6143	-3.5229	3.6066	-16.0000	55.0000	739549.629486
9.7311	-3.5798	3.5876	-24.5400	55.0000	739549.629486
9.8477	-3.5798	3.5876	-33.0800	55.0000	739549.629486
9.9478	-3.5798	3.5876	-40.4000	55.0000	739549.629486
10.0644	-3.5798	3.5876	-48.9400	55.0000	739549.629486
10.1810	-3.5798	3.5876	-57.4800	55.0000	739549.629486
10.2977	-3.5798	3.5876	-66.0200	55.0000	739549.629486
10.4144	-3.5798	3.5876	-74.5600	55.0000	739549.629486
10.5310	-3.5798	3.5876	-83.1000	55.0000	739549.629486
10.6311	-3.5798	3.5876	-87.9800	55.0000	739549.629486
10.7476	-3.5798	3.5876	-87.9800	55.0000	739549.629486
10.8643	-3.5841	3.4677	-87.9800	55.0000	739549.629486
10.9645	-3.5883	3.3477	-87.9800	55.0000	739549.629486
11.0809	-3.5932	3.2078	-87.9800	55.0000	739549.629486
11.1977	-3.5981	3.0679	-87.9800	55.0000	739549.629486
11.3145	-3.6031	2.9280	-87.9800	55.0000	739549.629486
11.4310	-3.6080	2.7881	-87.9800	55.0000	739549.629486
11.5311	-3.6122	2.6681	-87.9800	55.0000	739549.629486
11.6477	-3.6172	2.5282	-87.9800	55.0000	739549.629486
11.7644	-3.6221	2.3883	-87.9800	55.0000	739549.629486
11.8810	-3.6271	2.2484	-87.9800	55.0000	739549.629486
11.9978	-3.6320	2.1085	-87.9800	55.0000	739549.629486
12.1143	-3.6369	1.9686	-87.9800	55.0000	739549.629486
12.2311	-3.6419	1.8287	-87.9800	55.0000	739549.629486
12.3480	-3.6468	1.6888	-87.9800	55.0000	739549.629486
12.4643	-3.6536	1.5690	-83.1000	55.0000	739549.629486
12.5645	-3.6536	1.5690	-75.7800	55.0000	739549.629486
12.6812	-3.6536	1.5690	-67.2400	55.0000	739549.629486
12.7976	-3.6536	1.5690	-58.7000	55.0000	739549.629486
12.8978	-3.6536	1.5690	-51.3800	55.0000	739549.629486
13.0146	-3.6536	1.5690	-42.8400	55.0000	739549.629486
13.1310	-3.6536	1.5690	-34.3000	55.0000	739549.629486
13.2311	-3.6536	1.5690	-26.9800	55.0000	739549.629486
13.3312	-3.6536	1.5690	-19.6600	55.0000	739549.629486
13.4477	-3.6920	1.5580	-16.0000	55.0000	739549.629486
13.5645	-3.8266	1.5194	-16.0000	55.0000	739549.629486
13.6811	-3.9612	1.4808	-16.0000	55.0000	739549.629486
13.7977	-4.0958	1.4422	-16.0000	55.0000	739549.629486
13.9143	-4.2303	1.4036	-16.0000	55.0000	739549.629486
14.0144	-4.3456	1.3701	-17.2200	55.0000	739549.629486
14.1311	-4.4752	1.3175	-25.7600	55.0000	739549.629486
14.2477	-4.5955	1.2462	-34.3000	55.0000	739549.629486
14.3647	-4.7039	1.1578	-42.8400	55.0000	739549.629486
14.4811	-4.7980	1.0544	-51.3800	55.0000	739549.629486
14.5812	-4.8664	0.9558	-56.2600	55.0000	739549.629486
14.6977	-4.9537	0.8465	-47.7200	55.0000	739549.629486
14.8144	-5.0255	0.7770	-39.1800	55.0000	739549.629486
14.9310	-5.0255	0.7770	-30.6400	55.0000	739549.629486
15.0312	-5.0255	0.7770	-23.3200	55.0000	739549.629486
15.1476	-5.0255	0.7770	-14.7800	55.0000	739549.629486
15.2478	-5.0255	0.7770	-7.4600	55.0000	739549.629486
15.3671	-5.0255	0.7770	1.0800	55.0000	739549.629486
15.4810	-5.0255	0.7770	9.6200	55.0000	739549.629486
15.5811	-5.0255	0.7770	16.9400	55.0000	739549.629486
15.6977	-5.0255	0.7770	25.4800	55.0000	739549.629486
15.7978	-5.0255	0.7770	32.8000	55.0000	739549.629486
15.9143	-5.0255	0.7770	32.8000	55.0000	739549.629486
16.0144	-5.0255	0.7770	32.8000	55.0000	739549.629486
16.1311	-5.0255	0.7770	38.9000	55.0000	739549.629486
16.2316	-5.0255	0.7770	46.2200	55.0000	739549.629486
16.3478	-5.0255	0.7770	54.7600	55.0000	739549.629486
16.4643	-5.0255	0.7770	63.3000	55.0000	739549.629486
16.5811	-5.0255	0.7770	71.8400	55.0000	739549.629486
16.6976	-5.0255	0.7770	80.3800	55.0000	739549.629486
16.7977	-5.0255	0.7770	87.7000	55.0000	739549.629486
16.9143	-5.0255	0.7770	96.2400	55.0000	739549.629486
17.0145	-5.0255	0.7770	103.5600	55.0000	739549.629486
17.1310	-5.0255	0.7770	112.1000	55.0000	739549.629486
17.2476	-5.0255	0.7770	120.6400	55.0000	739549.629486
17.3643	-4.9583	0.8764	124.3000	55.0000	739549.629486
17.4644	-4.9419	0.8890	124.3000	55.0000	739549.629486
17.5810	-4.9143	0.9087	124.3000	55.0000	739549.629486
17.6979	-4.8568	0.9886	124.3000	55.0000	739549.629486
17.8144	-4.7779	1.1042	124.3000	55.0000	739549.629486
17.9313	-4.6990	1.2199	124.3000	55.0000	739549.629486
18.0476	-4.6130	1.3302	131.6200	55.0000	739549.629486
18.1477	-4.5269	1.4136	138.9400	55.0000	739549.629486
18.2643	-4.4140	1.4962	147.4800	55.0000	739549.629486
18.3644	-4.3089	1.5541	152.3600	55.0000	739549.629486
18.4811	-4.1849	1.6191	152.3600	55.0000	739549.629486
18.5977	-4.0608	1.6840	152.3600	55.0000	739549.629486
18.7144	-3.9374	1.7501	149.9200	55.0000	739549.629486
18.8311	-3.8228	1.8302	141.3800	55.0000	739549.629486
18.9477	-3.7213	1.9265	132.8400	55.0000	739549.629486
19.0647	-3.6353	2.0368	124.3000	55.0000	739549.629486
19.1810	-3.5666	2.1586	115.7600	55.0000	739549.629486
19.2813	-3.5223	2.2701	109.6600	55.0000	739549.629486
19.3976	-3.4752	2.4019	109.6600	55.0000	739549.629486
19.4978	-3.4348	2.5149	109.6600	55.0000	739549.629486
19.6144	-3.3901	2.6476	106.0000	55.0000	739549.629486
19.7145	-3.3657	2.7650	98.6800	55.0000	739549.629486
19.8311	-3.3565	2.9045	90.1400	55.0000	739549.629486
19.9476	-3.3502	3.0443	96.2400	55.0000	739549.629486
20.0478	-3.3283	3.1622	103.5600	55.0000	739549.629486
20.1644	-3.2841	3.2949	112.1000	55.0000	739549.629486
20.2813	-3.2206	3.4195	120.6400	55.0000	739549.629486
20.3977	-3.1393	3.5334	129.1800	55.0000	739549.629486
20.5143	-3.0421	3.6339	137.7200	55.0000	739549.629486
20.6310	-2.9309	3.7188	146.2600	55.0000	739549.629486
20.7310	-2.8265	3.7778	153.5800	55.0000	739549.629486
20.8477	-2.6964	3.8292	162.1200	55.0000	739549.629486
20.9644	-2.5601	3.8607	170.6600	55.0000	739549.629486
21.0810	-2.4207	3.8715	179.2000	55.0000	739549.629486
21.1977	-2.2812	3.8616	187.7400	55.0000	739549.629486
21.3143	-2.1447	3.8310	196.2800	55.0000	739549.629486
21.4144	-2.0324	3.7889	203.6000	55.0000	739549.629486
21.5310	-1.9094	3.7222	212.1400	55.0000	739549.629486
21.6476	-1.7978	3.6380	220.6800	55.0000	739549.629486
21.7643	-1.6998	3.5381	229.2200	55.0000	739549.629486
21.8644	-1.6285	3.4418	236.5400	55.0000	739549.629486
21.9810	-1.5616	3.3189	245.0800	55.0000	739549.629486
22.0977	-1.5136	3.1875	253.6200	55.0000	739549.629486
22.2144	-1.4770	3.0524	254.8400	55.0000	739549.629486
22.3311	-1.4404	2.9173	254.8400	55.0000	739549.629486
22.4327	-1.4090	2.8014	254.8400	55.0000	739549.629486
22.5477	-1.3724	2.6663	254.8400	55.0000	739549.629486
22.6643	-1.3358	2.5312	254.8400	55.0000	739549.629486
22.7810	-1.2992	2.3961	254.8400	55.0000	739549.629486
22.8976	-1.2626	2.2609	254.8400	55.0000	739549.629486
22.9978	-1.2288	2.1458	251.1800	55.0000	739549.629486
23.1142	-1.1725	2.0178	242.6400	55.0000	739549.629486
23.2145	-1.1096	1.9156	235.3200	55.0000	739549.629486
23.3310	-1.0206	1.8078	226.7800	55.0000	739549.629486
23.4476	-0.9165	1.7144	218.2400	55.0000	739549.629486
23.5644	-0.7996	1.6375	209.7000	55.0000	739549.629486
23.6810	-0.6727	1.5788	201.1600	55.0000	739549.629486
23.7983	-0.5384	1.5396	192.6200	55.0000	739549.629486
23.9143	-0.3998	1.5207	184.0800	55.0000	739549.629486
24.0145	-0.2799	1.5211	176.7600	55.0000	739549.629486
24.1310	-0.1414	1.5409	168.2200	55.0000	739549.629486
24.2477	-0.1414	1.5609	159.6800	55.0000	739549.629486
24.3479	-0.1414	1.5859	152.3600	55.0000	739549.629486
24.4644	-0.1250	1.6292	143.8200	55.0000	739549.629486
24.5811	-0.1250	1.6751	135.2800	55.0000	739549.629486
24.6812	-0.1250	1.7204	127.9600	55.0000	739549.629486
24.7977	-0.1250	1.7790	119.4200	55.0000	739549.629486
24.8978	-0.1250	1.7878	116.9800	55.0000	739549.629486
25.0145	-0.1250	1.7878	116.9800	55.0000	739549.629486
25.1310	-0.1250	1.7878	116.9800	55.0000	739549.629486
25.2478	-0.1250	1.7878	116.9800	55.0000	739549.629486
25.3643	-0.1250	1.7878	116.9800	55.0000	739549.629486
25.4809	-0.1250	1.7878	121.8600	55.0000	739549.629486
25.5810	-0.1250	1.7878	129.1800	55.0000	739549.629486
25.6977	-0.1250	1.7878	137.7200	55.0000	739549.629486
25.8143	-0.1250	1.7878	146.2600	55.0000	739549.629486
25.9144	-0.1250	1.7878	153.5800	55.0000	739549.629486
26.0312	-0.1250	1.7878	162.1200	55.0000	739549.629486
26.1477	-0.1250	1.7878	170.6600	55.0000	739549.629486
26.2644	-0.1250	1.7878	179.2000	55.0000	739549.629486
26.3810	-0.1250	1.7865	187.7400	55.0000	739549.629486
26.4811	-0.1250	1.7740	195.0600	55.0000	739549.629486
26.5976	-0.1250	1.7712	203.6000	55.0000	739549.629486
26.6978	-0.1250	1.7712	210.9200	55.0000	739549.629486
26.8144	-0.1250	1.7712	219.4600	55.0000	739549.629486
26.9145	-0.1250	1.7712	226.7800	55.0000	739549.629486
27.0312	-0.1250	1.7712	235.3200	55.0000	739549.629486
27.1477	-0.1250	1.7105	243.8600	55.0000	739549.629486
27.2477	-0.1250	1.6561	245.0800	55.0000	739549.629486
27.3643	-0.1250	1.5926	245.0800	55.0000	739549.629486
27.4809	-0.1250	1.5291	245.0800	55.0000	739549.629486
27.5810	-0.1250	1.4747	245.0800	55.0000	739549.629486
27.6811	-0.1250	1.4203	245.0800	55.0000	739549.629486
27.7977	-0.1250	1.3568	245.0800	55.0000	739549.629486
27.9142	-0.1250	1.2933	245.0800	55.0000	739549.629486
28.0144	-0.1250	1.2389	245.0800	55.0000	739549.629486
28.1145	-0.1250	1.1837	249.9600	55.0000	739549.629486
28.2311	-0.1250	1.1161	258.5000	55.0000	739549.629486
28.3313	-0.1250	1.0567	265.8200	55.0000	739549.629486
28.4479	-0.1250	0.9869	265.8200	55.0000	739549.629486
28.5644	-0.1250	0.9170	265.8200	55.0000	739549.629486
28.6809	-0.1250	0.8472	265.8200	55.0000	739549.629486
28.7810	-0.1250	0.7874	265.8200	55.0000	739549.629486
28.8812	-0.1250	0.7275	265.8200	55.0000	739549.629486
28.9980	-0.1250	0.6577	265.8200	55.0000	739549.629486
29.1148	-0.1250	0.5879	265.8200	55.0000	739549.629486
29.2310	-0.1258	0.5175	264.6000	55.0000	739549.629486
29.3311	-0.1162	0.4342	257.2800	55.0000	739549.629486
29.4477	-0.0739	0.3008	248.7400	55.0000	739549.629486
29.5479	-0.0223	0.1926	241.4200	55.0000	739549.629486
29.6642	0.0549	0.0759	232.8800	55.0000	739549.629486
29.7645	0.1323	-0.0158	229.2200	55.0000	739549.629486
29.8810	0.1584	-0.0460	232.8800	55.0000	739549.629486
29.9977	0.1584	-0.0460	241.4200	55.0000	739549.629486
30.1143	0.1584	-0.0460	249.9600	55.0000	739549.629486
30.2309	0.1584	-0.0460	258.5000	55.0000	739549.629486
30.3310	0.1584	-0.0460	265.8200	55.0000	739549.629486
30.4477	0.1584	-0.0460	274.3600	55.0000	739549.629486
30.5644	0.1584	-0.0460	282.9000	55.0000	739549.629486
30.6810	0.1584	-0.0460	291.4400	55.0000	739549.629486
30.7977	0.1584	-0.0460	299.9800	55.0000	739549.629486
30.9144	0.1584	-0.0460	308.5200	55.0000	739549.629486
31.0309	0.1584	-0.0460	317.0600	55.0000	739549.629486
31.1310	0.1584	-0.0460	324.3800	55.0000	739549.629486
31.2479	0.1584	-0.0460	332.9200	55.0000	739549.629486
31.3644	0.1584	-0.0460	341.4600	55.0000	739549.629486
31.4647	0.1584	-0.0460	348.7800	55.0000	739549.629486
31.5813	0.1584	-0.0460	357.3200	55.0000	739549.629486
31.6814	0.0985	-0.0425	364.6400	55.0000	739549.629486
31.7977	-0.0394	-0.0193	373.1800	55.0000	739549.629486
31.9143	-0.1724	0.0240	381.7200	55.0000	739549.629486
32.0149	-0.2808	0.0755	386.6000	55.0000	739549.629486
32.1309	-0.4060	0.1381	386.6000	55.0000	739549.629486
32.2477	-0.4607	0.1627	378.0600	55.0000	739549.629486
32.3643	-0.4607	0.1627	369.5200	55.0000	739549.629486
32.4644	-0.4607	0.1627	362.2000	55.0000	739549.629486
32.5812	-0.4607	0.1627	358.5400	55.0000	739549.629486
32.6979	-0.4607	0.1627	367.0800	55.0000	739549.629486
32.8146	-0.4607	0.1627	375.6200	55.0000	739549.629486
32.9310	-0.4607	0.1627	384.1600	55.0000	739549.629486
33.0311	-0.4607	0.1627	391.4800	55.0000	739549.629486
33.1476	-0.4607	0.1627	400.0200	55.0000	739549.629486
33.2644	-0.4607	0.1627	408.5600	55.0000	739549.629486
33.3809	-0.4607	0.1627	417.1000	55.0000	739549.629486
33.4977	-0.4607	0.1627	425.6400	55.0000	739549.629486
33.6144	-0.4670	0.1817	431.7400	55.0000	739549.629486
33.7309	-0.5109	0.3146	431.7400	55.0000	739549.629486
33.8312	-0.5485	0.4286	431.7400	55.0000	739549.629486
33.9477	-0.5923	0.5615	431.7400	55.0000	739549.629486
34.0644	-0.6362	0.6945	431.7400	55.0000	739549.629486
34.1644	-0.6738	0.8085	431.7400	55.0000	739549.629486
34.2813	-0.7177	0.9414	431.7400	55.0000	739549.629486
34.3976	-0.7655	1.0729	426.8600	55.0000	739549.629486
34.4978	-0.8207	1.1793	419.5400	55.0000	739549.629486
34.6150	-0.9016	1.2934	411.0000	55.0000	739549.629486
34.7309	-0.9986	1.3943	402.4600	55.0000	739549.629486
34.8479	-1.1094	1.4796	393.9200	55.0000	739549.629486
34.9646	-1.2317	1.5475	385.3800	55.0000	739549.629486
35.0810	-1.3627	1.5965	376.8400	55.0000	739549.629486
35.1979	-1.4996	1.6254	368.3000	55.0000	739549.629486
35.3143	-1.6392	1.6338	359.7600	55.0000	739549.629486
35.4145	-1.7591	1.6286	357.3200	55.0000	739549.629486
35.5310	-1.8390	1.6249	359.7600	55.0000	739549.629486
35.6477	-1.8390	1.6249	368.3000	55.0000	739549.629486
35.7479	-1.8390	1.6249	375.6200	55.0000	739549.629486
35.8644	-1.8390	1.6249	384.1600	55.0000	739549.629486
35.9810	-1.8390	1.6249	392.7000	55.0000	739549.629486
36.0977	-1.8390	1.6249	401.2400	55.0000	739549.629486
36.2143	-1.8390	1.6249	409.7800	55.0000	739549.629486
36.3310	-1.8390	1.6249	418.3200	55.0000	739549.629486
36.4475	-1.8390	1.6249	426.8600	55.0000	739549.629486
36.5490	-1.8390	1.6249	430.5200	55.0000	739549.629486
36.6644	-1.8390	1.6249	430.5200	55.0000	739549.629486
36.7645	-1.8390	1.6249	436.6200	55.0000	739549.629486
36.8811	-1.8390	1.6249	445.1600	55.0000	739549.629486
36.9976	-1.8390	1.6249	448.8200	55.0000	739549.629486
37.0978	-1.8402	1.6848	448.8200	55.0000	739549.629486
37.2143	-1.8406	1.8248	452.4800	55.0000	739549.629486
37.3144	-1.8354	1.8846	459.8000	55.0000	739549.629486
37.4309	-1.8354	1.8846	468.3400	55.0000	739549.629486
37.5311	-1.8268	1.9026	475.6600	55.0000	739549.629486
37.6475	-1.7661	2.0288	475.6600	55.0000	739549.629486
37.7477	-1.7142	2.1370	475.6600	55.0000	739549.629486
37.8643	-1.6535	2.2632	475.6600	55.0000	739549.629486
37.9644	-1.6016	2.3713	475.6600	55.0000	739549.629486
38.0811	-1.5449	2.4992	470.7800	55.0000	739549.629486
38.1977	-1.5065	2.6338	462.2400	55.0000	739549.629486
38.3143	-1.4886	2.7725	453.7000	55.0000	739549.629486
38.4311	-1.4915	2.9123	445.1600	55.0000	739549.629486
38.5476	-1.5151	3.0502	436.6200	55.0000	739549.629486
38.6644	-1.5589	3.1830	428.0800	55.0000	739549.629486
38.7810	-1.6220	3.3079	419.5400	55.0000	739549.629486
38.8975	-1.7029	3.4220	411.0000	55.0000	739549.629486
38.9976	-1.7851	3.5093	403.6800	55.0000	739549.629486
39.1142	-1.8941	3.5969	395.1400	55.0000	739549.629486
39.2310	-2.0147	3.6678	387.8200	55.0000	739549.629486
39.3478	-2.1386	3.7331	387.8200	55.0000	739549.629486
39.4643	-2.2624	3.7985	387.8200	55.0000	739549.629486
39.5656	-2.3685	3.8545	387.8200	55.0000	739549.629486
39.6809	-2.4509	3.8720	379.2800	55.0000	739549.629486
39.7978	-2.5186	3.8720	370.7400	55.0000	739549.629486
39.9143	-2.5981	3.8749	362.2000	55.0000	739549.629486
40.0310	-2.7278	3.8680	353.6600	55.0000	739549.629486
40.1311	-2.8457	3.8459	346.3400	55.0000	739549.629486
40.2475	-2.9803	3.8075	343.9000	55.0000	739549.629486
40.3476	-3.0956	3.7742	343.9000	55.0000	739549.629486
40.4643	-3.2301	3.7354	343.9000	55.0000	739549.629486
40.5644	-3.3454	3.7021	343.9000	55.0000	739549.629486
40.6810	-3.4799	3.6633	343.9000	55.0000	739549.629486
40.7975	-3.6144	3.6245	343.9000	55.0000	739549.629486
40.8977	-3.7297	3.5912	343.9000	55.0000	739549.629486
41.0143	-3.8642	3.5524	343.9000	55.0000	739549.629486
41.1309	-3.9987	3.5136	343.9000	55.0000	739549.629486
41.2313	-4.1140	3.4803	343.9000	55.0000	739549.629486
41.3476	-4.2485	3.4414	343.9000	55.0000	739549.629486
41.4645	-4.3830	3.4026	343.9000	55.0000	739549.629486
41.5812	-4.5176	3.3638	343.9000	55.0000	739549.629486
41.6977	-4.6521	3.3250	343.9000	55.0000	739549.629486
41.8142	-4.7866	3.2862	343.9000	55.0000	739549.629486
41.9144	-4.9019	3.2529	343.9000	55.0000	739549.629486
42.0309	-4.9595	3.2362	343.9000	55.0000	739549.629486
42.1310	-4.9595	3.2362	343.9000	55.0000	739549.629486
42.2476	-4.9595	3.2362	343.9000	55.0000	739549.629486
42.3477	-4.9595	3.2362	347.5600	55.0000	739549.629486
42.4479	-4.9595	3.2362	354.8800	55.0000	739549.629486
42.5644	-4.9595	3.2362	363.4200	55.0000	739549.629486
42.6811	-4.9595	3.2362	371.9600	55.0000	739549.629486
42.7975	-4.9595	3.2362	380.5000	55.0000	739549.629486
42.8978	-4.9595	3.2362	387.8200	55.0000	739549.629486
43.0142	-4.9595	3.2362	396.3600	55.0000	739549.629486
43.1309	-4.9595	3.2362	402.4600	55.0000	739549.629486
43.2477	-4.9595	3.2362	402.4600	55.0000	739549.629486
43.3642	-4.9595	3.2362	402.4600	55.0000	739549.629486
43.4647	-4.9595	3.2362	402.4600	55.0000	739549.629486
43.5810	-4.9595	3.2362	403.6800	55.0000	739549.629486
43.6811	-4.9595	3.2362	411.0000	55.0000	739549.629486
43.7977	-4.9595	3.2362	419.5400	55.0000	739549.629486
43.9143	-5.0203	3.3397	419.5400	55.0000	739549.629486
44.0309	-5.0395	3.3748	428.0800	55.0000	739549.629486
44.1477	-5.0775	3.4886	431.7400	55.0000	739549.629486
44.2643	-5.1214	3.6216	431.7400	55.0000	739549.629486
44.3809	-5.1652	3.7545	431.7400	55.0000	739549.629486
44.4810	-5.2028	3.8685	431.7400	55.0000	739549.629486
44.5976	-5.2406	4.0032	437.8400	55.0000	739549.629486
44.7143	-5.2583	4.1419	446.3800	55.0000	739549.629486
44.8308	-5.2552	4.2818	454.9200	55.0000	739549.629486
44.9476	-5.2314	4.4196	463.4600	55.0000	739549.629486
45.0646	-5.1874	4.5524	472.0000	55.0000	739549.629486
45.1812	-5.1242	4.6771	480.5400	55.0000	739549.629486
45.2976	-5.0431	4.7911	489.0800	55.0000	739549.629486
45.4145	-4.9460	4.8918	497.6200	55.0000	739549.629486
45.5309	-4.8350	4.9769	506.1600	55.0000	739549.629486
45.6323	-4.7307	5.0361	513.4800	55.0000	739549.629486
45.7476	-4.6007	5.0877	522.0200	55.0000	739549.629486
45.8478	-4.4842	5.1161	529.3400	55.0000	739549.629486
45.9642	-4.3451	5.1302	537.8800	55.0000	739549.629486
46.0644	-4.2252	5.1257	545.2000	55.0000	739549.629486
46.1817	-4.0875	5.1012	553.7400	55.0000	739549.629486
46.2977	-4.0366	5.1317	562.2800	55.0000	739549.629486
46.4142	-4.0005	5.1337	564.7200	55.0000	739549.629486
46.5143	-4.0005	5.1337	564.7200	55.0000	739549.629486
46.6144	-4.0005	5.1337	564.7200	55.0000	739549.629486
46.7308	-4.0005	5.1337	573.2600	55.0000	739549.629486
46.8310	-4.0005	5.1337	580.5800	55.0000	739549.629486
46.9475	-4.0005	5.1337	589.1200	55.0000	739549.629486
47.0643	-4.0005	5.1337	597.6600	55.0000	739549.629486
47.1809	-4.0005	5.1337	606.2000	55.0000	739549.629486
47.2975	-4.0005	5.1337	614.7400	55.0000	739549.629486
47.3976	-4.0005	5.1337	622.0600	55.0000	739549.629486
47.5142	-4.0005	5.1337	630.6000	55.0000	739549.629486
47.6309	-4.0005	5.1337	639.1400	55.0000	739549.629486
47.7476	-4.0005	5.1337	647.6800	55.0000	739549.629486
47.8643	-4.0043	5.1384	651.3400	55.0000	739549.629486
47.9809	-4.0414	5.1245	651.3400	55.0000	739549.629486
48.0977	-4.0850	5.1078	651.3400	55.0000	739549.629486
48.1978	-4.1285	5.0180	651.3400	55.0000	739549.629486
48.3143	-4.1795	4.8876	651.3400	55.0000	739549.629486
48.4309	-4.2304	4.7572	651.3400	55.0000	739549.629486
48.5310	-4.2741	4.6454	651.3400	55.0000	739549.629486
48.6476	-4.3251	4.5150	651.3400	55.0000	739549.629486
48.7643	-4.3756	4.3844	650.1200	55.0000	739549.629486
48.8810	-4.4124	4.2495	641.5800	55.0000	739549.629486
48.9976	-4.4282	4.1305	633.0400	55.0000	739549.629486
49.1143	-4.4285	4.1305	624.5000	55.0000	739549.629486
49.2308	-4.4285	4.1305	615.9600	55.0000	739549.629486
49.3311	-4.4285	4.1305	608.6400	55.0000	739549.629486
49.4476	-4.4285	4.1305	600.1000	55.0000	739549.629486
49.5478	-4.4285	4.1305	592.7800	55.0000	739549.629486
49.6643	-4.4285	4.1305	584.2400	55.0000	739549.629486
49.7645	-4.4285	4.1305	576.9200	55.0000	739549.629486
49.8810	-4.4285	4.1305	568.3800	55.0000	739549.629486
49.9815	-4.4285	4.1305	561.0600	55.0000	739549.629486
50.0977	-4.4285	4.1305	554.9600	55.0000	739549.629486
50.2144	-4.3995	4.1254	554.9600	55.0000	739549.629486
50.3311	-4.3319	4.1254	554.9600	55.0000	739549.629486
50.4477	-4.2642	4.1254	554.9600	55.0000	739549.629486
50.5643	-4.1966	4.1254	554.9600	55.0000	739549.629486
50.6644	-4.1385	4.1254	552.5200	55.0000	739549.629486
50.7810	-4.0692	4.1254	543.9800	55.0000	739549.629486
50.8812	-3.9692	4.1275	536.6600	55.0000	739549.629486
50.9977	-3.8308	4.1475	528.1200	55.0000	739549.629486
51.0978	-3.7156	4.1808	520.8000	55.0000	739549.629486
51.2143	-3.5853	4.2321	518.3600	55.0000	739549.629486
51.3308	-3.4552	4.2837	518.3600	55.0000	739549.629486
51.4476	-3.3251	4.3353	518.3600	55.0000	739549.629486
51.5643	-3.1920	4.3785	525.6800	55.0000	739549.629486
51.6808	-3.0547	4.4056	529.3400	55.0000	739549.629486
51.7976	-2.9171	4.4315	529.3400	55.0000	739549.629486
51.9144	-2.7795	4.4574	529.3400	55.0000	739549.629486
52.0309	-2.6419	4.4833	529.3400	55.0000	739549.629486
52.1476	-2.5044	4.5092	529.3400	55.0000	739549.629486
52.2642	-2.3668	4.5351	529.3400	55.0000	739549.629486
52.3808	-2.2292	4.5610	529.3400	55.0000	739549.629486
52.4809	-2.1113	4.5832	529.3400	55.0000	739549.629486
52.5975	-1.9737	4.6091	529.3400	55.0000	739549.629486
52.6976	-1.8557	4.6313	529.3400	55.0000	739549.629486
52.8143	-1.7182	4.6572	529.3400	55.0000	739549.629486
52.9308	-1.5806	4.6831	529.3400	55.0000	739549.629486
53.0475	-1.4430	4.7090	529.3400	55.0000	739549.629486
53.1645	-1.3057	4.7362	526.9000	55.0000	739549.629486
53.2810	-1.1726	4.7793	518.3600	55.0000	739549.629486
53.3812	-1.0648	4.8317	511.0400	55.0000	739549.629486
53.4977	-0.9806	4.8765	502.5000	55.0000	739549.629486
53.6145	-0.9365	4.8805	493.9600	55.0000	739549.629486
53.7308	-0.8483	4.9891	485.4200	55.0000	739549.629486
53.8309	-0.7862	5.0917	478.1000	55.0000	739549.629486
53.9475	-0.7299	5.2198	472.0000	55.0000	739549.629486
54.0477	-0.6811	5.3293	476.8800	55.0000	739549.629486
54.1642	-0.6074	5.4483	485.4200	55.0000	739549.629486
54.2644	-0.5308	5.5405	492.7400	55.0000	739549.629486
54.3808	-0.4292	5.6368	497.6200	55.0000	739549.629486
54.4809	-0.3406	5.7176	497.6200	55.0000	739549.629486
54.5811	-0.2519	5.7985	497.6200	55.0000	739549.629486
54.6977	-0.1485	5.8929	497.6200	55.0000	739549.629486
54.8142	-0.0451	5.9873	497.6200	55.0000	739549.629486
54.9143	0.0436	6.0681	497.6200	55.0000	739549.629486
55.0311	0.1470	6.1625	497.6200	55.0000	739549.629486
0.1043	0.0000	0.0000	45.0000	55.0000	739549.645090
0.2062	0.0000	0.0000	45.0000	55.0000	739549.645090
0.3095	0.0000	0.0000	45.0000	55.0000	739549.645090
0.4099	0.0000	0.0000	45.0000	55.0000	739549.645090
0.5263	0.0000	0.0000	45.0000	55.0000	739549.645090
0.6265	0.0000	0.0000	45.0000	55.0000	739549.645090
0.7431	0.0000	0.0000	45.0000	55.0000	739549.645090
0.8596	0.0000	0.0000	45.0000	55.0000	739549.645090
0.9599	0.0000	0.0000	45.0000	55.0000	739549.645090
1.0763	0.0000	0.0000	45.0000	55.0000	739549.645090
1.1764	0.0000	0.0000	46.2200	55.0000	739549.645090
1.2765	0.0000	0.0000	53.5400	55.0000	739549.645090
1.3767	0.0000	0.0000	60.8600	55.0000	739549.645090
1.4931	0.0000	0.0000	69.4000	55.0000	739549.645090
1.6104	-0.0062	0.0190	71.8400	55.0000	739549.645090
1.7264	-0.0499	0.1520	71.8400	55.0000	739549.645090
1.8264	-0.0873	0.2661	71.8400	55.0000	739549.645090
1.9429	-0.1309	0.3991	71.8400	55.0000	739549.645090
2.0431	-0.1683	0.5131	71.8400	55.0000	739549.645090
2.1598	-0.2143	0.6453	68.1800	55.0000	739549.645090
2.2766	-0.2772	0.7702	59.6400	55.0000	739549.645090
2.3767	-0.3453	0.8689	52.3200	55.0000	739549.645090
2.4930	-0.4333	0.9779	51.1000	55.0000	739549.645090
2.5931	-0.5086	1.0713	51.1000	55.0000	739549.645090
2.6932	-0.5872	1.1619	46.2200	55.0000	739549.645090
2.8099	-0.6922	1.2543	37.6800	55.0000	739549.645090
2.9268	-0.8098	1.3300	29.1400	55.0000	739549.645090
3.0270	-0.9186	1.3805	21.8200	55.0000	739549.645090
3.1434	-1.0524	1.4212	13.2800	55.0000	739549.645090
3.2435	-1.1702	1.4442	10.8400	55.0000	739549.645090
3.3601	-1.3077	1.4705	10.8400	55.0000	739549.645090
3.4764	-1.4452	1.4969	10.8400	55.0000	739549.645090
3.5766	-1.5630	1.5194	10.8400	55.0000	739549.645090
3.6768	-1.6809	1.5420	10.8400	55.0000	739549.645090
3.7933	-1.8184	1.5683	10.8400	55.0000	739549.645090
3.8937	-1.9362	1.5909	10.8400	55.0000	739549.645090
4.0100	-2.0737	1.6172	10.8400	55.0000	739549.645090
4.1267	-2.1130	1.6247	10.8400	55.0000	739549.645090
4.2433	-2.1130	1.6247	10.8400	55.0000	739549.645090
4.3437	-2.0148	1.6059	10.8400	55.0000	739549.645090
4.4600	-1.8773	1.5796	10.8400	55.0000	739549.645090
4.5601	-1.7595	1.5570	10.8400	55.0000	739549.645090
4.6765	-1.6220	1.5307	10.8400	55.0000	739549.645090
4.7766	-1.5041	1.5081	10.8400	55.0000	739549.645090
4.8932	-1.3666	1.4818	10.8400	55.0000	739549.645090
4.9936	-1.2487	1.4592	10.8400	55.0000	739549.645090
5.0938	-1.1309	1.4367	10.8400	55.0000	739549.645090
5.2101	-0.9934	1.4103	10.8400	55.0000	739549.645090
5.3268	-0.8952	1.3911	14.5000	55.0000	739549.645090
5.4435	-0.8952	1.3911	23.0400	55.0000	739549.645090
5.5599	-0.9123	1.4016	31.5800	55.0000	739549.645090
5.6768	-1.0286	1.4796	34.0200	55.0000	739549.645090
5.7934	-1.1446	1.5579	34.0200	55.0000	739549.645090
5.9100	-1.2606	1.6362	34.0200	55.0000	739549.645090
6.0268	-1.3729	1.7197	40.1200	55.0000	739549.645090
6.1433	-1.4718	1.8186	48.6600	55.0000	739549.645090
6.2600	-1.5549	1.9311	57.2000	55.0000	739549.645090
6.3766	-1.6204	2.0547	65.7400	55.0000	739549.645090
6.4771	-1.6614	2.1674	73.0600	55.0000	739549.645090
6.5936	-1.6906	2.3042	81.6000	55.0000	739549.645090
6.6940	-1.7035	2.4235	84.0400	55.0000	739549.645090
6.8099	-1.7180	2.5627	84.0400	55.0000	739549.645090
6.9105	-1.7368	2.6812	77.9400	55.0000	739549.645090
7.0267	-1.7776	2.8150	69.4000	55.0000	739549.645090
7.1269	-1.8280	2.9238	62.0800	55.0000	739549.645090
7.2434	-1.8618	3.0087	53.5400	55.0000	739549.645090
7.3600	-1.8880	3.0740	45.0000	55.0000	739549.645090
7.4602	-1.9789	3.1523	37.6800	55.0000	739549.645090
7.5767	-2.0965	3.2280	29.1400	55.0000	739549.645090
7.6932	-2.2238	3.2859	21.8200	55.0000	739549.645090
7.7934	-2.3352	3.3305	21.8200	55.0000	739549.645090
7.8937	-2.4467	3.3751	21.8200	55.0000	739549.645090
8.0100	-2.5766	3.4271	21.8200	55.0000	739549.645090
8.1104	-2.6910	3.4633	14.5000	55.0000	739549.645090
8.2269	-2.8289	3.4867	5.9600	55.0000	739549.645090
8.3430	-2.9687	3.4893	-2.5800	55.0000	739549.645090
8.4433	-3.0886	3.4839	-2.5800	55.0000	739549.645090
8.5600	-3.2285	3.4776	-2.5800	55.0000	739549.645090
8.6765	-3.3683	3.4713	-2.5800	55.0000	739549.645090
8.7766	-3.4882	3.4702	2.3000	55.0000	739549.645090
8.8932	-3.6274	3.4851	7.1800	55.0000	739549.645090
9.0099	-3.7663	3.5026	7.1800	55.0000	739549.645090
9.1267	-3.9052	3.5201	7.1800	55.0000	739549.645090
9.2432	-4.0441	3.5376	7.1800	55.0000	739549.645090
9.3434	-4.1632	3.5526	7.1800	55.0000	739549.645090
9.4601	-4.3021	3.5701	7.1800	55.0000	739549.645090
9.5768	-4.4410	3.5876	7.1800	55.0000	739549.645090
9.6935	-4.5799	3.6051	7.1800	55.0000	739549.645090
9.8101	-4.7173	3.6314	14.5000	55.0000	739549.645090
9.9267	-4.8492	3.6778	23.0400	55.0000	739549.645090
10.0268	-4.9558	3.7328	30.3600	55.0000	739549.645090
10.1433	-5.0700	3.8135	38.9000	55.0000	739549.645090
10.2435	-5.1575	3.8956	46.2200	55.0000	739549.645090
10.3599	-5.2453	4.0044	54.7600	55.0000	739549.645090
10.4601	-5.3070	4.1073	62.0800	55.0000	739549.645090
10.5768	-5.3617	4.2360	70.6200	55.0000	739549.645090
10.6769	-5.3680	4.2550	77.9400	55.0000	739549.645090
10.7935	-5.3680	4.2550	86.4800	55.0000	739549.645090
10.9099	-5.3680	4.2550	95.0200	55.0000	739549.645090
11.0101	-5.3680	4.2550	102.3400	55.0000	739549.645090
11.1102	-5.3680	4.2550	109.6600	55.0000	739549.645090
11.2267	-5.3680	4.2550	118.2000	55.0000	739549.645090
11.3434	-5.3680	4.2550	126.7400	55.0000	739549.645090
11.4435	-5.3541	4.2694	134.0600	55.0000	739549.645090
11.5601	-5.2567	4.3700	134.0600	55.0000	739549.645090
11.6767	-5.1594	4.4706	134.0600	55.0000	739549.645090
11.7934	-5.0620	4.5712	134.0600	55.0000	739549.645090
11.8935	-4.9785	4.6574	134.0600	55.0000	739549.645090
12.0101	-4.8812	4.7580	134.0600	55.0000	739549.645090
12.1101	-4.7977	4.8443	134.0600	55.0000	739549.645090
12.2267	-4.7004	4.9449	134.0600	55.0000	739549.645090
12.3433	-4.7004	4.9449	134.0600	55.0000	739549.645090
12.4435	-4.7004	4.9449	134.0600	55.0000	739549.645090
12.5599	-4.7977	4.8443	134.0600	55.0000	739549.645090
12.6601	-4.8812	4.7580	134.0600	55.0000	739549.645090
12.7766	-4.9785	4.6574	134.0600	55.0000	739549.645090
12.8767	-5.0620	4.5712	134.0600	55.0000	739549.645090
12.9932	-5.1597	4.4709	135.2800	55.0000	739549.645090
13.0933	-5.2040	4.4305	142.6000	55.0000	739549.645090
13.2101	-5.2040	4.4305	151.1400	55.0000	739549.645090
13.3267	-5.1667	4.4448	159.6800	55.0000	739549.645090
13.4432	-5.0354	4.4934	159.6800	55.0000	739549.645090
13.5600	-4.9041	4.5420	159.6800	55.0000	739549.645090
13.6766	-4.7728	4.5907	159.6800	55.0000	739549.645090
13.7931	-4.6388	4.6308	167.0000	55.0000	739549.645090
13.8932	-4.5203	4.6490	174.3200	55.0000	739549.645090
13.9933	-4.4006	4.6583	175.5400	55.0000	739549.645090
14.0947	-4.2810	4.6676	175.5400	55.0000	739549.645090
14.2098	-4.1414	4.6785	175.5400	55.0000	739549.645090
14.3100	-4.0218	4.6878	175.5400	55.0000	739549.645090
14.4102	-3.9022	4.6972	175.5400	55.0000	739549.645090
14.5267	-3.7626	4.7081	175.5400	55.0000	739549.645090
14.6431	-3.6230	4.7189	175.5400	55.0000	739549.645090
14.7432	-3.5034	4.7283	175.5400	55.0000	739549.645090
14.8600	-3.3638	4.7392	175.5400	55.0000	739549.645090
14.9766	-3.2242	4.7500	175.5400	55.0000	739549.645090
15.0932	-3.0844	4.7490	184.0800	55.0000	739549.645090
15.1933	-2.9655	4.7329	188.9600	55.0000	739549.645090
15.3098	-2.8272	4.7111	188.9600	55.0000	739549.645090
15.4099	-2.7087	4.6924	188.9600	55.0000	739549.645090
15.5266	-2.5704	4.6706	188.9600	55.0000	739549.645090
15.6267	-2.4518	4.6519	188.9600	55.0000	739549.645090
15.7434	-2.3135	4.6301	188.9600	55.0000	739549.645090
15.8598	-2.1752	4.6083	188.9600	55.0000	739549.645090
15.9602	-2.0567	4.5896	188.9600	55.0000	739549.645090
16.0766	-1.9184	4.5678	188.9600	55.0000	739549.645090
16.1931	-1.7801	4.5460	188.9600	55.0000	739549.645090
16.3099	-1.6418	4.5242	188.9600	55.0000	739549.645090
16.4266	-1.5028	4.5087	182.8600	55.0000	739549.645090
16.5431	-1.3630	4.5136	174.3200	55.0000	739549.645090
16.6457	-1.2449	4.5344	167.0000	55.0000	739549.645090
16.7600	-1.1118	4.5773	158.4600	55.0000	739549.645090
16.8601	-1.0038	4.6295	151.1400	55.0000	739549.645090
16.9777	-0.8875	4.7072	142.6000	55.0000	739549.645090
17.0933	-0.7840	4.8013	134.0600	55.0000	739549.645090
17.1941	-0.7073	4.8934	126.7400	55.0000	739549.645090
17.3102	-0.6334	5.0122	118.2000	55.0000	739549.645090
17.4272	-0.5741	5.1391	114.5400	55.0000	739549.645090
17.5433	-0.5080	5.2623	121.8600	55.0000	739549.645090
17.6599	-0.4244	5.3744	130.4000	55.0000	739549.645090
17.7601	-0.3419	5.4615	134.0600	55.0000	739549.645090
17.8767	-0.2445	5.5621	134.0600	55.0000	739549.645090
17.9936	-0.1471	5.6627	134.0600	55.0000	739549.645090
18.1100	-0.0498	5.7633	134.0600	55.0000	739549.645090
18.2267	0.0476	5.8639	134.0600	55.0000	739549.645090
18.3434	0.1449	5.9645	134.0600	55.0000	739549.645090
18.4600	0.2423	6.0651	134.0600	55.0000	739549.645090
