T	X	Y	HEADING	PERPSECTIVE_ANGLE	NOW_NUM
0.1146	0.0000	0.0000	45.0000	55.0000	739654.462234
0.2236	0.0000	0.0000	45.0000	55.0000	739654.462234
0.3240	0.0000	0.0000	45.0000	55.0000	739654.462234
0.4405	0.0000	0.0000	45.0000	55.0000	739654.462234
0.5570	0.0000	0.0000	45.0000	55.0000	739654.462234
0.6571	0.0000	0.0000	45.0000	55.0000	739654.462234
0.7737	0.0000	0.0000	45.0000	55.0000	739654.462234
0.8902	0.0000	0.0000	45.0000	55.0000	739654.462234
0.9903	0.0000	0.0000	45.0000	55.0000	739654.462234
1.0904	0.0000	0.0000	45.0000	55.0000	739654.462234
1.2073	0.0000	0.0000	45.0000	55.0000	739654.462234
1.3236	0.0000	0.0000	45.0000	55.0000	739654.462234
1.4238	0.0000	0.0000	45.0000	55.0000	739654.462234
1.5239	0.0000	0.0000	45.0000	55.0000	739654.462234
1.6407	0.0000	0.0000	45.0000	55.0000	739654.462234
1.7576	0.0000	0.0000	45.0000	55.0000	739654.462234
1.8738	0.0000	0.0000	45.0000	55.0000	739654.462234
1.9905	0.0000	0.0000	45.0000	55.0000	739654.462234
2.0905	0.0000	0.0000	45.0000	55.0000	739654.462234
2.2071	0.0000	0.0000	45.0000	55.0000	739654.462234
2.3237	0.0000	0.0000	45.0000	55.0000	739654.462234
2.4247	0.0000	0.0000	45.0000	55.0000	739654.462234
2.5404	0.0000	0.0000	45.0000	55.0000	739654.462234
2.6413	0.0000	0.0000	45.0000	55.0000	739654.462234
2.7571	0.0000	0.0000	45.0000	55.0000	739654.462234
2.8736	0.0000	0.0000	45.0000	55.0000	739654.462234
2.9744	0.0000	0.0000	45.0000	55.0000	739654.462234
3.0903	0.0000	0.0000	45.0000	55.0000	739654.462234
3.1908	0.0000	0.0000	45.0000	55.0000	739654.462234
3.3072	0.0000	0.0000	45.0000	55.0000	739654.462234
3.4079	0.0000	0.0000	45.0000	55.0000	739654.462234
3.5239	0.0000	0.0000	45.0000	55.0000	739654.462234
3.6404	0.0000	0.0000	45.0000	55.0000	739654.462234
3.7415	0.0000	0.0000	45.0000	55.0000	739654.462234
3.8570	0.0000	0.0000	45.0000	55.0000	739654.462234
3.9575	0.0000	0.0000	45.0000	55.0000	739654.462234
4.0736	0.0000	0.0000	45.0000	55.0000	739654.462234
4.1738	0.0000	0.0000	45.0000	55.0000	739654.462234
4.2906	0.0000	0.0000	45.0000	55.0000	739654.462234
4.3911	0.0000	0.0000	45.0000	55.0000	739654.462234
4.5072	0.0000	0.0000	45.0000	55.0000	739654.462234
4.6073	0.0000	0.0000	45.0000	55.0000	739654.462234
4.7239	0.0000	0.0000	45.0000	55.0000	739654.462234
4.8404	0.0000	0.0000	45.0000	55.0000	739654.462234
4.9570	0.0000	0.0000	45.0000	55.0000	739654.462234
5.0739	0.0000	0.0000	45.0000	55.0000	739654.462234
5.1904	0.0000	0.0000	45.0000	55.0000	739654.462234
5.3073	0.0000	0.0000	45.0000	55.0000	739654.462234
5.4236	0.0000	0.0000	45.0000	55.0000	739654.462234
5.5237	0.0000	0.0000	45.0000	55.0000	739654.462234
5.6405	0.0000	0.0000	45.0000	55.0000	739654.462234
5.7572	0.0000	0.0000	45.0000	55.0000	739654.462234
5.8738	0.0000	0.0000	45.0000	55.0000	739654.462234
5.9903	0.0000	0.0000	45.0000	55.0000	739654.462234
6.0908	0.0000	0.0000	45.0000	55.0000	739654.462234
6.2070	0.0000	0.0000	45.0000	55.0000	739654.462234
6.3076	0.0000	0.0000	45.0000	55.0000	739654.462234
6.4239	0.0000	0.0000	45.0000	55.0000	739654.462234
6.5404	0.0000	0.0000	45.0000	55.0000	739654.462234
6.6405	0.0000	0.0000	45.0000	55.0000	739654.462234
6.7438	0.0000	0.0000	45.0000	55.0000	739654.462234
6.8573	0.0000	0.0000	45.0000	55.0000	739654.462234
6.9738	0.0000	0.0000	45.0000	55.0000	739654.462234
7.0904	0.0000	0.0000	45.0000	55.0000	739654.462234
7.1904	0.0000	0.0000	45.0000	55.0000	739654.462234
7.3071	0.0000	0.0000	45.0000	55.0000	739654.462234
7.4072	0.0000	0.0000	45.0000	55.0000	739654.462234
7.5237	0.0000	0.0000	45.0000	55.0000	739654.462234
7.6238	0.0000	0.0000	45.0000	55.0000	739654.462234
7.7404	0.0000	0.0000	45.0000	55.0000	739654.462234
7.8571	0.0000	0.0000	45.0000	55.0000	739654.462234
7.9572	0.0000	0.0000	45.0000	55.0000	739654.462234
8.0738	0.0000	0.0000	45.0000	55.0000	739654.462234
8.1903	0.0000	0.0000	45.0000	55.0000	739654.462234
8.2904	0.0000	0.0000	45.0000	55.0000	739654.462234
8.4067	0.0000	0.0000	45.0000	55.0000	739654.462234
8.5075	0.0000	0.0000	45.0000	55.0000	739654.462234
8.6237	0.0000	0.0000	45.0000	55.0000	739654.462234
8.7238	0.0000	0.0000	45.0000	55.0000	739654.462234
8.8402	0.0000	0.0000	45.0000	55.0000	739654.462234
8.9406	0.0000	0.0000	45.0000	55.0000	739654.462234
9.0575	0.0000	0.0000	45.0000	55.0000	739654.462234
9.1738	0.0000	0.0000	45.0000	55.0000	739654.462234
9.2904	0.0000	0.0000	45.0000	55.0000	739654.462234
9.3907	0.0000	0.0000	45.0000	55.0000	739654.462234
9.5068	0.0000	0.0000	45.0000	55.0000	739654.462234
9.6070	0.0000	0.0000	45.0000	55.0000	739654.462234
9.7075	0.0000	0.0000	45.0000	55.0000	739654.462234
9.8237	0.0000	0.0000	45.0000	55.0000	739654.462234
9.9241	0.0000	0.0000	45.0000	55.0000	739654.462234
10.0405	0.0000	0.0000	45.0000	55.0000	739654.462234
10.1569	0.0000	0.0000	45.0000	55.0000	739654.462234
10.2571	0.0000	0.0000	45.0000	55.0000	739654.462234
10.3572	0.0000	0.0000	45.0000	55.0000	739654.462234
10.4573	0.0000	0.0000	45.0000	55.0000	739654.462234
10.5739	0.0000	0.0000	45.0000	55.0000	739654.462234
10.6907	0.0000	0.0000	45.0000	55.0000	739654.462234
10.8074	0.0000	0.0000	45.0000	55.0000	739654.462234
10.9237	0.0000	0.0000	45.0000	55.0000	739654.462234
11.0238	0.0000	0.0000	45.0000	55.0000	739654.462234
11.1239	0.0000	0.0000	45.0000	55.0000	739654.462234
11.2405	0.0000	0.0000	45.0000	55.0000	739654.462234
11.3569	0.0000	0.0000	45.0000	55.0000	739654.462234
11.4570	0.0000	0.0000	45.0000	55.0000	739654.462234
11.5571	0.0000	0.0000	45.0000	55.0000	739654.462234
11.6738	0.0000	0.0000	45.0000	55.0000	739654.462234
11.7741	0.0000	0.0000	45.0000	55.0000	739654.462234
11.8905	0.0000	0.0000	45.0000	55.0000	739654.462234
12.0077	0.0000	0.0000	45.0000	55.0000	739654.462234
12.1238	0.0000	0.0000	45.0000	55.0000	739654.462234
12.2403	0.0000	0.0000	45.0000	55.0000	739654.462234
12.3405	0.0000	0.0000	45.0000	55.0000	739654.462234
12.4407	0.0000	0.0000	45.0000	55.0000	739654.462234
12.5409	0.0000	0.0000	45.0000	55.0000	739654.462234
12.6572	0.0000	0.0000	45.0000	55.0000	739654.462234
12.7737	0.0000	0.0000	45.0000	55.0000	739654.462234
12.8741	0.0000	0.0000	45.0000	55.0000	739654.462234
12.9742	0.0000	0.0000	45.0000	55.0000	739654.462234
13.0905	-0.0990	0.0990	45.0000	55.0000	739654.462234
13.2074	-0.1933	0.2023	51.1000	55.0000	739654.462234
13.3075	-0.2614	0.3010	58.4200	55.0000	739654.462234
13.4240	-0.3243	0.4260	66.9600	55.0000	739654.462234
13.5404	-0.3679	0.5589	75.5000	55.0000	739654.462234
13.6405	-0.3892	0.6769	82.8200	55.0000	739654.462234
13.7572	-0.4037	0.8161	84.0400	55.0000	739654.462234
13.8574	-0.4162	0.9355	84.0400	55.0000	739654.462234
13.9737	-0.4307	1.0747	84.0400	55.0000	739654.462234
14.0738	-0.4432	1.1941	84.0400	55.0000	739654.462234
14.1903	-0.4577	1.3333	84.0400	55.0000	739654.462234
14.2908	-0.4702	1.4527	84.0400	55.0000	739654.462234
14.4071	-0.4847	1.5919	84.0400	55.0000	739654.462234
14.5238	-0.4993	1.7312	84.0400	55.0000	739654.462234
14.6240	-0.5053	1.8509	90.1400	55.0000	739654.462234
14.7403	-0.4944	1.9904	96.2400	55.0000	739654.462234
14.8405	-0.4813	2.1097	96.2400	55.0000	739654.462234
14.9570	-0.4661	2.2489	96.2400	55.0000	739654.462234
15.0573	-0.4531	2.3682	96.2400	55.0000	739654.462234
15.1737	-0.4378	2.5073	96.2400	55.0000	739654.462234
15.2738	-0.4248	2.6266	96.2400	55.0000	739654.462234
15.3904	-0.4096	2.7658	96.2400	55.0000	739654.462234
15.4905	-0.3965	2.8851	96.2400	55.0000	739654.462234
15.5907	-0.3835	3.0044	96.2400	55.0000	739654.462234
15.7070	-0.3798	3.1442	88.9200	55.0000	739654.462234
15.8239	-0.3824	3.2842	88.9200	55.0000	739654.462234
15.9244	-0.3847	3.4042	88.9200	55.0000	739654.462234
16.0410	-0.3873	3.5441	88.9200	55.0000	739654.462234
16.1568	-0.3912	3.6841	86.4800	55.0000	739654.462234
16.2570	-0.4075	3.8029	79.1600	55.0000	739654.462234
16.3572	-0.4363	3.9194	75.5000	55.0000	739654.462234
16.4575	-0.4663	4.0355	75.5000	55.0000	739654.462234
16.5738	-0.5014	4.1711	75.5000	55.0000	739654.462234
16.6742	-0.5314	4.2873	75.5000	55.0000	739654.462234
16.7906	-0.5665	4.4228	75.5000	55.0000	739654.462234
16.8911	-0.5965	4.5390	75.5000	55.0000	739654.462234
17.0072	-0.6316	4.6745	75.5000	55.0000	739654.462234
17.1237	-0.6666	4.8101	75.5000	55.0000	739654.462234
17.2238	-0.6979	4.9259	73.0600	55.0000	739654.462234
17.3406	-0.7499	5.0557	64.5200	55.0000	739654.462234
17.4570	-0.8206	5.1764	55.9800	55.0000	739654.462234
17.5572	-0.8949	5.2706	48.6600	55.0000	739654.462234
17.6741	-0.9959	5.3673	40.1200	55.0000	739654.462234
17.7901	-1.1101	5.4480	31.5800	55.0000	739654.462234
17.8904	-1.1101	5.4480	24.2600	55.0000	739654.462234
17.9905	-1.1101	5.4480	16.9400	55.0000	739654.462234
18.1071	-1.1101	5.4480	8.4000	55.0000	739654.462234
18.2238	-1.1101	5.4480	-0.1400	55.0000	739654.462234
18.3404	-1.1101	5.4480	-8.6800	55.0000	739654.462234
18.4573	-1.1101	5.4480	-17.2200	55.0000	739654.462234
18.5574	-1.1283	5.4397	-24.5400	55.0000	739654.462234
18.6736	-1.2501	5.3710	-33.0800	55.0000	739654.462234
18.7737	-1.3455	5.2983	-40.4000	55.0000	739654.462234
18.8740	-1.4308	5.2140	-47.7200	55.0000	739654.462234
18.9906	-1.5157	5.1029	-56.2600	55.0000	739654.462234
19.1069	-1.5832	4.9804	-64.8000	55.0000	739654.462234
19.2072	-1.6261	4.8683	-72.1200	55.0000	739654.462234
19.3237	-1.6575	4.7321	-80.6600	55.0000	739654.462234
19.4240	-1.6681	4.6126	-87.9800	55.0000	739654.462234
19.5404	-1.6612	4.4729	-96.5200	55.0000	739654.462234
19.6570	-1.6453	4.3338	-96.5200	55.0000	739654.462234
19.7737	-1.6336	4.1944	-91.6400	55.0000	739654.462234
19.8739	-1.6391	4.0746	-84.3200	55.0000	739654.462234
19.9904	-1.6535	3.9554	-83.1000	55.0000	739654.462234
20.1069	-1.6535	3.9554	-83.1000	55.0000	739654.462234
20.2071	-1.6535	3.9554	-83.1000	55.0000	739654.462234
20.3240	-1.6535	3.9554	-83.1000	55.0000	739654.462234
20.4405	-1.6535	3.9554	-83.1000	55.0000	739654.462234
20.5572	-1.6535	3.9554	-83.1000	55.0000	739654.462234
20.6738	-1.6535	3.9554	-83.1000	55.0000	739654.462234
20.7904	-1.6535	3.9554	-83.1000	55.0000	739654.462234
20.8905	-1.6535	3.9554	-83.1000	55.0000	739654.462234
21.0073	-1.6535	3.9554	-83.1000	55.0000	739654.462234
21.1240	-1.6535	3.9554	-83.1000	55.0000	739654.462234
21.2408	-1.6535	3.9554	-83.1000	55.0000	739654.462234
21.3570	-1.6535	3.9554	-83.1000	55.0000	739654.462234
21.4736	-1.6535	3.9554	-83.1000	55.0000	739654.462234
21.5739	-1.6535	3.9554	-83.1000	55.0000	739654.462234
21.6744	-1.6535	3.9554	-83.1000	55.0000	739654.462234
21.7903	-1.6535	3.9554	-83.1000	55.0000	739654.462234
21.9072	-1.6535	3.9554	-83.1000	55.0000	739654.462234
22.0074	-1.6535	3.9554	-83.1000	55.0000	739654.462234
22.1240	-1.6535	3.9554	-83.1000	55.0000	739654.462234
22.2408	-1.6535	3.9554	-83.1000	55.0000	739654.462234
22.3570	-1.6535	3.9554	-83.1000	55.0000	739654.462234
22.4571	-1.6535	3.9554	-83.1000	55.0000	739654.462234
22.5573	-1.6535	3.9554	-83.1000	55.0000	739654.462234
22.6736	-1.6535	3.9554	-83.1000	55.0000	739654.462234
22.7738	-1.6535	3.9554	-83.1000	55.0000	739654.462234
22.8739	-1.6535	3.9554	-83.1000	55.0000	739654.462234
22.9911	-1.6535	3.9554	-83.1000	55.0000	739654.462234
23.1073	-1.6535	3.9554	-83.1000	55.0000	739654.462234
23.2085	-1.6535	3.9554	-83.1000	55.0000	739654.462234
23.3237	-1.6535	3.9554	-83.1000	55.0000	739654.462234
23.4404	-1.6535	3.9554	-83.1000	55.0000	739654.462234
23.5405	-1.6535	3.9554	-83.1000	55.0000	739654.462234
23.6411	-1.6535	3.9554	-83.1000	55.0000	739654.462234
23.7574	-1.6535	3.9554	-83.1000	55.0000	739654.462234
23.8735	-1.6535	3.9554	-83.1000	55.0000	739654.462234
23.9741	-1.6535	3.9554	-83.1000	55.0000	739654.462234
24.0904	-1.6535	3.9554	-83.1000	55.0000	739654.462234
24.2070	-1.6535	3.9554	-83.1000	55.0000	739654.462234
24.3236	-1.6535	3.9554	-83.1000	55.0000	739654.462234
24.4240	-1.6535	3.9554	-83.1000	55.0000	739654.462234
24.5405	-1.6535	3.9554	-83.1000	55.0000	739654.462234
24.6570	-1.6535	3.9554	-83.1000	55.0000	739654.462234
24.7571	-1.6535	3.9554	-83.1000	55.0000	739654.462234
24.8572	-1.6535	3.9554	-83.1000	55.0000	739654.462234
24.9738	-1.6535	3.9554	-83.1000	55.0000	739654.462234
25.0903	-1.6535	3.9554	-83.1000	55.0000	739654.462234
25.1904	-1.6535	3.9554	-83.1000	55.0000	739654.462234
25.3074	-1.6535	3.9554	-83.1000	55.0000	739654.462234
25.4237	-1.6679	3.8363	-83.1000	55.0000	739654.462234
25.5402	-1.6848	3.6973	-83.1000	55.0000	739654.462234
25.6404	-1.6992	3.5782	-83.1000	55.0000	739654.462234
25.7569	-1.7147	3.4391	-85.5400	55.0000	739654.462234
25.8571	-1.7151	3.3192	-92.8600	55.0000	739654.462234
25.9736	-1.7081	3.1793	-92.8600	55.0000	739654.462234
26.0906	-1.7011	3.0395	-92.8600	55.0000	739654.462234
26.2073	-1.6942	2.8997	-92.8600	55.0000	739654.462234
26.3237	-1.6872	2.7599	-92.8600	55.0000	739654.462234
26.4239	-1.6812	2.6400	-92.8600	55.0000	739654.462234
26.5405	-1.6742	2.5002	-92.8600	55.0000	739654.462234
26.6570	-1.6685	2.3603	-90.4200	55.0000	739654.462234
26.7737	-1.6794	2.2209	-81.8800	55.0000	739654.462234
26.8902	-1.7108	2.0846	-73.3400	55.0000	739654.462234
27.0071	-1.7622	1.9545	-64.8000	55.0000	739654.462234
27.1237	-1.8323	1.8334	-56.2600	55.0000	739654.462234
27.2405	-1.9196	1.7242	-47.7200	55.0000	739654.462234
27.3571	-2.0222	1.6290	-39.1800	55.0000	739654.462234
27.4577	-2.1205	1.5604	-31.8600	55.0000	739654.462234
27.5738	-2.2452	1.4970	-23.3200	55.0000	739654.462234
27.6902	-2.3393	1.4633	-14.7800	55.0000	739654.462234
27.7905	-2.3393	1.4633	-7.4600	55.0000	739654.462234
27.9070	-2.3393	1.4633	1.0800	55.0000	739654.462234
28.0237	-2.3393	1.4633	9.6200	55.0000	739654.462234
28.1405	-2.4355	1.4904	18.1600	55.0000	739654.462234
28.2570	-2.5642	1.5452	26.7000	55.0000	739654.462234
28.3736	-2.6834	1.6184	35.2400	55.0000	739654.462234
28.4905	-2.7903	1.7085	43.7800	55.0000	739654.462234
28.6072	-2.8827	1.8136	52.3200	55.0000	739654.462234
28.7240	-2.9204	1.8921	55.9800	55.0000	739654.462234
28.8405	-2.8948	1.9258	55.9800	55.0000	739654.462234
28.9406	-2.8678	1.9636	55.9800	55.0000	739654.462234
29.0572	-2.8633	1.9709	55.9800	55.0000	739654.462234
29.1739	-2.8633	1.9709	49.8800	55.0000	739654.462234
29.2905	-2.8633	1.9709	41.3400	55.0000	739654.462234
29.4071	-2.8633	1.9709	32.8000	55.0000	739654.462234
29.5237	-2.8633	1.9709	24.2600	55.0000	739654.462234
29.6242	-2.8633	1.9709	16.9400	55.0000	739654.462234
29.7403	-2.8633	1.9709	8.4000	55.0000	739654.462234
29.8571	-2.8633	1.9709	-0.1400	55.0000	739654.462234
29.9736	-2.8633	1.9709	-8.6800	55.0000	739654.462234
30.0907	-2.8633	1.9709	-17.2200	55.0000	739654.462234
30.2071	-2.8868	1.9386	-25.7600	55.0000	739654.462234
30.3237	-2.9640	1.8712	-34.3000	55.0000	739654.462234
30.4407	-3.0727	1.7832	-41.6200	55.0000	739654.462234
30.5569	-3.1800	1.6935	-36.7400	55.0000	739654.462234
30.6571	-3.2812	1.6291	-29.4200	55.0000	739654.462234
30.7738	-3.4085	1.5710	-20.8800	55.0000	739654.462234
30.8903	-3.5429	1.5325	-12.3400	55.0000	739654.462234
30.9904	-3.6616	1.5156	-5.0200	55.0000	739654.462234
31.1069	-3.8015	1.5153	3.5200	55.0000	739654.462234
31.2071	-3.8612	1.5230	10.8400	55.0000	739654.462234
31.3236	-3.8612	1.5230	19.3800	55.0000	739654.462234
31.4402	-3.8612	1.5230	27.9200	55.0000	739654.462234
31.5405	-3.8612	1.5230	35.2400	55.0000	739654.462234
31.6570	-3.8612	1.5230	43.7800	55.0000	739654.462234
31.7739	-3.8612	1.5230	52.3200	55.0000	739654.462234
31.8913	-3.8724	1.5738	60.8600	55.0000	739654.462234
32.0072	-3.8724	1.6376	69.4000	55.0000	739654.462234
32.1073	-3.8724	1.6951	76.7200	55.0000	739654.462234
32.2237	-3.8749	1.7742	85.2600	55.0000	739654.462234
32.3417	-3.8721	1.8841	93.8000	55.0000	739654.462234
32.4570	-3.8510	2.0224	102.3400	55.0000	739654.462234
32.5738	-3.8096	2.1560	110.8800	55.0000	739654.462234
32.6904	-3.7488	2.2820	119.4200	55.0000	739654.462234
32.7907	-3.6895	2.3863	116.9800	55.0000	739654.462234
32.9073	-3.6369	2.5159	108.4400	55.0000	739654.462234
33.0238	-3.6041	2.6518	99.9000	55.0000	739654.462234
33.1403	-3.5919	2.7912	91.3600	55.0000	739654.462234
33.2570	-3.6005	2.9308	82.8200	55.0000	739654.462234
33.3736	-3.6297	3.0676	74.2800	55.0000	739654.462234
33.4739	-3.6707	3.1803	66.9600	55.0000	739654.462234
33.5903	-3.7362	3.3039	58.4200	55.0000	739654.462234
33.7072	-3.8193	3.4164	49.8800	55.0000	739654.462234
33.8240	-3.8193	3.4164	41.3400	55.0000	739654.462234
33.9243	-3.8193	3.4164	34.0200	55.0000	739654.462234
34.0408	-3.8193	3.4164	25.4800	55.0000	739654.462234
34.1410	-3.8383	3.4226	18.1600	55.0000	739654.462234
34.2569	-3.9744	3.4547	9.6200	55.0000	739654.462234
34.3569	-4.0938	3.4659	2.3000	55.0000	739654.462234
34.4573	-4.2137	3.4618	-5.0200	55.0000	739654.462234
34.5739	-4.3515	3.4377	-13.5600	55.0000	739654.462234
34.6903	-4.4842	3.3935	-22.1000	55.0000	739654.462234
34.7904	-4.5916	3.3402	-29.4200	55.0000	739654.462234
34.8906	-4.6961	3.2813	-29.4200	55.0000	739654.462234
34.9908	-4.8007	3.2223	-29.4200	55.0000	739654.462234
35.1070	-4.9238	3.1558	-25.7600	55.0000	739654.462234
35.2237	-4.9969	3.1265	-17.2200	55.0000	739654.462234
35.3407	-4.9969	3.1265	-8.6800	55.0000	739654.462234
35.4581	-4.9969	3.1265	-0.1400	55.0000	739654.462234
35.5739	-4.9969	3.1265	8.4000	55.0000	739654.462234
35.6906	-4.9969	3.1265	16.9400	55.0000	739654.462234
35.8071	-4.9969	3.1265	25.4800	55.0000	739654.462234
35.9073	-4.9969	3.1265	32.8000	55.0000	739654.462234
36.0235	-4.9969	3.1265	41.3400	55.0000	739654.462234
36.1238	-4.9969	3.1265	48.6600	55.0000	739654.462234
36.2404	-5.0420	3.1662	40.1200	55.0000	739654.462234
36.3574	-5.1562	3.2469	31.5800	55.0000	739654.462234
36.4739	-5.2449	3.2929	23.0400	55.0000	739654.462234
36.5905	-5.2635	3.3003	14.5000	55.0000	739654.462234
36.7072	-5.2635	3.3003	5.9600	55.0000	739654.462234
36.8073	-5.2635	3.3003	-1.3600	55.0000	739654.462234
36.9237	-5.2635	3.3003	-9.9000	55.0000	739654.462234
37.0241	-5.2635	3.3003	-17.2200	55.0000	739654.462234
37.1404	-5.2635	3.3003	-25.7600	55.0000	739654.462234
37.2407	-5.2635	3.3003	-33.0800	55.0000	739654.462234
37.3570	-5.3409	3.2372	-41.6200	55.0000	739654.462234
37.4571	-5.4244	3.1511	-48.9400	55.0000	739654.462234
37.5573	-5.4962	3.0551	-56.2600	55.0000	739654.462234
37.6742	-5.5637	2.9326	-64.8000	55.0000	739654.462234
37.7903	-5.6123	2.8014	-73.3400	55.0000	739654.462234
37.9070	-5.6409	2.6645	-81.8800	55.0000	739654.462234
38.0074	-5.6433	2.6446	-89.2000	55.0000	739654.462234
38.1236	-5.6433	2.6446	-97.7400	55.0000	739654.462234
38.2245	-5.6433	2.6446	-105.0600	55.0000	739654.462234
38.3409	-5.6433	2.6446	-113.6000	55.0000	739654.462234
38.4571	-5.6433	2.6446	-122.1400	55.0000	739654.462234
38.5736	-5.6433	2.6446	-130.6800	55.0000	739654.462234
38.6739	-5.6433	2.6446	-138.0000	55.0000	739654.462234
38.7740	-5.6433	2.6446	-145.3200	55.0000	739654.462234
38.8905	-5.6433	2.6446	-153.8600	55.0000	739654.462234
39.0074	-5.6433	2.6446	-162.4000	55.0000	739654.462234
39.1239	-5.6433	2.6446	-170.9400	55.0000	739654.462234
39.2242	-5.6433	2.6446	-178.2600	55.0000	739654.462234
39.3402	-5.6433	2.6446	-186.8000	55.0000	739654.462234
39.4406	-5.6433	2.6446	-194.1200	55.0000	739654.462234
39.5570	-5.5685	2.6730	-202.6600	55.0000	739654.462234
39.6573	-5.4789	2.7174	-209.9800	55.0000	739654.462234
39.7574	-5.4789	2.7174	-217.3000	55.0000	739654.462234
39.8738	-5.4789	2.7174	-225.8400	55.0000	739654.462234
39.9904	-5.4673	2.7336	-234.3800	55.0000	739654.462234
40.0907	-5.4049	2.8360	-241.7000	55.0000	739654.462234
40.2070	-5.3493	2.9644	-250.2400	55.0000	739654.462234
40.3074	-5.3173	3.0799	-257.5600	55.0000	739654.462234
40.4238	-5.2963	3.2183	-262.4400	55.0000	739654.462234
40.5406	-5.2779	3.3571	-262.4400	55.0000	739654.462234
40.6569	-5.2595	3.4959	-262.4400	55.0000	739654.462234
40.7735	-5.2411	3.6347	-262.4400	55.0000	739654.462234
40.8903	-5.2226	3.7735	-262.4400	55.0000	739654.462234
40.9907	-5.2006	3.8913	-256.3400	55.0000	739654.462234
41.1073	-5.1561	4.0239	-247.8000	55.0000	739654.462234
41.2249	-5.1026	4.1313	-239.2600	55.0000	739654.462234
41.3403	-5.1026	4.1313	-230.7200	55.0000	739654.462234
41.4405	-5.1026	4.1313	-223.4000	55.0000	739654.462234
41.5571	-5.1026	4.1313	-222.1800	55.0000	739654.462234
41.6574	-5.1026	4.1313	-222.1800	55.0000	739654.462234
41.7576	-5.1026	4.1313	-222.1800	55.0000	739654.462234
41.8737	-5.1026	4.1313	-222.1800	55.0000	739654.462234
41.9906	-5.1026	4.1313	-222.1800	55.0000	739654.462234
0.1001	0.0000	0.0000	45.0000	55.0000	739654.499936
0.2109	0.0000	0.0000	45.0000	55.0000	739654.499936
0.3233	0.0000	0.0000	45.0000	55.0000	739654.499936
0.4235	0.0000	0.0000	45.0000	55.0000	739654.499936
0.5238	0.0000	0.0000	45.0000	55.0000	739654.499936
0.6398	-0.0283	0.0283	45.0000	55.0000	739654.499936
0.7401	-0.1131	0.1131	45.0000	55.0000	739654.499936
0.8404	-0.1933	0.2023	51.1000	55.0000	739654.499936
0.9568	-0.2716	0.3183	59.6400	55.0000	739654.499936
1.0734	-0.3317	0.4445	68.1800	55.0000	739654.499936
1.1899	-0.3725	0.5783	76.7200	55.0000	739654.499936
1.2901	-0.3925	0.6966	81.6000	55.0000	739654.499936
1.4067	-0.4130	0.8351	81.6000	55.0000	739654.499936
1.5069	-0.4305	0.9538	81.6000	55.0000	739654.499936
1.6235	-0.4510	1.0923	81.6000	55.0000	739654.499936
1.7401	-0.4714	1.2308	81.6000	55.0000	739654.499936
1.8402	-0.4889	1.3495	81.6000	55.0000	739654.499936
1.9404	-0.5065	1.4682	81.6000	55.0000	739654.499936
2.0570	-0.5257	1.6069	84.0400	55.0000	739654.499936
2.1571	-0.5292	1.7268	91.3600	55.0000	739654.499936
2.2572	-0.5264	1.8467	91.3600	55.0000	739654.499936
2.3734	-0.5230	1.9867	91.3600	55.0000	739654.499936
2.4905	-0.5197	2.1267	91.3600	55.0000	739654.499936
2.6067	-0.5164	2.2666	91.3600	55.0000	739654.499936
2.7069	-0.5135	2.3866	91.3600	55.0000	739654.499936
2.8234	-0.5102	2.5265	91.3600	55.0000	739654.499936
2.9238	-0.5074	2.6465	91.3600	55.0000	739654.499936
3.0244	-0.5045	2.7665	91.3600	55.0000	739654.499936
3.1401	-0.5012	2.9064	91.3600	55.0000	739654.499936
3.2404	-0.4983	3.0264	91.3600	55.0000	739654.499936
3.3569	-0.4950	3.1664	91.3600	55.0000	739654.499936
3.4735	-0.4917	3.3063	91.3600	55.0000	739654.499936
3.5738	-0.4889	3.4263	91.3600	55.0000	739654.499936
3.6904	-0.4855	3.5663	91.3600	55.0000	739654.499936
3.8071	-0.4822	3.7062	91.3600	55.0000	739654.499936
3.9235	-0.4789	3.8462	91.3600	55.0000	739654.499936
4.0237	-0.4760	3.9661	91.3600	55.0000	739654.499936
4.1404	-0.4727	4.1061	91.3600	55.0000	739654.499936
4.2570	-0.4694	4.2461	91.3600	55.0000	739654.499936
4.3733	-0.4725	4.3859	85.2600	55.0000	739654.499936
4.4737	-0.4912	4.5044	77.9400	55.0000	739654.499936
4.5900	-0.5320	4.6382	69.4000	55.0000	739654.499936
4.6911	-0.5824	4.7470	62.0800	55.0000	739654.499936
4.8068	-0.6582	4.8645	53.5400	55.0000	739654.499936
4.9070	-0.7364	4.9554	46.2200	55.0000	739654.499936
5.0234	-0.8415	5.0478	37.6800	55.0000	739654.499936
5.1403	-0.9590	5.1236	29.1400	55.0000	739654.499936
5.2570	-1.0865	5.1810	20.6000	55.0000	739654.499936
5.3735	-1.1436	5.1997	12.0600	55.0000	739654.499936
5.4900	-1.1436	5.1997	3.5200	55.0000	739654.499936
5.6067	-1.1436	5.1997	-5.0200	55.0000	739654.499936
5.7067	-1.1436	5.1997	-12.3400	55.0000	739654.499936
5.8233	-1.2191	5.1736	-20.8800	55.0000	739654.499936
5.9235	-1.3277	5.1227	-28.2000	55.0000	739654.499936
6.0401	-1.4449	5.0463	-36.7400	55.0000	739654.499936
6.1402	-1.5354	4.9676	-44.0600	55.0000	739654.499936
6.2566	-1.6273	4.8622	-52.6000	55.0000	739654.499936
6.3568	-1.6928	4.7617	-59.9200	55.0000	739654.499936
6.4735	-1.7524	4.6352	-68.4600	55.0000	739654.499936
6.5903	-1.7925	4.5012	-77.0000	55.0000	739654.499936
6.7070	-1.8122	4.3627	-85.5400	55.0000	739654.499936
6.8239	-1.8176	4.2228	-87.9800	55.0000	739654.499936
6.9401	-1.8225	4.0829	-87.9800	55.0000	739654.499936
7.0569	-1.8275	3.9430	-87.9800	55.0000	739654.499936
7.1734	-1.8324	3.8031	-87.9800	55.0000	739654.499936
7.2736	-1.8366	3.6832	-87.9800	55.0000	739654.499936
7.3903	-1.8411	3.5432	-89.2000	55.0000	739654.499936
7.5066	-1.8312	3.4037	-97.7400	55.0000	739654.499936
7.6068	-1.8104	3.2855	-100.1800	55.0000	739654.499936
7.7069	-1.7892	3.1674	-100.1800	55.0000	739654.499936
7.8074	-1.7680	3.0493	-100.1800	55.0000	739654.499936
7.9235	-1.7432	2.9115	-100.1800	55.0000	739654.499936
8.0402	-1.7185	2.7737	-100.1800	55.0000	739654.499936
8.1568	-1.6937	2.6359	-100.1800	55.0000	739654.499936
8.2570	-1.6725	2.5178	-100.1800	55.0000	739654.499936
8.3734	-1.6566	2.3788	-92.8600	55.0000	739654.499936
8.4902	-1.6616	2.2391	-84.3200	55.0000	739654.499936
8.6068	-1.6872	2.1016	-75.7800	55.0000	739654.499936
8.7070	-1.7252	1.9878	-68.4600	55.0000	739654.499936
8.8236	-1.7875	1.8626	-59.9200	55.0000	739654.499936
8.9405	-1.8676	1.7479	-51.3800	55.0000	739654.499936
9.0567	-1.9639	1.6465	-42.8400	55.0000	739654.499936
9.1568	-2.0577	1.5717	-35.5200	55.0000	739654.499936
9.2733	-2.1780	1.5004	-26.9800	55.0000	739654.499936
9.3735	-2.2886	1.4541	-19.6600	55.0000	739654.499936
9.4736	-2.4043	1.4223	-12.3400	55.0000	739654.499936
9.5902	-2.4832	1.4094	-3.8000	55.0000	739654.499936
9.7067	-2.4832	1.4094	4.7400	55.0000	739654.499936
9.8234	-2.4832	1.4094	13.2800	55.0000	739654.499936
9.9236	-2.4832	1.4094	20.6000	55.0000	739654.499936
10.0238	-2.5187	1.4277	27.9200	55.0000	739654.499936
10.1401	-2.6363	1.5035	36.4600	55.0000	739654.499936
10.2567	-2.7413	1.5959	45.0000	55.0000	739654.499936
10.3568	-2.8196	1.6868	52.3200	55.0000	739654.499936
10.4735	-2.8957	1.8041	59.6400	55.0000	739654.499936
10.5900	-2.9315	1.8822	59.6400	55.0000	739654.499936
10.6905	-2.9315	1.8822	59.6400	55.0000	739654.499936
10.8068	-2.9315	1.8822	59.6400	55.0000	739654.499936
10.9070	-2.9315	1.8822	59.6400	55.0000	739654.499936
11.0235	-2.9315	1.8822	66.9600	55.0000	739654.499936
11.1402	-2.9315	1.8822	75.5000	55.0000	739654.499936
11.2567	-2.9315	1.8822	84.0400	55.0000	739654.499936
11.3734	-2.9228	1.8997	92.5800	55.0000	739654.499936
11.4942	-2.8892	1.9410	101.1200	55.0000	739654.499936
11.6071	-2.8500	2.0522	109.6600	55.0000	739654.499936
11.7234	-2.7942	2.1805	114.5400	55.0000	739654.499936
11.8236	-2.7444	2.2897	114.5400	55.0000	739654.499936
11.9238	-2.6945	2.3988	114.5400	55.0000	739654.499936
12.0404	-2.6368	2.5264	113.3200	55.0000	739654.499936
12.1567	-2.5921	2.6589	106.0000	55.0000	739654.499936
12.2570	-2.5701	2.7358	106.0000	55.0000	739654.499936
12.3735	-2.5701	2.7358	106.0000	55.0000	739654.499936
12.4901	-2.5870	2.6783	107.2200	55.0000	739654.499936
12.5904	-2.6310	2.5667	114.5400	55.0000	739654.499936
12.7066	-2.6997	2.4449	123.0800	55.0000	739654.499936
12.8069	-2.7724	2.3495	130.4000	55.0000	739654.499936
12.9070	-2.8567	2.2642	137.7200	55.0000	739654.499936
13.0235	-2.8718	2.2152	146.2600	55.0000	739654.499936
13.1238	-2.8718	2.1857	153.5800	55.0000	739654.499936
13.2401	-2.8718	2.1600	162.1200	55.0000	739654.499936
13.3405	-2.8718	2.1447	165.7800	55.0000	739654.499936
13.4582	-2.8718	2.1277	167.0000	55.0000	739654.499936
13.5735	-2.8718	2.1178	175.5400	55.0000	739654.499936
13.6738	-2.8718	2.1176	182.8600	55.0000	739654.499936
13.7900	-2.8718	2.1270	191.4000	55.0000	739654.499936
13.8903	-2.8718	2.1432	198.7200	55.0000	739654.499936
14.0066	-2.8718	2.1712	207.2600	55.0000	739654.499936
14.1079	-2.8718	2.2026	214.5800	55.0000	739654.499936
14.2236	-2.8718	2.2470	223.1200	55.0000	739654.499936
14.3402	-2.8718	2.2470	231.6600	55.0000	739654.499936
14.4567	-2.8409	2.1956	240.2000	55.0000	739654.499936
14.5733	-2.7819	2.0688	248.7400	55.0000	739654.499936
14.6900	-2.7425	1.9346	257.2800	55.0000	739654.499936
14.7910	-2.7249	1.8159	264.6000	55.0000	739654.499936
14.9068	-2.7236	1.6761	273.1400	55.0000	739654.499936
15.0069	-2.7391	1.5572	280.4600	55.0000	739654.499936
15.1235	-2.7761	1.4223	289.0000	55.0000	739654.499936
15.2403	-2.8327	1.2944	297.5400	55.0000	739654.499936
15.3403	-2.8959	1.1925	304.8600	55.0000	739654.499936
15.4568	-2.9652	1.1294	313.4000	55.0000	739654.499936
15.5568	-3.0095	1.1294	320.7200	55.0000	739654.499936
15.6734	-3.0672	1.1294	329.2600	55.0000	739654.499936
15.7735	-3.1209	1.1294	336.5800	55.0000	739654.499936
15.8737	-3.1775	1.1294	343.9000	55.0000	739654.499936
15.9905	-3.2559	1.1251	352.4400	55.0000	739654.499936
16.1070	-3.3358	1.1254	360.9800	55.0000	739654.499936
16.2235	-3.4749	1.1397	369.5200	55.0000	739654.499936
16.3402	-3.6104	1.1745	378.0600	55.0000	739654.499936
16.4404	-3.6666	1.1955	385.3800	55.0000	739654.499936
16.5567	-3.6666	1.1955	393.9200	55.0000	739654.499936
16.6733	-3.6666	1.1955	402.4600	55.0000	739654.499936
16.7736	-3.6666	1.1955	409.7800	55.0000	739654.499936
16.8900	-3.7349	1.2940	418.3200	55.0000	739654.499936
16.9903	-3.7901	1.4005	425.6400	55.0000	739654.499936
17.1066	-3.8368	1.5324	434.1800	55.0000	739654.499936
17.2068	-3.8608	1.6498	441.5000	55.0000	739654.499936
17.3232	-3.8696	1.7894	450.0400	55.0000	739654.499936
17.4236	-3.8606	1.9090	457.3600	55.0000	739654.499936
17.5402	-3.8309	2.0457	465.9000	55.0000	739654.499936
17.6566	-3.7813	2.1765	474.4400	55.0000	739654.499936
17.7567	-3.7293	2.2847	475.6600	55.0000	739654.499936
17.8568	-3.6797	2.3939	472.0000	55.0000	739654.499936
17.9572	-3.6432	2.5081	464.6800	55.0000	739654.499936
18.0736	-3.6194	2.6459	456.1400	55.0000	739654.499936
18.1900	-3.6163	2.7858	447.6000	55.0000	739654.499936
18.3068	-3.6340	2.9245	439.0600	55.0000	739654.499936
18.4236	-3.6722	3.0591	430.5200	55.0000	739654.499936
18.5401	-3.7299	3.1865	421.9800	55.0000	739654.499936
18.6402	-3.7939	3.2879	414.6600	55.0000	739654.499936
18.7566	-3.8842	3.3947	406.1200	55.0000	739654.499936
18.8568	-3.9736	3.4747	398.8000	55.0000	739654.499936
18.9738	-4.0896	3.5527	390.2600	55.0000	739654.499936
19.0900	-4.2160	3.6127	381.7200	55.0000	739654.499936
19.2069	-4.3499	3.6532	373.1800	55.0000	739654.499936
19.3234	-4.4883	3.6734	364.6400	55.0000	739654.499936
19.4400	-4.6282	3.6728	356.1000	55.0000	739654.499936
19.5566	-4.7680	3.6752	364.6400	55.0000	739654.499936
19.6737	-4.9060	3.6984	373.1800	55.0000	739654.499936
19.7902	-4.9828	3.7207	381.7200	55.0000	739654.499936
19.8903	-4.9828	3.7207	389.0400	55.0000	739654.499936
20.0068	-4.9828	3.7207	397.5800	55.0000	739654.499936
20.1236	-4.9828	3.7207	406.1200	55.0000	739654.499936
20.2401	-4.9828	3.7207	414.6600	55.0000	739654.499936
20.3567	-5.0424	3.8247	423.2000	55.0000	739654.499936
20.4572	-5.0874	3.8904	430.5200	55.0000	739654.499936
20.5736	-5.1246	3.9813	439.0600	55.0000	739654.499936
20.6899	-5.1394	4.1204	447.6000	55.0000	739654.499936
20.7902	-5.1355	4.2403	454.9200	55.0000	739654.499936
20.8904	-5.1163	4.3586	462.2400	55.0000	739654.499936
21.0072	-5.0751	4.4923	470.7800	55.0000	739654.499936
21.1234	-5.0146	4.6184	479.3200	55.0000	739654.499936
21.2401	-4.9359	4.7341	487.8600	55.0000	739654.499936
21.3567	-4.8410	4.8368	496.4000	55.0000	739654.499936
21.4734	-4.7634	4.8749	504.9400	55.0000	739654.499936
21.5735	-4.7118	4.8749	512.2600	55.0000	739654.499936
21.6900	-4.6474	4.8749	520.8000	55.0000	739654.499936
21.7901	-4.5895	4.8749	528.1200	55.0000	739654.499936
21.9069	-4.5200	4.8749	536.6600	55.0000	739654.499936
22.0237	-4.4002	4.8701	545.2000	55.0000	739654.499936
22.1403	-4.2623	4.8465	551.3000	55.0000	739654.499936
22.2571	-4.1233	4.8308	542.7600	55.0000	739654.499936
22.3579	-4.0034	4.8340	535.4400	55.0000	739654.499936
22.4735	-3.8655	4.8569	526.9000	55.0000	739654.499936
22.5901	-3.7324	4.9001	518.3600	55.0000	739654.499936
22.7066	-3.6073	4.9626	509.8200	55.0000	739654.499936
22.8234	-3.4928	5.0429	501.2800	55.0000	739654.499936
22.9400	-3.4928	5.0429	492.7400	55.0000	739654.499936
23.0568	-3.4928	5.0429	484.2000	55.0000	739654.499936
23.1734	-3.4928	5.0429	475.6600	55.0000	739654.499936
23.2900	-3.4928	5.0429	467.1200	55.0000	739654.499936
23.4075	-3.4928	5.0429	458.5800	55.0000	739654.499936
23.5235	-3.4928	5.0429	450.0400	55.0000	739654.499936
23.6402	-3.4983	5.0825	441.5000	55.0000	739654.499936
23.7568	-3.5306	5.2186	432.9600	55.0000	739654.499936
23.8569	-3.5742	5.3303	425.6400	55.0000	739654.499936
23.9741	-3.6425	5.4524	417.1000	55.0000	739654.499936
24.0901	-3.7282	5.5629	408.5600	55.0000	739654.499936
24.2067	-3.8294	5.6595	400.0200	55.0000	739654.499936
24.3235	-3.9438	5.7400	391.4800	55.0000	739654.499936
24.4401	-4.0688	5.8027	382.9400	55.0000	739654.499936
24.5567	-4.2018	5.8460	374.4000	55.0000	739654.499936
24.6572	-4.3199	5.8671	367.0800	55.0000	739654.499936
24.7737	-4.4596	5.8725	358.5400	55.0000	739654.499936
24.8900	-4.5987	5.8570	350.0000	55.0000	739654.499936
25.0067	-4.7345	5.8236	346.3400	55.0000	739654.499936
25.1070	-4.8529	5.8040	353.6600	55.0000	739654.499936
25.2236	-4.9927	5.8005	362.2000	55.0000	739654.499936
25.3402	-5.1315	5.8177	370.7400	55.0000	739654.499936
25.4403	-5.2473	5.8488	378.0600	55.0000	739654.499936
25.5572	-5.3398	5.8698	386.6000	55.0000	739654.499936
25.6737	-5.3995	5.8698	395.1400	55.0000	739654.499936
25.7903	-5.4515	5.8655	403.6800	55.0000	739654.499936
25.9068	-5.5024	5.8624	412.2200	55.0000	739654.499936
26.0238	-5.5662	5.8920	411.0000	55.0000	739654.499936
26.1404	-5.6594	5.9735	402.4600	55.0000	739654.499936
26.2572	-5.7703	6.0588	393.9200	55.0000	739654.499936
26.3734	-5.8926	6.1267	385.3800	55.0000	739654.499936
26.4735	-6.0044	6.1699	378.0600	55.0000	739654.499936
26.5901	-6.0814	6.1919	375.6200	55.0000	739654.499936
26.7069	-6.0814	6.1919	375.6200	55.0000	739654.499936
26.8073	-6.0814	6.1919	375.6200	55.0000	739654.499936
26.9235	-6.0814	6.1919	375.6200	55.0000	739654.499936
27.0272	-6.0814	6.1919	375.6200	55.0000	739654.499936
27.1402	-6.0814	6.1919	375.6200	55.0000	739654.499936
