T	X	Y	HEADING	PERPSECTIVE_ANGLE	NOW_NUM
0.1067	0.0000	0.0000	45.0000	55.0000	739654.462234
0.2134	0.0000	0.0000	45.0000	55.0000	739654.462234
0.3135	0.0000	0.0000	45.0000	55.0000	739654.462234
0.4136	0.0000	0.0000	45.0000	55.0000	739654.462234
0.5138	0.0000	0.0000	45.0000	55.0000	739654.462234
0.6140	0.0000	0.0000	45.0000	55.0000	739654.462234
0.7301	0.0000	0.0000	45.0000	55.0000	739654.462234
0.8302	0.0000	0.0000	45.0000	55.0000	739654.462234
0.9303	0.0000	0.0000	45.0000	55.0000	739654.462234
1.0470	-0.0849	0.0849	45.0000	55.0000	739654.462234
1.1635	-0.1838	0.1838	45.0000	55.0000	739654.462234
1.2637	-0.2687	0.2687	45.0000	55.0000	739654.462234
1.3803	-0.3646	0.3706	49.8800	55.0000	739654.462234
1.4803	-0.4348	0.4678	57.2000	55.0000	739654.462234
1.5969	-0.5003	0.5914	65.7400	55.0000	739654.462234
1.7136	-0.5467	0.7234	74.2800	55.0000	739654.462234
1.8137	-0.5705	0.8409	81.6000	55.0000	739654.462234
1.9141	-0.5792	0.9605	88.9200	55.0000	739654.462234
2.0306	-0.5699	1.1001	97.4600	55.0000	739654.462234
2.1471	-0.5475	1.2382	97.4600	55.0000	739654.462234
2.2635	-0.5412	1.3780	88.9200	55.0000	739654.462234
2.3636	-0.5524	1.4974	81.6000	55.0000	739654.462234
2.4803	-0.5845	1.6335	73.0600	55.0000	739654.462234
2.5804	-0.6279	1.7453	65.7400	55.0000	739654.462234
2.6969	-0.6960	1.8675	57.2000	55.0000	739654.462234
2.7970	-0.7683	1.9632	49.8800	55.0000	739654.462234
2.9135	-0.8672	2.0621	41.3400	55.0000	739654.462234
3.0301	-0.9797	2.1452	32.8000	55.0000	739654.462234
3.1303	-1.0851	2.2025	25.4800	55.0000	739654.462234
3.2305	-1.1969	2.2458	18.1600	55.0000	739654.462234
3.3472	-1.3328	2.2792	12.0600	55.0000	739654.462234
3.4636	-1.4697	2.3085	12.0600	55.0000	739654.462234
3.5803	-1.6065	2.3381	13.2800	55.0000	739654.462234
3.6807	-1.7208	2.3743	20.6000	55.0000	739654.462234
3.7971	-1.8519	2.4236	20.6000	55.0000	739654.462234
3.8974	-1.9642	2.4658	20.6000	55.0000	739654.462234
4.0136	-2.0952	2.5150	20.6000	55.0000	739654.462234
4.1142	-2.2076	2.5573	20.6000	55.0000	739654.462234
4.2302	-2.3386	2.6065	20.6000	55.0000	739654.462234
4.3303	-2.4510	2.6487	20.6000	55.0000	739654.462234
4.4305	-2.5653	2.6849	14.5000	55.0000	739654.462234
4.5469	-2.7015	2.7171	13.2800	55.0000	739654.462234
4.6472	-2.8183	2.7446	13.2800	55.0000	739654.462234
4.7635	-2.9546	2.7768	13.2800	55.0000	739654.462234
4.8638	-3.0689	2.8129	20.6000	55.0000	739654.462234
4.9803	-3.1952	2.8731	29.1400	55.0000	739654.462234
5.0970	-3.3111	2.9514	37.6800	55.0000	739654.462234
5.1972	-3.4003	3.0315	45.0000	55.0000	739654.462234
5.3143	-3.4908	3.1382	52.3200	55.0000	739654.462234
5.4302	-3.5764	3.2490	52.3200	55.0000	739654.462234
5.5303	-3.6497	3.3440	52.3200	55.0000	739654.462234
5.6306	-3.7231	3.4390	52.3200	55.0000	739654.462234
5.7470	-3.8086	3.5498	52.3200	55.0000	739654.462234
5.8637	-3.8942	3.6606	52.3200	55.0000	739654.462234
5.9802	-3.9798	3.7714	52.3200	55.0000	739654.462234
6.0803	-4.0551	3.8648	48.6600	55.0000	739654.462234
6.1969	-4.1561	3.9615	40.1200	55.0000	739654.462234
6.2973	-4.2533	4.0318	32.8000	55.0000	739654.462234
6.4137	-4.3765	4.0980	25.4800	55.0000	739654.462234
6.5305	-4.5066	4.1497	20.6000	55.0000	739654.462234
6.6307	-4.6194	4.1907	18.1600	55.0000	739654.462234
6.7471	-4.7540	4.2290	15.7200	55.0000	739654.462234
6.8635	-4.8887	4.2674	16.9400	55.0000	739654.462234
6.9806	-5.0185	4.3193	25.4800	55.0000	739654.462234
7.0968	-5.1392	4.3900	34.0200	55.0000	739654.462234
7.1971	-5.2333	4.4643	41.3400	55.0000	739654.462234
7.3148	-5.3301	4.5653	49.8800	55.0000	739654.462234
7.4301	-5.4108	4.6796	58.4200	55.0000	739654.462234
7.5303	-5.4209	4.6968	65.7400	55.0000	739654.462234
7.6304	-5.4209	4.6968	73.0600	55.0000	739654.462234
7.7306	-5.4209	4.6968	80.3800	55.0000	739654.462234
7.8469	-5.4233	4.7568	88.9200	55.0000	739654.462234
7.9469	-5.4167	4.8765	96.2400	55.0000	739654.462234
8.0657	-5.3897	5.0138	104.7800	55.0000	739654.462234
8.1802	-5.3426	5.1455	113.3200	55.0000	739654.462234
8.2804	-5.2871	5.2518	120.6400	55.0000	739654.462234
8.3971	-5.2871	5.2518	129.1800	55.0000	739654.462234
8.4974	-5.2871	5.2518	136.5000	55.0000	739654.462234
8.6138	-5.2871	5.2518	145.0400	55.0000	739654.462234
8.7151	-5.2871	5.2518	152.3600	55.0000	739654.462234
8.8303	-5.2871	5.2518	160.9000	55.0000	739654.462234
8.9305	-5.2871	5.2518	168.2200	55.0000	739654.462234
9.0469	-5.2871	5.2518	176.7600	55.0000	739654.462234
9.1471	-5.2871	5.2518	184.0800	55.0000	739654.462234
9.2639	-5.2871	5.2518	192.6200	55.0000	739654.462234
9.3806	-5.2871	5.2518	201.1600	55.0000	739654.462234
9.4970	-5.2871	5.2518	209.7000	55.0000	739654.462234
9.6137	-5.1891	5.1827	218.2400	55.0000	739654.462234
9.7301	-5.1290	5.1085	226.7800	55.0000	739654.462234
9.8305	-5.1290	5.0618	234.1000	55.0000	739654.462234
9.9470	-5.1263	5.0053	242.6400	55.0000	739654.462234
10.0636	-5.1065	4.9129	246.3000	55.0000	739654.462234
10.1805	-5.0396	4.7901	237.7600	55.0000	739654.462234
10.2970	-4.9552	4.6786	229.2200	55.0000	739654.462234
10.4134	-4.8552	4.5808	220.6800	55.0000	739654.462234
10.5309	-4.7417	4.4990	212.1400	55.0000	739654.462234
10.6470	-4.6174	4.4349	203.6000	55.0000	739654.462234
10.7639	-4.4849	4.3900	195.0600	55.0000	739654.462234
10.8806	-4.3473	4.3653	186.5200	55.0000	739654.462234
10.9970	-4.2074	4.3613	177.9800	55.0000	739654.462234
11.1137	-4.0684	4.3769	171.8800	55.0000	739654.462234
11.2302	-3.9291	4.3903	177.9800	55.0000	739654.462234
11.3468	-3.7894	4.3833	186.5200	55.0000	739654.462234
11.4471	-3.6716	4.3609	193.8400	55.0000	739654.462234
11.5636	-3.5392	4.3160	202.3800	55.0000	739654.462234
11.6801	-3.4148	4.2519	210.9200	55.0000	739654.462234
11.7968	-3.3014	4.1701	219.4600	55.0000	739654.462234
11.8969	-3.2147	4.0872	226.7800	55.0000	739654.462234
11.9976	-3.1393	3.9939	234.1000	55.0000	739654.462234
12.1135	-3.1279	3.9258	242.6400	55.0000	739654.462234
12.2137	-3.1279	3.8706	249.9600	55.0000	739654.462234
12.3301	-3.1279	3.8031	258.5000	55.0000	739654.462234
12.4302	-3.1252	3.7337	265.8200	55.0000	739654.462234
12.5470	-3.1286	3.6138	274.3600	55.0000	739654.462234
12.6635	-3.1510	3.4758	282.9000	55.0000	739654.462234
12.7652	-3.1864	3.3612	290.2200	55.0000	739654.462234
12.8801	-3.2376	3.2309	289.0000	55.0000	739654.462234
12.9802	-3.2681	3.1149	281.6800	55.0000	739654.462234
13.0968	-3.2846	2.9761	273.1400	55.0000	739654.462234
13.1969	-3.2823	2.8562	265.8200	55.0000	739654.462234
13.2970	-3.2781	2.8164	258.5000	55.0000	739654.462234
13.3971	-3.2781	2.8164	251.1800	55.0000	739654.462234
13.5141	-3.2781	2.8164	242.6400	55.0000	739654.462234
13.6302	-3.2781	2.8164	234.1000	55.0000	739654.462234
13.7470	-3.2370	2.7727	225.5600	55.0000	739654.462234
13.8475	-3.1469	2.6935	218.2400	55.0000	739654.462234
13.9634	-3.0301	2.6166	209.7000	55.0000	739654.462234
14.0639	-2.9218	2.5651	202.3800	55.0000	739654.462234
14.1802	-2.7884	2.5231	193.8400	55.0000	739654.462234
14.2968	-2.6502	2.5013	185.3000	55.0000	739654.462234
14.3969	-2.5303	2.4991	177.9800	55.0000	739654.462234
14.5138	-2.3914	2.5159	169.4400	55.0000	739654.462234
14.6301	-2.2566	2.5532	160.9000	55.0000	739654.462234
14.7302	-2.1465	2.6007	153.5800	55.0000	739654.462234
14.8472	-2.0270	2.6734	145.0400	55.0000	739654.462234
14.9478	-1.9338	2.7489	138.9400	55.0000	739654.462234
15.0641	-1.8283	2.8409	138.9400	55.0000	739654.462234
15.1804	-1.7227	2.9328	138.9400	55.0000	739654.462234
15.2969	-1.6172	3.0248	138.9400	55.0000	739654.462234
15.4136	-1.5116	3.1168	138.9400	55.0000	739654.462234
15.5137	-1.4211	3.1956	138.9400	55.0000	739654.462234
15.6301	-1.3155	3.2875	138.9400	55.0000	739654.462234
15.7303	-1.2251	3.3664	138.9400	55.0000	739654.462234
15.8470	-1.1195	3.4583	138.9400	55.0000	739654.462234
15.9635	-1.0222	3.5588	130.4000	55.0000	739654.462234
16.0642	-0.9515	3.6557	123.0800	55.0000	739654.462234
16.1804	-0.8854	3.7790	114.5400	55.0000	739654.462234
16.2968	-0.8384	3.9107	106.0000	55.0000	739654.462234
16.3972	-0.8140	4.0281	98.6800	55.0000	739654.462234
16.5136	-0.8047	4.1677	90.1400	55.0000	739654.462234
16.6303	-0.8134	4.2873	81.6000	55.0000	739654.462234
16.7305	-0.8134	4.2873	74.2800	55.0000	739654.462234
16.8469	-0.8134	4.2873	65.7400	55.0000	739654.462234
16.9635	-0.8134	4.2873	57.2000	55.0000	739654.462234
17.0801	-0.8134	4.2873	48.6600	55.0000	739654.462234
17.1970	-0.8134	4.2873	40.1200	55.0000	739654.462234
17.3136	-0.8134	4.2873	31.5800	55.0000	739654.462234
17.4302	-0.8134	4.2873	23.0400	55.0000	739654.462234
17.5304	-0.8134	4.2873	15.7200	55.0000	739654.462234
17.6469	-0.8134	4.2873	7.1800	55.0000	739654.462234
17.7636	-0.8134	4.2873	-1.3600	55.0000	739654.462234
17.8636	-0.8134	4.2873	-8.6800	55.0000	739654.462234
17.9809	-0.8134	4.2873	-17.2200	55.0000	739654.462234
18.0971	-0.8134	4.2873	-25.7600	55.0000	739654.462234
18.2135	-0.8134	4.2873	-34.3000	55.0000	739654.462234
18.3301	-0.8134	4.2873	-42.8400	55.0000	739654.462234
18.4473	-0.8790	4.2119	-51.3800	55.0000	739654.462234
18.5640	-0.9497	4.1166	-59.9200	55.0000	739654.462234
18.6805	-0.9750	4.1249	-68.4600	55.0000	739654.462234
18.7806	-0.9923	4.1285	-75.7800	55.0000	739654.462234
18.8968	-1.0049	4.1369	-84.3200	55.0000	739654.462234
18.9969	-1.0080	4.1403	-91.6400	55.0000	739654.462234
19.0970	-1.0017	4.1431	-98.9600	55.0000	739654.462234
19.2136	-0.9785	4.1272	-107.5000	55.0000	739654.462234
19.3141	-0.9461	4.1311	-114.8200	55.0000	739654.462234
19.4303	-0.8807	4.0525	-123.3600	55.0000	739654.462234
19.5468	-0.7978	3.9397	-125.8000	55.0000	739654.462234
19.6469	-0.7351	3.8375	-118.4800	55.0000	739654.462234
19.7637	-0.6791	3.7093	-109.9400	55.0000	739654.462234
19.8644	-0.6467	3.5939	-102.6200	55.0000	739654.462234
19.9803	-0.6266	3.4554	-96.5200	55.0000	739654.462234
20.0804	-0.6130	3.3362	-96.5200	55.0000	739654.462234
20.1970	-0.5971	3.1971	-96.5200	55.0000	739654.462234
20.3135	-0.5812	3.0580	-96.5200	55.0000	739654.462234
20.4136	-0.5676	2.9388	-96.5200	55.0000	739654.462234
20.5302	-0.5517	2.7997	-96.5200	55.0000	739654.462234
20.6468	-0.5358	2.6606	-96.5200	55.0000	739654.462234
20.7636	-0.5199	2.5215	-96.5200	55.0000	739654.462234
20.8639	-0.5067	2.4022	-95.3000	55.0000	739654.462234
20.9805	-0.5057	2.2623	-86.7600	55.0000	739654.462234
21.0971	-0.5165	2.1228	-85.5400	55.0000	739654.462234
21.2136	-0.5274	1.9832	-85.5400	55.0000	739654.462234
21.3304	-0.5383	1.8436	-85.5400	55.0000	739654.462234
21.4470	-0.5492	1.7040	-85.5400	55.0000	739654.462234
21.5636	-0.5601	1.5645	-85.5400	55.0000	739654.462234
21.6803	-0.5710	1.4249	-85.5400	55.0000	739654.462234
21.7806	-0.5845	1.3057	-80.6600	55.0000	739654.462234
21.8972	-0.6128	1.1892	-72.1200	55.0000	739654.462234
22.0137	-0.6128	1.1892	-63.5800	55.0000	739654.462234
22.1305	-0.6128	1.1892	-55.0400	55.0000	739654.462234
22.2469	-0.6784	1.1138	-46.5000	55.0000	739654.462234
22.3471	-0.7672	1.0332	-39.1800	55.0000	739654.462234
22.4638	-0.8828	0.9544	-30.6400	55.0000	739654.462234
22.5801	-1.0087	0.8936	-22.1000	55.0000	739654.462234
22.6807	-1.1229	0.8569	-14.7800	55.0000	739654.462234
22.7971	-1.2607	0.8328	-6.2400	55.0000	739654.462234
22.9141	-1.4005	0.8269	-1.3600	55.0000	739654.462234
23.0302	-1.5405	0.8236	-1.3600	55.0000	739654.462234
23.1303	-1.6604	0.8208	-1.3600	55.0000	739654.462234
23.2305	-1.7804	0.8179	-1.3600	55.0000	739654.462234
23.3468	-1.9204	0.8146	-1.3600	55.0000	739654.462234
23.4470	-2.0403	0.8118	-1.3600	55.0000	739654.462234
23.5633	-2.1803	0.8084	-1.3600	55.0000	739654.462234
23.6638	-2.3003	0.8056	-1.3600	55.0000	739654.462234
23.7801	-2.4402	0.8023	-1.3600	55.0000	739654.462234
23.8802	-2.5602	0.7994	-1.3600	55.0000	739654.462234
23.9804	-2.6802	0.7966	-1.3600	55.0000	739654.462234
24.0973	-2.8201	0.7932	-1.3600	55.0000	739654.462234
24.2138	-2.9601	0.7899	-1.3600	55.0000	739654.462234
24.3304	-3.1000	0.7866	-1.3600	55.0000	739654.462234
24.4304	-3.2200	0.7837	-1.3600	55.0000	739654.462234
24.5468	-3.3600	0.7804	-1.3600	55.0000	739654.462234
24.6470	-3.4799	0.7776	-1.3600	55.0000	739654.462234
24.7635	-3.6199	0.7743	-1.3600	55.0000	739654.462234
24.8637	-3.7399	0.7714	-1.3600	55.0000	739654.462234
24.9802	-3.8798	0.7681	-1.3600	55.0000	739654.462234
25.0807	-3.9998	0.7652	-1.3600	55.0000	739654.462234
25.1972	-4.1397	0.7619	-1.3600	55.0000	739654.462234
25.3134	-4.2797	0.7586	-1.3600	55.0000	739654.462234
25.4137	-4.3997	0.7557	-1.3600	55.0000	739654.462234
25.5303	-4.5396	0.7524	-1.3600	55.0000	739654.462234
25.6303	-4.6596	0.7496	-1.3600	55.0000	739654.462234
25.7472	-4.7992	0.7582	7.1800	55.0000	739654.462234
25.8637	-4.9360	0.7874	15.7200	55.0000	739654.462234
25.9639	-5.0487	0.8284	23.0400	55.0000	739654.462234
26.0803	-5.1723	0.8939	31.5800	55.0000	739654.462234
26.1969	-5.2848	0.9770	40.1200	55.0000	739654.462234
26.3136	-5.3837	1.0759	48.6600	55.0000	739654.462234
26.4302	-5.4668	1.1884	57.2000	55.0000	739654.462234
26.5470	-5.5323	1.3120	65.7400	55.0000	739654.462234
26.6640	-5.5787	1.4439	74.2800	55.0000	739654.462234
26.7803	-5.6050	1.5813	82.8200	55.0000	739654.462234
26.8968	-5.6100	1.6411	91.3600	55.0000	739654.462234
26.9970	-5.6100	1.6411	98.6800	55.0000	739654.462234
27.0971	-5.6100	1.6411	106.0000	55.0000	739654.462234
27.2136	-5.6100	1.6411	114.5400	55.0000	739654.462234
27.3144	-5.6100	1.6411	121.8600	55.0000	739654.462234
27.4303	-5.6100	1.6411	130.4000	55.0000	739654.462234
27.5468	-5.6100	1.6411	138.9400	55.0000	739654.462234
27.6471	-5.6100	1.6411	146.2600	55.0000	739654.462234
27.7635	-5.5919	1.6496	154.8000	55.0000	739654.462234
27.8636	-5.4799	1.6925	162.1200	55.0000	739654.462234
27.9805	-5.3436	1.7239	170.6600	55.0000	739654.462234
28.0969	-5.2041	1.7348	179.2000	55.0000	739654.462234
28.1970	-5.0844	1.7275	186.5200	55.0000	739654.462234
28.3142	-4.9473	1.6999	195.0600	55.0000	739654.462234
28.4302	-4.8143	1.6562	198.7200	55.0000	739654.462234
28.5468	-4.6810	1.6137	195.0600	55.0000	739654.462234
28.6636	-4.5434	1.5885	187.7400	55.0000	739654.462234
28.7638	-4.4245	1.5724	187.7400	55.0000	739654.462234
28.8802	-4.2857	1.5535	187.7400	55.0000	739654.462234
28.9969	-4.1470	1.5347	187.7400	55.0000	739654.462234
29.0971	-4.0281	1.5185	187.7400	55.0000	739654.462234
29.2135	-3.8894	1.4996	187.7400	55.0000	739654.462234
29.3302	-3.7507	1.4808	187.7400	55.0000	739654.462234
29.4303	-3.6318	1.4646	187.7400	55.0000	739654.462234
29.5467	-3.4930	1.4458	187.7400	55.0000	739654.462234
29.6468	-3.3740	1.4309	185.3000	55.0000	739654.462234
29.7636	-3.2341	1.4273	180.4200	55.0000	739654.462234
29.8804	-3.0941	1.4263	180.4200	55.0000	739654.462234
29.9969	-2.9541	1.4253	180.4200	55.0000	739654.462234
30.1138	-2.8141	1.4242	180.4200	55.0000	739654.462234
30.2300	-2.6741	1.4232	180.4200	55.0000	739654.462234
30.3302	-2.5541	1.4223	180.4200	55.0000	739654.462234
30.4304	-2.4341	1.4214	180.4200	55.0000	739654.462234
30.5469	-2.2941	1.4204	180.4200	55.0000	739654.462234
30.6470	-2.1741	1.4195	180.4200	55.0000	739654.462234
30.7640	-2.0341	1.4185	180.4200	55.0000	739654.462234
30.8805	-1.8941	1.4175	180.4200	55.0000	739654.462234
30.9969	-1.7543	1.4228	174.3200	55.0000	739654.462234
31.1135	-1.6153	1.4397	173.1000	55.0000	739654.462234
31.2136	-1.4962	1.4541	173.1000	55.0000	739654.462234
31.3301	-1.3572	1.4709	173.1000	55.0000	739654.462234
31.4304	-1.2395	1.4941	165.7800	55.0000	739654.462234
31.5468	-1.1074	1.5399	157.2400	55.0000	739654.462234
31.6638	-0.9835	1.6048	148.7000	55.0000	739654.462234
31.7805	-0.8706	1.6874	140.1600	55.0000	739654.462234
31.8969	-0.7712	1.7858	131.6200	55.0000	739654.462234
31.9974	-0.6984	1.8811	124.3000	55.0000	739654.462234
32.1135	-0.6297	2.0029	115.7600	55.0000	739654.462234
32.2137	-0.5858	2.1145	108.4400	55.0000	739654.462234
32.3138	-0.5564	2.2308	101.1200	55.0000	739654.462234
32.4307	-0.5412	2.3698	92.5800	55.0000	739654.462234
32.5469	-0.5468	2.5096	84.0400	55.0000	739654.462234
32.6638	-0.5731	2.6470	75.5000	55.0000	739654.462234
32.7803	-0.6196	2.7789	66.9600	55.0000	739654.462234
32.8969	-0.6839	2.9032	60.8600	55.0000	739654.462234
33.0136	-0.7414	3.0307	69.4000	55.0000	739654.462234
33.1303	-0.7793	3.1653	77.9400	55.0000	739654.462234
33.2469	-0.7968	3.3041	86.4800	55.0000	739654.462234
33.3470	-0.7952	3.4240	93.8000	55.0000	739654.462234
33.4635	-0.7809	3.5632	93.8000	55.0000	739654.462234
33.5640	-0.7818	3.6832	86.4800	55.0000	739654.462234
33.6803	-0.8023	3.8215	77.9400	55.0000	739654.462234
33.7970	-0.8430	3.9553	69.4000	55.0000	739654.462234
33.8971	-0.8840	4.0474	62.0800	55.0000	739654.462234
34.0134	-0.9501	4.1496	53.5400	55.0000	739654.462234
34.1303	-1.0425	4.2546	45.0000	55.0000	739654.462234
34.2472	-1.1468	4.3480	41.3400	55.0000	739654.462234
34.3637	-1.2068	4.4009	41.3400	55.0000	739654.462234
34.4804	-1.1768	4.3744	41.3400	55.0000	739654.462234
34.5968	-1.0720	4.2817	42.5600	55.0000	739654.462234
34.6970	-0.9899	4.1942	49.8800	55.0000	739654.462234
34.8133	-0.9112	4.1007	58.4200	55.0000	739654.462234
34.9135	-0.8562	3.9941	65.7400	55.0000	739654.462234
35.0303	-0.8098	3.8621	74.2800	55.0000	739654.462234
35.1470	-0.7835	3.7248	82.8200	55.0000	739654.462234
35.2636	-0.7779	3.5850	91.3600	55.0000	739654.462234
35.3805	-0.7931	3.4460	99.9000	55.0000	739654.462234
35.4972	-0.8287	3.3107	108.4400	55.0000	739654.462234
35.6135	-0.8841	3.1823	116.9800	55.0000	739654.462234
35.7136	-0.9463	3.0798	124.3000	55.0000	739654.462234
35.8303	-1.0347	2.9713	132.8400	55.0000	739654.462234
35.9470	-1.1382	2.8772	141.3800	55.0000	739654.462234
36.0641	-1.2545	2.7995	149.9200	55.0000	739654.462234
36.1801	-1.3440	2.7551	158.4600	55.0000	739654.462234
36.2803	-1.3440	2.7551	165.7800	55.0000	739654.462234
36.3972	-1.2255	2.7733	174.3200	55.0000	739654.462234
36.5135	-1.0856	2.7752	182.8600	55.0000	739654.462234
36.6302	-0.9470	2.7564	191.4000	55.0000	739654.462234
36.7303	-0.8316	2.7240	198.7200	55.0000	739654.462234
36.8469	-0.7034	2.6680	207.2600	55.0000	739654.462234
36.9636	-0.5849	2.5936	215.8000	55.0000	739654.462234
37.0802	-0.4789	2.5024	224.3400	55.0000	739654.462234
37.1973	-0.3875	2.3965	232.8800	55.0000	739654.462234
37.3150	-0.3129	2.2782	241.4200	55.0000	739654.462234
37.4302	-0.2567	2.1501	249.9600	55.0000	739654.462234
37.5468	-0.2201	2.0151	258.5000	55.0000	739654.462234
37.6635	-0.2040	1.8762	267.0400	55.0000	739654.462234
37.7638	-0.2067	1.7563	274.3600	55.0000	739654.462234
37.8803	-0.2292	1.6182	282.9000	55.0000	739654.462234
37.9969	-0.2719	1.4850	291.4400	55.0000	739654.462234
38.1139	-0.3339	1.3597	299.9800	55.0000	739654.462234
38.2304	-0.4138	1.2449	308.5200	55.0000	739654.462234
38.3470	-0.5100	1.1432	317.0600	55.0000	739654.462234
38.4635	-0.6201	1.0570	325.6000	55.0000	739654.462234
38.5636	-0.7238	0.9968	332.9200	55.0000	739654.462234
38.6803	-0.8524	0.9416	337.8000	55.0000	739654.462234
38.7803	-0.9635	0.8962	337.8000	55.0000	739654.462234
38.8970	-1.0931	0.8433	337.8000	55.0000	739654.462234
39.0135	-1.2227	0.7904	337.8000	55.0000	739654.462234
39.1136	-1.3339	0.7451	337.8000	55.0000	739654.462234
39.2302	-1.4644	0.6946	341.4600	55.0000	739654.462234
39.3474	-1.6003	0.6616	350.0000	55.0000	739654.462234
39.4637	-1.7396	0.6491	358.5400	55.0000	739654.462234
39.5804	-1.8796	0.6511	360.9800	55.0000	739654.462234
39.6975	-2.0196	0.6534	360.9800	55.0000	739654.462234
39.8139	-2.1596	0.6558	360.9800	55.0000	739654.462234
39.9303	-2.2995	0.6582	360.9800	55.0000	739654.462234
40.0304	-2.4195	0.6603	360.9800	55.0000	739654.462234
40.1472	-2.5595	0.6627	360.9800	55.0000	739654.462234
40.2636	-2.6995	0.6651	360.9800	55.0000	739654.462234
40.3637	-2.8195	0.6671	360.9800	55.0000	739654.462234
40.4803	-2.9594	0.6695	360.9800	55.0000	739654.462234
40.5805	-3.0794	0.6716	360.9800	55.0000	739654.462234
40.6968	-3.2194	0.6740	360.9800	55.0000	739654.462234
40.7973	-3.3394	0.6760	360.9800	55.0000	739654.462234
40.9137	-3.4794	0.6784	360.9800	55.0000	739654.462234
41.0138	-3.5993	0.6805	360.9800	55.0000	739654.462234
41.1302	-3.7393	0.6829	360.9800	55.0000	739654.462234
41.2470	-3.8793	0.6853	360.9800	55.0000	739654.462234
41.3474	-3.9993	0.6873	360.9800	55.0000	739654.462234
41.4638	-4.1393	0.6897	360.9800	55.0000	739654.462234
41.5804	-4.2792	0.6921	360.9800	55.0000	739654.462234
41.6970	-4.4192	0.6945	360.9800	55.0000	739654.462234
41.8136	-4.5586	0.7058	368.3000	55.0000	739654.462234
41.9303	-4.6948	0.7377	376.8400	55.0000	739654.462234
42.0468	-4.8248	0.7895	385.3800	55.0000	739654.462234
42.1471	-4.9290	0.8488	392.7000	55.0000	739654.462234
42.2636	-5.0070	0.8649	401.2400	55.0000	739654.462234
42.3808	-5.0867	0.9099	409.7800	55.0000	739654.462234
42.4969	-5.1649	1.0050	418.3200	55.0000	739654.462234
42.5972	-5.2201	1.1115	425.6400	55.0000	739654.462234
42.7136	-5.2667	1.2434	434.1800	55.0000	739654.462234
42.8140	-5.2907	1.3608	441.5000	55.0000	739654.462234
42.9302	-5.2996	1.5004	450.0400	55.0000	739654.462234
43.0305	-5.2905	1.6200	457.3600	55.0000	739654.462234
43.1470	-5.2609	1.7567	465.9000	55.0000	739654.462234
43.2635	-5.2487	1.7948	474.4400	55.0000	739654.462234
43.3637	-5.2487	1.7948	481.7600	55.0000	739654.462234
43.4805	-5.2487	1.7948	490.3000	55.0000	739654.462234
43.5969	-5.2487	1.7948	485.4200	55.0000	739654.462234
43.7135	-5.2487	1.7948	476.8800	55.0000	739654.462234
43.8136	-5.2487	1.7948	479.3200	55.0000	739654.462234
43.9305	-5.2487	1.7948	487.8600	55.0000	739654.462234
44.0471	-5.2487	1.7948	491.5200	55.0000	739654.462234
44.1635	-5.3066	1.7134	482.9800	55.0000	739654.462234
44.2803	-5.3725	1.5900	474.4400	55.0000	739654.462234
44.3970	-5.4193	1.4582	465.9000	55.0000	739654.462234
44.5136	-5.4193	1.4582	464.6800	55.0000	739654.462234
44.6304	-5.4143	1.4775	464.6800	55.0000	739654.462234
44.7468	-5.3788	1.6129	464.6800	55.0000	739654.462234
44.8636	-5.3409	1.7477	468.3400	55.0000	739654.462234
44.9636	-5.3196	1.8038	475.6600	55.0000	739654.462234
45.0801	-5.3196	1.8038	479.3200	55.0000	739654.462234
45.1803	-5.3761	1.6979	475.6600	55.0000	739654.462234
45.2970	-5.4257	1.5672	467.1200	55.0000	739654.462234
45.4135	-5.4554	1.4305	458.5800	55.0000	739654.462234
45.5302	-5.4644	1.2909	450.0400	55.0000	739654.462234
45.6471	-5.4539	1.1514	443.9400	55.0000	739654.462234
45.7635	-5.4391	1.0121	443.9400	55.0000	739654.462234
45.8636	-5.4353	0.8923	451.2600	55.0000	739654.462234
45.9802	-5.4503	0.7532	459.8000	55.0000	739654.462234
46.0803	-5.4794	0.6369	467.1200	55.0000	739654.462234
46.1968	-5.4995	0.5803	474.4400	55.0000	739654.462234
46.2971	-5.4826	0.6166	475.6600	55.0000	739654.462234
46.4135	-5.4115	0.7371	484.2000	55.0000	739654.462234
46.5137	-5.3369	0.8309	491.5200	55.0000	739654.462234
46.6302	-5.2356	0.9274	500.0600	55.0000	739654.462234
46.7303	-5.1382	0.9973	507.3800	55.0000	739654.462234
46.8468	-5.1249	0.9960	515.9200	55.0000	739654.462234
46.9469	-5.1249	0.9937	519.5800	55.0000	739654.462234
47.0636	-5.1250	0.9891	519.5800	55.0000	739654.462234
47.1803	-5.1237	0.9813	519.5800	55.0000	739654.462234
47.2971	-5.1210	0.9683	515.9200	55.0000	739654.462234
47.4136	-5.1144	0.9488	507.3800	55.0000	739654.462234
47.5303	-5.0996	0.9243	498.8400	55.0000	739654.462234
47.6468	-5.0769	0.8976	490.3000	55.0000	739654.462234
47.7471	-5.0559	0.8721	482.9800	55.0000	739654.462234
47.8637	-5.0257	0.8622	474.4400	55.0000	739654.462234
47.9803	-5.0091	0.8673	465.9000	55.0000	739654.462234
48.0971	-5.0091	0.8673	457.3600	55.0000	739654.462234
48.2137	-5.0091	0.8673	448.8200	55.0000	739654.462234
48.3311	-5.0091	0.8673	440.2800	55.0000	739654.462234
48.4469	-5.0091	0.8673	431.7400	55.0000	739654.462234
48.5640	-5.0091	0.8673	423.2000	55.0000	739654.462234
48.6805	-5.0091	0.8673	419.5400	55.0000	739654.462234
48.7968	-5.0178	0.8581	428.0800	55.0000	739654.462234
48.9135	-5.0523	0.8731	434.1800	55.0000	739654.462234
49.0137	-5.0838	0.8955	434.1800	55.0000	739654.462234
49.1300	-5.1099	0.9265	425.6400	55.0000	739654.462234
49.2302	-5.1437	0.9990	426.8600	55.0000	739654.462234
49.3302	-5.1824	1.1125	434.1800	55.0000	739654.462234
49.4470	-5.1921	1.1513	442.7200	55.0000	739654.462234
49.5472	-5.1921	1.1513	450.0400	55.0000	739654.462234
49.6640	-5.1921	1.1513	458.5800	55.0000	739654.462234
49.7805	-5.1862	1.1704	467.1200	55.0000	739654.462234
49.8969	-5.1338	1.3001	475.6600	55.0000	739654.462234
49.9971	-5.0740	1.4040	482.9800	55.0000	739654.462234
50.1136	-4.9882	1.5144	491.5200	55.0000	739654.462234
50.2304	-4.8869	1.6109	500.0600	55.0000	739654.462234
50.3471	-4.7724	1.6912	508.6000	55.0000	739654.462234
50.4635	-4.6472	1.7537	517.1400	55.0000	739654.462234
50.5801	-4.5142	1.7969	525.6800	55.0000	739654.462234
50.6802	-4.3961	1.8178	533.0000	55.0000	739654.462234
50.7969	-4.2563	1.8230	541.5400	55.0000	739654.462234
50.8973	-4.1366	1.8151	543.9800	55.0000	739654.462234
51.0134	-3.9969	1.8054	543.9800	55.0000	739654.462234
51.1137	-3.8772	1.7970	543.9800	55.0000	739654.462234
51.2303	-3.7375	1.7873	543.9800	55.0000	739654.462234
51.3304	-3.6178	1.7790	543.9800	55.0000	739654.462234
51.4467	-3.4782	1.7693	543.9800	55.0000	739654.462234
51.5469	-3.3585	1.7609	543.9800	55.0000	739654.462234
51.6470	-3.2387	1.7526	543.9800	55.0000	739654.462234
51.7636	-3.0991	1.7429	543.9800	55.0000	739654.462234
51.8637	-2.9794	1.7346	543.9800	55.0000	739654.462234
51.9802	-2.8397	1.7248	543.9800	55.0000	739654.462234
52.0804	-2.7200	1.7165	543.9800	55.0000	739654.462234
52.1969	-2.5803	1.7068	543.9800	55.0000	739654.462234
52.3138	-2.4407	1.6971	543.9800	55.0000	739654.462234
52.4303	-2.3010	1.6874	543.9800	55.0000	739654.462234
52.5467	-2.1613	1.6776	543.9800	55.0000	739654.462234
52.6472	-2.0416	1.6693	543.9800	55.0000	739654.462234
52.7636	-1.9020	1.6596	543.9800	55.0000	739654.462234
52.8802	-1.7623	1.6499	543.9800	55.0000	739654.462234
52.9967	-1.6227	1.6402	543.9800	55.0000	739654.462234
53.0969	-1.5029	1.6331	541.5400	55.0000	739654.462234
53.1980	-1.3831	1.6388	534.2200	55.0000	739654.462234
53.3136	-1.2456	1.6647	525.6800	55.0000	739654.462234
53.4301	-1.1135	1.7107	517.1400	55.0000	739654.462234
53.5303	-1.0068	1.7654	509.8200	55.0000	739654.462234
53.6467	-0.8923	1.8457	501.2800	55.0000	739654.462234
53.7472	-0.8046	1.9275	493.9600	55.0000	739654.462234
53.8635	-0.7164	2.0361	485.4200	55.0000	739654.462234
53.9636	-0.6544	2.1387	478.1000	55.0000	739654.462234
54.0802	-0.5992	2.2673	469.5600	55.0000	739654.462234
54.1968	-0.5992	2.2673	461.0200	55.0000	739654.462234
54.2969	-0.5992	2.2673	453.7000	55.0000	739654.462234
54.4135	-0.5992	2.2673	445.1600	55.0000	739654.462234
54.5301	-0.5992	2.2673	436.6200	55.0000	739654.462234
54.6470	-0.5992	2.2673	428.0800	55.0000	739654.462234
54.7471	-0.5992	2.2673	420.7600	55.0000	739654.462234
54.8635	-0.5992	2.2673	412.2200	55.0000	739654.462234
54.9636	-0.5992	2.2673	404.9000	55.0000	739654.462234
55.0637	-0.5992	2.2673	397.5800	55.0000	739654.462234
55.1806	-0.6340	2.2870	389.0400	55.0000	739654.462234
55.2972	-0.7564	2.3550	389.0400	55.0000	739654.462234
55.4135	-0.8788	2.4230	389.0400	55.0000	739654.462234
55.5302	-1.0018	2.4898	386.6000	55.0000	739654.462234
55.6307	-1.1127	2.5354	379.2800	55.0000	739654.462234
55.7469	-1.2482	2.5701	370.7400	55.0000	739654.462234
55.8636	-1.3872	2.5870	365.8600	55.0000	739654.462234
55.9639	-1.5064	2.6005	368.3000	55.0000	739654.462234
56.0803	-1.6426	2.6324	376.8400	55.0000	739654.462234
56.1970	-1.7725	2.6841	385.3800	55.0000	739654.462234
56.3136	-1.8767	2.7435	393.9200	55.0000	739654.462234
56.4303	-1.8767	2.7435	402.4600	55.0000	739654.462234
56.5469	-1.8767	2.7435	411.0000	55.0000	739654.462234
56.6637	-1.8767	2.7435	415.8800	55.0000	739654.462234
56.7806	-1.8767	2.7435	408.5600	55.0000	739654.462234
56.8970	-1.8767	2.7435	400.0200	55.0000	739654.462234
57.0138	-1.8767	2.7435	391.4800	55.0000	739654.462234
57.1303	-1.9989	2.8118	389.0400	55.0000	739654.462234
57.2304	-2.1038	2.8700	389.0400	55.0000	739654.462234
57.3308	-2.2074	2.9305	392.7000	55.0000	739654.462234
57.4468	-2.3183	3.0158	401.2400	55.0000	739654.462234
57.5635	-2.4152	3.1166	409.7800	55.0000	739654.462234
57.6801	-2.4962	3.2307	418.3200	55.0000	739654.462234
57.7801	-2.5514	3.3372	425.6400	55.0000	739654.462234
57.8802	-2.5926	3.4498	432.9600	55.0000	739654.462234
57.9804	-2.6191	3.5668	440.2800	55.0000	739654.462234
58.0974	-2.6309	3.7061	448.8200	55.0000	739654.462234
58.2137	-2.6218	3.8457	457.3600	55.0000	739654.462234
58.3319	-2.5988	3.9838	458.5800	55.0000	739654.462234
58.4470	-2.5898	4.1234	450.0400	55.0000	739654.462234
58.5635	-2.6016	4.2628	441.5000	55.0000	739654.462234
58.6636	-2.6269	4.3800	436.6200	55.0000	739654.462234
58.7800	-2.6593	4.5162	436.6200	55.0000	739654.462234
58.8802	-2.6871	4.6330	436.6200	55.0000	739654.462234
58.9804	-2.7152	4.7496	435.4000	55.0000	739654.462234
59.0969	-2.7619	4.8815	426.8600	55.0000	739654.462234
59.2135	-2.8276	5.0050	418.3200	55.0000	739654.462234
59.3302	-2.9109	5.1173	409.7800	55.0000	739654.462234
59.4468	-3.0100	5.2160	401.2400	55.0000	739654.462234
59.5472	-3.1058	5.2882	393.9200	55.0000	739654.462234
59.6633	-3.2281	5.3561	385.3800	55.0000	739654.462234
59.7635	-3.3400	5.3993	378.0600	55.0000	739654.462234
59.8803	-3.4761	5.4311	369.5200	55.0000	739654.462234
59.9804	-3.5158	5.4365	362.2000	55.0000	739654.462234
60.0971	-3.5158	5.4365	353.6600	55.0000	739654.462234
60.2138	-3.5158	5.4365	350.0000	55.0000	739654.462234
60.3303	-3.5158	5.4365	358.5400	55.0000	739654.462234
60.4468	-3.3762	5.4282	367.0800	55.0000	739654.462234
60.5635	-3.2393	5.3992	375.6200	55.0000	739654.462234
60.6803	-3.1083	5.3502	384.1600	55.0000	739654.462234
60.7967	-2.9860	5.2823	392.7000	55.0000	739654.462234
60.8969	-2.8902	5.2102	400.0200	55.0000	739654.462234
61.0135	-2.7911	5.1114	408.5600	55.0000	739654.462234
61.1303	-2.7078	4.9991	417.1000	55.0000	739654.462234
61.2472	-2.6421	4.8756	425.6400	55.0000	739654.462234
61.3526	-2.6009	4.7630	432.9600	55.0000	739654.462234
61.4636	-2.5715	4.6262	441.5000	55.0000	739654.462234
61.5804	-2.5601	4.4868	446.3800	55.0000	739654.462234
61.6970	-2.5512	4.3470	446.3800	55.0000	739654.462234
61.7971	-2.5437	4.2273	446.3800	55.0000	739654.462234
61.9135	-2.5348	4.0875	446.3800	55.0000	739654.462234
62.0137	-2.5272	3.9678	446.3800	55.0000	739654.462234
62.1304	-2.5184	3.8281	446.3800	55.0000	739654.462234
62.2470	-2.5096	3.6883	446.3800	55.0000	739654.462234
62.3477	-2.5020	3.5686	446.3800	55.0000	739654.462234
62.4635	-2.4931	3.4289	446.3800	55.0000	739654.462234
62.5637	-2.4856	3.3091	446.3800	55.0000	739654.462234
62.6802	-2.4767	3.1694	446.3800	55.0000	739654.462234
62.7969	-2.4679	3.0297	446.3800	55.0000	739654.462234
62.9135	-2.4590	2.8899	446.3800	55.0000	739654.462234
63.0302	-2.4502	2.7502	446.3800	55.0000	739654.462234
63.1471	-2.4414	2.6105	446.3800	55.0000	739654.462234
63.2634	-2.4325	2.4708	446.3800	55.0000	739654.462234
63.3637	-2.4249	2.3510	446.3800	55.0000	739654.462234
63.4800	-2.4161	2.2113	446.3800	55.0000	739654.462234
63.5803	-2.4098	2.1315	446.3800	55.0000	739654.462234
63.6968	-2.4054	2.1315	446.3800	55.0000	739654.462234
63.7969	-2.3984	2.1315	442.7200	55.0000	739654.462234
63.9135	-2.3921	2.1315	442.7200	55.0000	739654.462234
64.0136	-2.3921	2.1315	439.0600	55.0000	739654.462234
64.1304	-2.4163	2.2077	430.5200	55.0000	739654.462234
64.2468	-2.4740	2.3351	421.9800	55.0000	739654.462234
64.3469	-2.5381	2.4365	414.6600	55.0000	739654.462234
64.4639	-2.6284	2.5433	406.1200	55.0000	739654.462234
64.5800	-2.7336	2.6355	397.5800	55.0000	739654.462234
64.6803	-2.8338	2.7013	390.2600	55.0000	739654.462234
64.7806	-2.9385	2.7600	390.2600	55.0000	739654.462234
64.8970	-3.0529	2.8405	398.8000	55.0000	739654.462234
64.9971	-3.1405	2.9224	406.1200	55.0000	739654.462234
65.1136	-3.2318	3.0284	409.7800	55.0000	739654.462234
65.2304	-3.3222	3.1353	409.7800	55.0000	739654.462234
65.3467	-3.4126	3.2422	409.7800	55.0000	739654.462234
65.4469	-3.4901	3.3338	409.7800	55.0000	739654.462234
65.5636	-3.5805	3.4407	409.7800	55.0000	739654.462234
65.6802	-3.6709	3.5476	409.7800	55.0000	739654.462234
65.7970	-3.7613	3.6545	409.7800	55.0000	739654.462234
65.9136	-3.8527	3.7606	407.3400	55.0000	739654.462234
66.0136	-3.9403	3.8425	400.0200	55.0000	739654.462234
66.1300	-4.0494	3.9302	398.8000	55.0000	739654.462234
66.2303	-4.1429	4.0054	398.8000	55.0000	739654.462234
66.3304	-4.2365	4.0806	398.8000	55.0000	739654.462234
66.4467	-4.3456	4.1683	398.8000	55.0000	739654.462234
66.5469	-4.4429	4.2384	392.7000	55.0000	739654.462234
66.6634	-4.5664	4.3041	385.3800	55.0000	739654.462234
66.7637	-4.6729	4.3593	390.2600	55.0000	739654.462234
66.8638	-4.7717	4.4273	397.5800	55.0000	739654.462234
66.9802	-4.8752	4.5214	404.9000	55.0000	739654.462234
67.0805	-4.9602	4.6061	404.9000	55.0000	739654.462234
67.1971	-5.0575	4.7067	408.5600	55.0000	739654.462234
67.3135	-5.1408	4.8190	417.1000	55.0000	739654.462234
67.4137	-5.1983	4.9243	424.4200	55.0000	739654.462234
67.5137	-5.2419	5.0360	431.7400	55.0000	739654.462234
67.6302	-5.2477	5.0551	440.2800	55.0000	739654.462234
67.7469	-5.2477	5.0551	448.8200	55.0000	739654.462234
67.8472	-5.2477	5.0551	456.1400	55.0000	739654.462234
67.9638	-5.2477	5.0551	464.6800	55.0000	739654.462234
68.0803	-5.2945	4.9233	473.2200	55.0000	739654.462234
68.1968	-5.3604	4.7999	481.7600	55.0000	739654.462234
68.2969	-5.4310	4.7030	489.0800	55.0000	739654.462234
68.4135	-5.5202	4.5951	486.6400	55.0000	739654.462234
68.5142	-5.5844	4.4938	479.3200	55.0000	739654.462234
68.6302	-5.6430	4.3668	473.2200	55.0000	739654.462234
68.7469	-5.6690	4.3128	481.7600	55.0000	739654.462234
68.8470	-5.6690	4.3128	489.0800	55.0000	739654.462234
68.9634	-5.6542	4.3262	497.6200	55.0000	739654.462234
69.0637	-5.5599	4.4002	504.9400	55.0000	739654.462234
69.1638	-5.4569	4.4616	512.2600	55.0000	739654.462234
69.2803	-5.3280	4.5160	520.8000	55.0000	739654.462234
69.3970	-5.1924	4.5506	529.3400	55.0000	739654.462234
69.5135	-5.0533	4.5647	537.8800	55.0000	739654.462234
69.6301	-4.9136	4.5579	546.4200	55.0000	739654.462234
69.7303	-4.7957	4.5357	553.7400	55.0000	739654.462234
69.8305	-4.6817	4.4986	561.0600	55.0000	739654.462234
69.9468	-4.5559	4.4374	569.6000	55.0000	739654.462234
70.0634	-4.4406	4.3582	578.1400	55.0000	739654.462234
70.1802	-4.3383	4.2628	586.6800	55.0000	739654.462234
70.2804	-4.2628	4.1697	594.0000	55.0000	739654.462234
70.3969	-4.1905	4.0499	602.5400	55.0000	739654.462234
70.5139	-4.1368	3.9208	611.0800	55.0000	739654.462234
70.6305	-4.0991	3.7860	613.5200	55.0000	739654.462234
70.7471	-4.0482	3.6557	604.9800	55.0000	739654.462234
70.8653	-3.9785	3.5344	596.4400	55.0000	739654.462234
70.9802	-3.8935	3.4233	591.5600	55.0000	739654.462234
71.0805	-3.8189	3.3293	591.5600	55.0000	739654.462234
71.1969	-3.7318	3.2196	591.5600	55.0000	739654.462234
71.3134	-3.6428	3.1116	587.9000	55.0000	739654.462234
71.4139	-3.5560	3.0288	580.5800	55.0000	739654.462234
71.5302	-3.4497	2.9378	580.5800	55.0000	739654.462234
71.6468	-3.3434	2.8467	580.5800	55.0000	739654.462234
71.7474	-3.2522	2.7686	580.5800	55.0000	739654.462234
71.8637	-3.1419	2.6826	574.4800	55.0000	739654.462234
71.9638	-3.0383	2.6222	567.1600	55.0000	739654.462234
72.0802	-2.9089	2.5692	558.6200	55.0000	739654.462234
72.1968	-2.7730	2.5360	550.0800	55.0000	739654.462234
72.3137	-2.6337	2.5233	541.5400	55.0000	739654.462234
72.4303	-2.4940	2.5310	534.2200	55.0000	739654.462234
72.5468	-2.3547	2.5451	534.2200	55.0000	739654.462234
72.6469	-2.2950	2.5512	534.2200	55.0000	739654.462234
72.7471	-2.2950	2.5512	534.2200	55.0000	739654.462234
72.8636	-2.2950	2.5512	534.2200	55.0000	739654.462234
72.9802	-2.2950	2.5512	534.2200	55.0000	739654.462234
73.0805	-2.2950	2.5512	534.2200	55.0000	739654.462234
73.1969	-2.2950	2.5512	534.2200	55.0000	739654.462234
73.2970	-2.2950	2.5512	534.2200	55.0000	739654.462234
73.3980	-2.2950	2.5512	534.2200	55.0000	739654.462234
73.5135	-2.2950	2.5512	534.2200	55.0000	739654.462234
73.6301	-2.2950	2.5512	534.2200	55.0000	739654.462234
73.7306	-2.2950	2.5512	534.2200	55.0000	739654.462234
73.8471	-2.2950	2.5512	534.2200	55.0000	739654.462234
0.1029	0.0000	0.0000	45.0000	55.0000	739654.499936
0.2128	0.0000	0.0000	45.0000	55.0000	739654.499936
0.3260	0.0000	0.0000	45.0000	55.0000	739654.499936
0.4267	0.0000	0.0000	45.0000	55.0000	739654.499936
0.5427	0.0000	0.0000	45.0000	55.0000	739654.499936
0.6429	0.0000	0.0000	45.0000	55.0000	739654.499936
0.7595	0.0000	0.0000	45.0000	55.0000	739654.499936
0.8597	0.0000	0.0000	45.0000	55.0000	739654.499936
