T	X	Y	HEADING	PERPSECTIVE_ANGLE	NOW_NUM
0.1248	0.0000	0.0000	45.0000	55.0000	739651.690652
0.2581	0.0000	0.0000	45.0000	55.0000	739651.690652
0.3582	0.0000	0.0000	45.0000	55.0000	739651.690652
0.4582	0.0000	0.0000	45.0000	55.0000	739651.690652
0.5584	-0.0141	0.0141	45.0000	55.0000	739651.690652
0.6751	-0.1131	0.1131	45.0000	55.0000	739651.690652
0.7753	-0.1980	0.1980	45.0000	55.0000	739651.690652
0.8754	-0.2828	0.2828	45.0000	55.0000	739651.690652
0.9921	-0.3818	0.3818	45.0000	55.0000	739651.690652
1.0922	-0.4667	0.4667	45.0000	55.0000	739651.690652
1.1923	-0.5515	0.5515	45.0000	55.0000	739651.690652
1.3090	-0.6487	0.6523	48.6600	55.0000	739651.690652
1.4259	-0.7318	0.7648	57.2000	55.0000	739651.690652
1.5426	-0.7973	0.8884	65.7400	55.0000	739651.690652
1.6427	-0.8383	1.0011	73.0600	55.0000	739651.690652
1.7448	-0.8733	1.1159	73.0600	55.0000	739651.690652
1.8595	-0.8733	1.1828	73.0600	55.0000	739651.690652
1.9598	-0.8733	1.2402	73.0600	55.0000	739651.690652
2.0765	-0.8733	1.3072	73.0600	55.0000	739651.690652
2.1932	-0.8733	1.3742	73.0600	55.0000	739651.690652
2.2933	-0.8733	1.4316	73.0600	55.0000	739651.690652
2.3934	-0.8733	1.4898	79.1600	55.0000	739651.690652
2.5102	-0.8749	1.5693	87.7000	55.0000	739651.690652
2.6269	-0.8682	1.6990	96.2400	55.0000	739651.690652
2.7284	-0.8506	1.8177	98.6800	55.0000	739651.690652
2.8450	-0.8294	1.9561	98.6800	55.0000	739651.690652
2.9606	-0.8083	2.0945	98.6800	55.0000	739651.690652
3.0607	-0.7902	2.2131	98.6800	55.0000	739651.690652
3.1774	-0.7691	2.3515	98.6800	55.0000	739651.690652
3.2775	-0.7509	2.4701	98.6800	55.0000	739651.690652
3.3777	-0.7333	2.5888	97.4600	55.0000	739651.690652
3.4944	-0.7270	2.7286	88.9200	55.0000	739651.690652
3.5944	-0.7381	2.8480	81.6000	55.0000	739651.690652
3.6946	-0.7644	2.9650	74.2800	55.0000	739651.690652
3.7947	-0.8054	3.0777	66.9600	55.0000	739651.690652
3.8949	-0.8504	3.1670	59.6400	55.0000	739651.690652
3.9950	-0.8504	3.1670	52.3200	55.0000	739651.690652
4.1117	-0.8504	3.1670	43.7800	55.0000	739651.690652
4.2285	-0.8504	3.1670	35.2400	55.0000	739651.690652
4.3451	-0.8504	3.1670	26.7000	55.0000	739651.690652
4.4455	-0.8504	3.1670	19.3800	55.0000	739651.690652
4.5620	-0.9852	3.2045	14.5000	55.0000	739651.690652
4.6621	-1.1014	3.2345	14.5000	55.0000	739651.690652
4.7622	-1.2176	3.2646	14.5000	55.0000	739651.690652
4.8791	-1.3531	3.2996	14.5000	55.0000	739651.690652
4.9957	-1.4886	3.3347	14.5000	55.0000	739651.690652
5.0959	-1.6048	3.3647	14.5000	55.0000	739651.690652
5.2127	-1.7404	3.3998	14.5000	55.0000	739651.690652
5.3292	-1.8759	3.4348	14.5000	55.0000	739651.690652
5.4295	-1.9921	3.4649	14.5000	55.0000	739651.690652
5.5461	-2.1276	3.4999	14.5000	55.0000	739651.690652
5.6462	-2.2438	3.5300	14.5000	55.0000	739651.690652
5.7464	-2.3600	3.5600	14.5000	55.0000	739651.690652
5.8465	-2.4761	3.5901	14.5000	55.0000	739651.690652
5.9632	-2.6117	3.6251	14.5000	55.0000	739651.690652
6.0801	-2.7472	3.6602	14.5000	55.0000	739651.690652
6.1967	-2.8828	3.6952	14.5000	55.0000	739651.690652
6.2970	-2.9989	3.7253	14.5000	55.0000	739651.690652
6.4136	-3.1345	3.7603	14.5000	55.0000	739651.690652
6.5304	-3.2700	3.7954	14.5000	55.0000	739651.690652
6.6306	-3.3668	3.8204	14.5000	55.0000	739651.690652
6.7473	-3.3668	3.8204	14.5000	55.0000	739651.690652
6.8640	-3.3668	3.8204	14.5000	55.0000	739651.690652
6.9809	-3.5024	3.8555	14.5000	55.0000	739651.690652
7.0975	-3.5992	3.8705	14.5000	55.0000	739651.690652
7.1976	-3.6573	3.8705	14.5000	55.0000	739651.690652
7.2977	-3.7154	3.8705	14.5000	55.0000	739651.690652
7.4145	-3.7831	3.8705	14.5000	55.0000	739651.690652
7.5146	-3.8412	3.8705	14.5000	55.0000	739651.690652
7.6146	-3.8993	3.8705	14.5000	55.0000	739651.690652
7.7149	-3.9574	3.8705	14.5000	55.0000	739651.690652
7.8314	-4.0522	3.8852	19.3800	55.0000	739651.690652
7.9317	-4.1621	3.9334	26.7000	55.0000	739651.690652
8.0318	-4.2145	3.9626	34.0200	55.0000	739651.690652
8.1485	-4.2145	3.9626	42.5600	55.0000	739651.690652
8.2486	-4.2145	3.9626	49.8800	55.0000	739651.690652
8.3488	-4.2145	3.9626	57.2000	55.0000	739651.690652
8.4653	-4.2145	3.9626	65.7400	55.0000	739651.690652
8.5654	-4.2145	3.9626	73.0600	55.0000	739651.690652
8.6655	-4.2145	3.9626	80.3800	55.0000	739651.690652
8.7656	-4.2145	3.9626	87.7000	55.0000	739651.690652
8.8657	-4.2145	3.9626	95.0200	55.0000	739651.690652
8.9658	-4.1986	4.0613	99.9000	55.0000	739651.690652
9.0660	-4.1779	4.1795	99.9000	55.0000	739651.690652
9.1829	-4.1539	4.3174	99.9000	55.0000	739651.690652
9.2996	-4.1401	4.3962	99.9000	55.0000	739651.690652
9.4162	-4.1401	4.3962	99.9000	55.0000	739651.690652
9.5163	-4.1401	4.3962	99.9000	55.0000	739651.690652
9.6165	-4.1401	4.3962	99.9000	55.0000	739651.690652
9.7331	-4.1401	4.3962	99.9000	55.0000	739651.690652
9.8333	-4.1401	4.3962	96.2400	55.0000	739651.690652
9.9334	-4.1401	4.3962	88.9200	55.0000	739651.690652
10.0335	-4.1401	4.3962	81.6000	55.0000	739651.690652
10.1502	-4.1401	4.3962	73.0600	55.0000	739651.690652
10.2670	-4.1401	4.3962	64.5200	55.0000	739651.690652
10.3670	-4.1401	4.3962	57.2000	55.0000	739651.690652
10.4673	-4.1401	4.3962	49.8800	55.0000	739651.690652
10.5839	-4.1401	4.3962	41.3400	55.0000	739651.690652
10.6841	-4.1401	4.3962	34.0200	55.0000	739651.690652
10.7843	-4.1401	4.3962	26.7000	55.0000	739651.690652
10.9009	-4.1401	4.3962	18.1600	55.0000	739651.690652
11.0010	-4.1401	4.3962	10.8400	55.0000	739651.690652
11.1011	-4.1401	4.3962	3.5200	55.0000	739651.690652
11.2179	-4.1401	4.3962	-5.0200	55.0000	739651.690652
11.3347	-4.1401	4.3962	-13.5600	55.0000	739651.690652
11.4348	-4.1401	4.3962	-20.8800	55.0000	739651.690652
11.5515	-4.1401	4.3962	-29.4200	55.0000	739651.690652
11.6517	-4.1401	4.3962	-36.7400	55.0000	739651.690652
11.7685	-4.1401	4.3962	-45.2800	55.0000	739651.690652
11.8686	-4.1401	4.3962	-48.9400	55.0000	739651.690652
11.9853	-4.1401	4.3962	-48.9400	55.0000	739651.690652
12.1020	-4.1401	4.3962	-48.9400	55.0000	739651.690652
12.2022	-4.2189	4.3057	-48.9400	55.0000	739651.690652
12.3190	-4.3109	4.2002	-48.9400	55.0000	739651.690652
12.4357	-4.4028	4.0946	-48.9400	55.0000	739651.690652
12.5359	-4.4817	4.0041	-48.9400	55.0000	739651.690652
12.6525	-4.5642	3.8912	-57.4800	55.0000	739651.690652
12.7693	-4.6291	3.7673	-66.0200	55.0000	739651.690652
12.8860	-4.6749	3.6351	-74.5600	55.0000	739651.690652
12.9862	-4.7023	3.5183	-77.0000	55.0000	739651.690652
13.0864	-4.7293	3.4014	-77.0000	55.0000	739651.690652
13.1865	-4.7563	3.2845	-77.0000	55.0000	739651.690652
13.3031	-4.7878	3.1481	-77.0000	55.0000	739651.690652
13.4199	-4.8193	3.0116	-77.0000	55.0000	739651.690652
13.5200	-4.8463	2.8947	-77.0000	55.0000	739651.690652
13.6367	-4.8892	2.7616	-68.4600	55.0000	739651.690652
13.7537	-4.9515	2.6363	-59.9200	55.0000	739651.690652
13.8702	-5.0316	2.5217	-51.3800	55.0000	739651.690652
13.9703	-5.1132	2.4338	-44.0600	55.0000	739651.690652
14.0705	-5.2054	2.3571	-36.7400	55.0000	739651.690652
14.1872	-5.3242	2.2833	-28.2000	55.0000	739651.690652
14.3041	-5.3600	2.2655	-19.6600	55.0000	739651.690652
14.4042	-5.3600	2.2655	-12.3400	55.0000	739651.690652
14.5208	-5.3600	2.2655	-3.8000	55.0000	739651.690652
14.6377	-5.3600	2.2655	4.7400	55.0000	739651.690652
14.7378	-5.3600	2.2655	12.0600	55.0000	739651.690652
14.8546	-5.3600	2.2655	20.6000	55.0000	739651.690652
14.9546	-5.3600	2.2655	27.9200	55.0000	739651.690652
15.0713	-5.3600	2.2655	36.4600	55.0000	739651.690652
15.1715	-5.3600	2.2655	43.7800	55.0000	739651.690652
15.2883	-5.3600	2.2655	52.3200	55.0000	739651.690652
15.3884	-5.3600	2.2655	59.6400	55.0000	739651.690652
15.5051	-5.3600	2.2655	68.1800	55.0000	739651.690652
15.6053	-5.3600	2.2655	75.5000	55.0000	739651.690652
15.7218	-5.3621	2.2854	84.0400	55.0000	739651.690652
15.8219	-5.3745	2.4047	84.0400	55.0000	739651.690652
15.9220	-5.3808	2.4644	84.0400	55.0000	739651.690652
16.0387	-5.3808	2.4644	84.0400	55.0000	739651.690652
16.1390	-5.3745	2.4047	84.0400	55.0000	739651.690652
16.2555	-5.3704	2.3650	84.0400	55.0000	739651.690652
16.3557	-5.3704	2.3650	84.0400	55.0000	739651.690652
16.4558	-5.3704	2.3650	84.0400	55.0000	739651.690652
16.5726	-5.3704	2.3650	84.0400	55.0000	739651.690652
16.6727	-5.3704	2.3650	90.1400	55.0000	739651.690652
16.7730	-5.3704	2.3650	97.4600	55.0000	739651.690652
16.8895	-5.3704	2.3650	106.0000	55.0000	739651.690652
16.9898	-5.3704	2.3650	113.3200	55.0000	739651.690652
17.1064	-5.3704	2.3650	121.8600	55.0000	739651.690652
17.2065	-5.3704	2.3650	129.1800	55.0000	739651.690652
17.3234	-5.3704	2.3650	137.7200	55.0000	739651.690652
17.4238	-5.3704	2.3650	145.0400	55.0000	739651.690652
17.5240	-5.3704	2.3650	152.3600	55.0000	739651.690652
17.6403	-5.2957	2.3935	160.9000	55.0000	739651.690652
17.7404	-5.1823	2.4328	160.9000	55.0000	739651.690652
17.8571	-5.0500	2.4786	160.9000	55.0000	739651.690652
17.9572	-4.9366	2.5179	160.9000	55.0000	739651.690652
18.0740	-4.8043	2.5637	160.9000	55.0000	739651.690652
18.1907	-4.6720	2.6095	160.9000	55.0000	739651.690652
18.2908	-4.5586	2.6488	160.9000	55.0000	739651.690652
18.3908	-4.4452	2.6880	160.9000	55.0000	739651.690652
18.4909	-4.3318	2.7273	160.9000	55.0000	739651.690652
18.5910	-4.2184	2.7666	160.9000	55.0000	739651.690652
18.6912	-4.1050	2.8058	160.9000	55.0000	739651.690652
18.8078	-3.9728	2.8516	160.9000	55.0000	739651.690652
18.9082	-3.8594	2.8909	160.9000	55.0000	739651.690652
19.0083	-3.7460	2.9302	160.9000	55.0000	739651.690652
19.1249	-3.6137	2.9760	160.9000	55.0000	739651.690652
19.2417	-3.4814	3.0218	160.9000	55.0000	739651.690652
19.3419	-3.3680	3.0611	160.9000	55.0000	739651.690652
19.4587	-3.2357	3.1069	160.9000	55.0000	739651.690652
19.5752	-3.1034	3.1527	160.9000	55.0000	739651.690652
19.6755	-2.9900	3.1919	160.9000	55.0000	739651.690652
19.7759	-2.8766	3.2312	160.9000	55.0000	739651.690652
19.8924	-2.7443	3.2770	160.9000	55.0000	739651.690652
20.0091	-2.6120	3.3228	160.9000	55.0000	739651.690652
20.1258	-2.4797	3.3686	160.9000	55.0000	739651.690652
20.2260	-2.3663	3.4079	160.9000	55.0000	739651.690652
20.3427	-2.2340	3.4537	160.9000	55.0000	739651.690652
20.4593	-2.1018	3.4995	160.9000	55.0000	739651.690652
20.5596	-1.9884	3.5388	160.9000	55.0000	739651.690652
20.6597	-1.8750	3.5781	160.9000	55.0000	739651.690652
20.7786	-1.7427	3.6239	160.9000	55.0000	739651.690652
20.8931	-1.6104	3.6697	160.9000	55.0000	739651.690652
20.9933	-1.4993	3.7149	154.8000	55.0000	739651.690652
21.0936	-1.3949	3.7739	147.4800	55.0000	739651.690652
21.2100	-1.2838	3.8588	138.9400	55.0000	739651.690652
21.3101	-1.2342	3.8723	131.6200	55.0000	739651.690652
21.4102	-1.2035	3.8723	124.3000	55.0000	739651.690652
21.5103	-1.2035	3.8723	116.9800	55.0000	739651.690652
21.6104	-1.2035	3.8723	109.6600	55.0000	739651.690652
21.7272	-1.2035	3.8723	101.1200	55.0000	739651.690652
21.8439	-1.2035	3.8723	93.8000	55.0000	739651.690652
21.9440	-1.2035	3.8723	96.2400	55.0000	739651.690652
22.0441	-1.2035	3.8723	103.5600	55.0000	739651.690652
22.1442	-1.2035	3.8723	110.8800	55.0000	739651.690652
22.2443	-1.2035	3.8723	118.2000	55.0000	739651.690652
22.3443	-1.2035	3.8723	125.5200	55.0000	739651.690652
22.4444	-1.2035	3.8723	132.8400	55.0000	739651.690652
22.5445	-1.2035	3.8723	140.1600	55.0000	739651.690652
22.6448	-1.1876	3.8723	142.6000	55.0000	739651.690652
22.7615	-1.1320	3.8723	142.6000	55.0000	739651.690652
22.8616	-1.0843	3.8723	142.6000	55.0000	739651.690652
22.9618	-1.0464	3.8643	142.6000	55.0000	739651.690652
23.0783	-1.0001	3.8611	142.6000	55.0000	739651.690652
23.1784	-0.9349	3.8909	142.6000	55.0000	739651.690652
23.2785	-0.8396	3.9638	142.6000	55.0000	739651.690652
23.3953	-0.7286	4.0492	141.3800	55.0000	739651.690652
23.4954	-0.6982	4.0751	134.0600	55.0000	739651.690652
23.5955	-0.6982	4.0751	126.7400	55.0000	739651.690652
23.7123	-0.6982	4.0751	118.2000	55.0000	739651.690652
23.8290	-0.6982	4.0751	109.6600	55.0000	739651.690652
23.9291	-0.6982	4.0751	102.3400	55.0000	739651.690652
24.0293	-0.6982	4.0751	95.0200	55.0000	739651.690652
24.1460	-0.6982	4.0751	86.4800	55.0000	739651.690652
24.2627	-0.6982	4.0751	77.9400	55.0000	739651.690652
24.3795	-0.6982	4.0751	69.4000	55.0000	739651.690652
24.4796	-0.6982	4.0751	62.0800	55.0000	739651.690652
24.5963	-0.6982	4.0751	53.5400	55.0000	739651.690652
24.6965	-0.6982	4.0751	46.2200	55.0000	739651.690652
24.8132	-0.6982	4.0751	37.6800	55.0000	739651.690652
24.9133	-0.6982	4.0751	30.3600	55.0000	739651.690652
25.0134	-0.6982	4.0751	23.0400	55.0000	739651.690652
25.1135	-0.6982	4.0751	15.7200	55.0000	739651.690652
25.2137	-0.6982	4.0751	8.4000	55.0000	739651.690652
25.3304	-0.6982	4.0751	-0.1400	55.0000	739651.690652
25.4305	-0.6982	4.0751	-7.4600	55.0000	739651.690652
25.5305	-0.6982	4.0751	-14.7800	55.0000	739651.690652
25.6306	-0.6982	4.0751	-22.1000	55.0000	739651.690652
25.7307	-0.6982	4.0751	-29.4200	55.0000	739651.690652
25.8307	-0.6982	4.0751	-36.7400	55.0000	739651.690652
25.9310	-0.6982	4.0751	-44.0600	55.0000	739651.690652
26.0480	-0.6982	4.0751	-52.6000	55.0000	739651.690652
26.1645	-0.6982	4.0751	-61.1400	55.0000	739651.690652
26.2647	-0.6982	4.0751	-68.4600	55.0000	739651.690652
26.3813	-0.6982	4.0751	-77.0000	55.0000	739651.690652
26.4815	-0.6982	4.0751	-84.3200	55.0000	739651.690652
26.5983	-0.6982	4.0751	-89.2000	55.0000	739651.690652
26.6984	-0.6982	4.0751	-89.2000	55.0000	739651.690652
26.8172	-0.6982	4.0751	-89.2000	55.0000	739651.690652
26.9318	-0.6982	4.0751	-89.2000	55.0000	739651.690652
27.0319	-0.6982	4.0751	-84.3200	55.0000	739651.690652
27.1320	-0.6982	4.0751	-77.0000	55.0000	739651.690652
27.2321	-0.6982	4.0751	-69.6800	55.0000	739651.690652
27.3321	-0.6982	4.0751	-62.3600	55.0000	739651.690652
27.4323	-0.6982	4.0751	-55.0400	55.0000	739651.690652
27.5490	-0.6982	4.0751	-46.5000	55.0000	739651.690652
27.6491	-0.6982	4.0751	-39.1800	55.0000	739651.690652
27.7491	-0.6982	4.0751	-31.8600	55.0000	739651.690652
27.8493	-0.7853	4.0260	-29.4200	55.0000	739651.690652
27.9659	-0.8630	3.9731	-29.4200	55.0000	739651.690652
28.0661	-0.8800	3.9381	-29.4200	55.0000	739651.690652
28.1829	-0.9597	3.8743	-29.4200	55.0000	739651.690652
28.2996	-1.0816	3.8055	-29.4200	55.0000	739651.690652
28.3998	-1.1862	3.7466	-29.4200	55.0000	739651.690652
28.5165	-1.3101	3.6816	-24.5400	55.0000	739651.690652
28.6166	-1.4226	3.6400	-17.2200	55.0000	739651.690652
28.7334	-1.5592	3.6101	-8.6800	55.0000	739651.690652
28.8501	-1.6988	3.6009	-0.1400	55.0000	739651.690652
28.9503	-1.8188	3.6031	1.0800	55.0000	739651.690652
29.0670	-1.9587	3.6058	1.0800	55.0000	739651.690652
29.1671	-2.0787	3.6080	1.0800	55.0000	739651.690652
29.2840	-2.2187	3.6107	1.0800	55.0000	739651.690652
29.3841	-2.3387	3.6129	1.0800	55.0000	739651.690652
29.5008	-2.4786	3.6156	1.0800	55.0000	739651.690652
29.6173	-2.6186	3.6182	1.0800	55.0000	739651.690652
29.7176	-2.7384	3.6115	-6.2400	55.0000	739651.690652
29.8344	-2.8756	3.5846	-14.7800	55.0000	739651.690652
29.9345	-2.9891	3.5458	-20.8800	55.0000	739651.690652
30.0512	-3.1199	3.4959	-20.8800	55.0000	739651.690652
30.1513	-3.2320	3.4531	-20.8800	55.0000	739651.690652
30.2680	-3.3628	3.4032	-20.8800	55.0000	739651.690652
30.3681	-3.4750	3.3605	-20.8800	55.0000	739651.690652
30.4682	-3.5871	3.3177	-20.8800	55.0000	739651.690652
30.5683	-3.6992	3.2749	-20.8800	55.0000	739651.690652
30.6684	-3.8113	3.2322	-20.8800	55.0000	739651.690652
30.7685	-3.9234	3.1894	-20.8800	55.0000	739651.690652
30.8687	-4.0356	3.1466	-20.8800	55.0000	739651.690652
30.9855	-4.1664	3.0967	-20.8800	55.0000	739651.690652
31.1023	-4.2972	3.0468	-20.8800	55.0000	739651.690652
31.2189	-4.4280	2.9969	-20.8800	55.0000	739651.690652
31.3192	-4.5401	2.9542	-20.8800	55.0000	739651.690652
31.4357	-4.6709	2.9043	-20.8800	55.0000	739651.690652
31.5359	-4.7830	2.8615	-20.8800	55.0000	739651.690652
31.6360	-4.8951	2.8187	-20.8800	55.0000	739651.690652
31.7529	-5.0074	2.7764	-18.4400	55.0000	739651.690652
31.8697	-5.0074	2.7764	-9.9000	55.0000	739651.690652
31.9863	-5.0074	2.7764	-1.3600	55.0000	739651.690652
32.0865	-5.0074	2.7764	5.9600	55.0000	739651.690652
32.2032	-5.0074	2.7764	14.5000	55.0000	739651.690652
32.3033	-5.0074	2.7764	21.8200	55.0000	739651.690652
32.4200	-5.0074	2.7764	30.3600	55.0000	739651.690652
32.5202	-5.0074	2.7764	37.6800	55.0000	739651.690652
32.6369	-5.0074	2.7764	46.2200	55.0000	739651.690652
32.7538	-5.0074	2.7764	54.7600	55.0000	739651.690652
32.8539	-5.0702	2.8786	59.6400	55.0000	739651.690652
32.9705	-5.1235	2.9635	59.6400	55.0000	739651.690652
33.0873	-5.1943	3.0843	59.6400	55.0000	739651.690652
33.1874	-5.2347	3.1533	59.6400	55.0000	739651.690652
33.2877	-5.2347	3.1533	59.6400	55.0000	739651.690652
33.4044	-5.2347	3.1533	59.6400	55.0000	739651.690652
33.5210	-5.1640	3.0325	59.6400	55.0000	739651.690652
33.6212	-5.1033	2.9290	59.6400	55.0000	739651.690652
33.7380	-5.0326	2.8082	59.6400	55.0000	739651.690652
33.8381	-4.9719	2.7046	59.6400	55.0000	739651.690652
33.9549	-4.9011	2.5838	59.6400	55.0000	739651.690652
34.0715	-4.8304	2.4630	59.6400	55.0000	739651.690652
34.1740	-4.7697	2.3595	59.6400	55.0000	739651.690652
34.2883	-4.6990	2.2387	59.6400	55.0000	739651.690652
34.3884	-4.6383	2.1352	59.6400	55.0000	739651.690652
34.5053	-4.5676	2.0144	59.6400	55.0000	739651.690652
34.6054	-4.5069	1.9108	59.6400	55.0000	739651.690652
34.7220	-4.4361	1.7900	59.6400	55.0000	739651.690652
34.8222	-4.3755	1.6865	59.6400	55.0000	739651.690652
34.9390	-4.3047	1.5657	59.6400	55.0000	739651.690652
35.0557	-4.2340	1.4449	59.6400	55.0000	739651.690652
35.1560	-4.1733	1.3413	59.6400	55.0000	739651.690652
35.2738	-4.1026	1.2205	59.6400	55.0000	739651.690652
35.3739	-4.0621	1.1515	59.6400	55.0000	739651.690652
35.4894	-4.0621	1.1515	59.6400	55.0000	739651.690652
35.5896	-4.0621	1.1515	59.6400	55.0000	739651.690652
35.7063	-4.0621	1.1515	59.6400	55.0000	739651.690652
35.8231	-4.0621	1.1515	64.5200	55.0000	739651.690652
35.9399	-4.0621	1.1515	70.6200	55.0000	739651.690652
36.0565	-4.0621	1.1515	70.6200	55.0000	739651.690652
36.1567	-4.0887	1.2270	70.6200	55.0000	739651.690652
36.2573	-4.1285	1.3402	70.6200	55.0000	739651.690652
36.3577	-4.1683	1.4534	70.6200	55.0000	739651.690652
36.4745	-4.2148	1.5854	70.6200	55.0000	739651.690652
36.5904	-4.2612	1.7175	70.6200	55.0000	739651.690652
36.6906	-4.3010	1.8307	70.6200	55.0000	739651.690652
36.8072	-4.3475	1.9628	70.6200	55.0000	739651.690652
36.9240	-4.3940	2.0948	70.6200	55.0000	739651.690652
37.0241	-4.4338	2.2080	70.6200	55.0000	739651.690652
37.1409	-4.4802	2.3401	70.6200	55.0000	739651.690652
37.2575	-4.5226	2.4734	75.5000	55.0000	739651.690652
37.3579	-4.5439	2.5915	82.8200	55.0000	739651.690652
37.4581	-4.5500	2.7112	90.1400	55.0000	739651.690652
37.5746	-4.5467	2.8512	91.3600	55.0000	739651.690652
37.6750	-4.5438	2.9712	91.3600	55.0000	739651.690652
37.7915	-4.5405	3.1111	91.3600	55.0000	739651.690652
37.8916	-4.5377	3.2311	91.3600	55.0000	739651.690652
37.9917	-4.5348	3.3510	91.3600	55.0000	739651.690652
38.1083	-4.5315	3.4910	91.3600	55.0000	739651.690652
38.2084	-4.5287	3.6110	91.3600	55.0000	739651.690652
38.3086	-4.5258	3.7309	91.3600	55.0000	739651.690652
38.4254	-4.5225	3.8709	91.3600	55.0000	739651.690652
38.5421	-4.5192	4.0109	91.3600	55.0000	739651.690652
38.6588	-4.5158	4.1508	91.3600	55.0000	739651.690652
38.7758	-4.5125	4.2908	91.3600	55.0000	739651.690652
38.8924	-4.5092	4.4307	91.3600	55.0000	739651.690652
38.9947	-4.5063	4.5507	91.3600	55.0000	739651.690652
39.1093	-4.5017	4.6906	93.8000	55.0000	739651.690652
39.2095	-4.4849	4.8093	101.1200	55.0000	739651.690652
39.3260	-4.4464	4.9438	109.6600	55.0000	739651.690652
39.4262	-4.3977	5.0534	116.9800	55.0000	739651.690652
39.5263	-4.3355	5.1559	124.3000	55.0000	739651.690652
39.6264	-4.2996	5.2040	131.6200	55.0000	739651.690652
39.7264	-4.2996	5.2040	138.9400	55.0000	739651.690652
39.8432	-4.2996	5.2040	147.4800	55.0000	739651.690652
39.9600	-4.2996	5.2040	156.0200	55.0000	739651.690652
40.0604	-4.2996	5.2040	163.3400	55.0000	739651.690652
40.1768	-4.2996	5.2040	171.8800	55.0000	739651.690652
40.2948	-4.2996	5.2040	180.4200	55.0000	739651.690652
40.4105	-4.2996	5.2040	188.9600	55.0000	739651.690652
40.5123	-4.2996	5.2040	196.2800	55.0000	739651.690652
40.6273	-4.2996	5.2040	204.8200	55.0000	739651.690652
40.7440	-4.2996	5.2040	213.3600	55.0000	739651.690652
40.8445	-4.2996	5.2040	213.3600	55.0000	739651.690652
40.9612	-4.2996	5.2040	213.3600	55.0000	739651.690652
41.0777	-4.2996	5.2040	213.3600	55.0000	739651.690652
41.1778	-4.2996	5.2040	213.3600	55.0000	739651.690652
41.2779	-4.2996	5.2040	213.3600	55.0000	739651.690652
41.3948	-4.3831	5.2590	213.3600	55.0000	739651.690652
41.5119	-4.3998	5.2700	213.3600	55.0000	739651.690652
41.6122	-4.3998	5.2700	213.3600	55.0000	739651.690652
41.7282	-4.3998	5.2700	213.3600	55.0000	739651.690652
41.8284	-4.3998	5.2700	210.9200	55.0000	739651.690652
41.9451	-4.3998	5.2700	202.3800	55.0000	739651.690652
42.0453	-4.3998	5.2700	195.0600	55.0000	739651.690652
42.1620	-4.3998	5.2700	186.5200	55.0000	739651.690652
42.2621	-4.3998	5.2700	179.2000	55.0000	739651.690652
42.3623	-4.3998	5.2700	174.3200	55.0000	739651.690652
42.4789	-4.3998	5.2700	174.3200	55.0000	739651.690652
42.5790	-4.3799	5.2720	174.3200	55.0000	739651.690652
42.6792	-4.2605	5.2839	174.3200	55.0000	739651.690652
42.7793	-4.1411	5.2957	174.3200	55.0000	739651.690652
42.8795	-4.0217	5.3076	174.3200	55.0000	739651.690652
42.9796	-3.9023	5.3195	174.3200	55.0000	739651.690652
43.0964	-3.7630	5.3333	174.3200	55.0000	739651.690652
43.2129	-3.6237	5.3472	174.3200	55.0000	739651.690652
43.3130	-3.5043	5.3591	174.3200	55.0000	739651.690652
43.4132	-3.3849	5.3709	174.3200	55.0000	739651.690652
43.5132	-3.2654	5.3828	174.3200	55.0000	739651.690652
43.6299	-3.1261	5.3967	174.3200	55.0000	739651.690652
43.7300	-3.0067	5.4086	174.3200	55.0000	739651.690652
43.8301	-2.8873	5.4204	174.3200	55.0000	739651.690652
43.9311	-2.8077	5.4284	174.3200	55.0000	739651.690652
44.0470	-2.8077	5.4284	182.8600	55.0000	739651.690652
44.1472	-2.8077	5.4284	190.1800	55.0000	739651.690652
44.2475	-2.8077	5.4284	197.5000	55.0000	739651.690652
44.3641	-2.8077	5.4284	206.0400	55.0000	739651.690652
44.4807	-2.8077	5.4284	214.5800	55.0000	739651.690652
44.5808	-2.8077	5.4284	221.9000	55.0000	739651.690652
44.6977	-2.8077	5.4284	230.4400	55.0000	739651.690652
44.8143	-2.8077	5.4284	238.9800	55.0000	739651.690652
44.9146	-2.8077	5.4284	246.3000	55.0000	739651.690652
45.0147	-2.8077	5.4284	253.6200	55.0000	739651.690652
45.1314	-2.8077	5.4284	262.1600	55.0000	739651.690652
45.2315	-2.8077	5.4284	269.4800	55.0000	739651.690652
45.3483	-2.8077	5.4284	278.0200	55.0000	739651.690652
45.4649	-2.8077	5.4284	286.5600	55.0000	739651.690652
45.5652	-2.8077	5.4284	291.4400	55.0000	739651.690652
45.6818	-2.8077	5.4284	291.4400	55.0000	739651.690652
45.7819	-2.8077	5.4284	291.4400	55.0000	739651.690652
45.8820	-2.8077	5.4284	291.4400	55.0000	739651.690652
45.9821	-2.8077	5.4284	291.4400	55.0000	739651.690652
46.0988	-2.8077	5.4284	291.4400	55.0000	739651.690652
46.1991	-2.8077	5.4284	291.4400	55.0000	739651.690652
46.3158	-2.8077	5.4284	291.4400	55.0000	739651.690652
46.4158	-2.8077	5.4284	290.2200	55.0000	739651.690652
46.5159	-2.8077	5.4284	282.9000	55.0000	739651.690652
46.6327	-2.8077	5.4284	274.3600	55.0000	739651.690652
46.7327	-2.8077	5.4284	271.9200	55.0000	739651.690652
46.8329	-2.8084	5.4084	271.9200	55.0000	739651.690652
46.9330	-2.8124	5.2884	271.9200	55.0000	739651.690652
47.0497	-2.8171	5.1485	271.9200	55.0000	739651.690652
47.1664	-2.8218	5.0086	271.9200	55.0000	739651.690652
47.2665	-2.8251	4.9086	271.9200	55.0000	739651.690652
47.3668	-2.8251	4.9086	271.9200	55.0000	739651.690652
47.4834	-2.8251	4.9086	275.5800	55.0000	739651.690652
47.6001	-2.8251	4.9086	284.1200	55.0000	739651.690652
47.7003	-2.8251	4.9086	291.4400	55.0000	739651.690652
47.8170	-2.8251	4.9086	299.9800	55.0000	739651.690652
47.9171	-2.8251	4.9086	307.3000	55.0000	739651.690652
48.0172	-2.8251	4.9086	314.6200	55.0000	739651.690652
48.1340	-2.8251	4.9086	323.1600	55.0000	739651.690652
48.2507	-2.8251	4.9086	331.7000	55.0000	739651.690652
48.3676	-2.8251	4.9086	340.2400	55.0000	739651.690652
48.4842	-2.8251	4.9086	348.7800	55.0000	739651.690652
48.5844	-2.8251	4.9086	356.1000	55.0000	739651.690652
48.7012	-2.8251	4.9086	364.6400	55.0000	739651.690652
48.8180	-2.8251	4.9086	373.1800	55.0000	739651.690652
48.9181	-2.8251	4.9086	380.5000	55.0000	739651.690652
49.0348	-2.8251	4.9086	389.0400	55.0000	739651.690652
49.1349	-2.8251	4.9086	396.3600	55.0000	739651.690652
49.2516	-2.8393	4.9228	404.9000	55.0000	739651.690652
49.3518	-2.8772	4.9443	406.1200	55.0000	739651.690652
49.4685	-2.8953	4.9265	406.1200	55.0000	739651.690652
49.5852	-2.9176	4.9019	406.1200	55.0000	739651.690652
49.6853	-2.9438	4.8764	406.1200	55.0000	739651.690652
49.7854	-2.9865	4.8678	406.1200	55.0000	739651.690652
49.8855	-2.9865	4.8678	406.1200	55.0000	739651.690652
49.9856	-2.9865	4.8678	406.1200	55.0000	739651.690652
50.0859	-2.9865	4.8678	406.1200	55.0000	739651.690652
50.1862	-2.9865	4.8678	406.1200	55.0000	739651.690652
50.3026	-2.9310	4.8101	406.1200	55.0000	739651.690652
50.4027	-2.8478	4.7236	406.1200	55.0000	739651.690652
50.5029	-2.7647	4.6371	406.1200	55.0000	739651.690652
50.6195	-2.6676	4.5362	406.1200	55.0000	739651.690652
50.7197	-2.5844	4.4497	406.1200	55.0000	739651.690652
50.8364	-2.4874	4.3488	406.1200	55.0000	739651.690652
50.9365	-2.4042	4.2623	406.1200	55.0000	739651.690652
51.0532	-2.3904	4.2479	406.1200	55.0000	739651.690652
51.1533	-2.3904	4.2479	411.0000	55.0000	739651.690652
51.2534	-2.3904	4.2479	418.3200	55.0000	739651.690652
51.3535	-2.3904	4.2479	425.6400	55.0000	739651.690652
51.4537	-2.3904	4.2479	432.9600	55.0000	739651.690652
51.5703	-2.3904	4.2479	441.5000	55.0000	739651.690652
51.6704	-2.3937	4.2878	445.1600	55.0000	739651.690652
51.7706	-2.4039	4.4073	445.1600	55.0000	739651.690652
51.8874	-2.4157	4.5468	445.1600	55.0000	739651.690652
52.0040	-2.4275	4.6863	445.1600	55.0000	739651.690652
52.1043	-2.4376	4.8059	445.1600	55.0000	739651.690652
52.2210	-2.4494	4.9454	445.1600	55.0000	739651.690652
52.3211	-2.4659	5.0642	439.0600	55.0000	739651.690652
52.4378	-2.4973	5.1799	430.5200	55.0000	739651.690652
52.5380	-2.4973	5.1799	423.2000	55.0000	739651.690652
52.6546	-2.4973	5.1799	414.6600	55.0000	739651.690652
52.7547	-2.4973	5.1799	407.3400	55.0000	739651.690652
52.8548	-2.4973	5.1799	400.0200	55.0000	739651.690652
52.9716	-2.4973	5.1799	391.4800	55.0000	739651.690652
53.0717	-2.4973	5.1799	384.1600	55.0000	739651.690652
53.1884	-2.5733	5.2051	378.0600	55.0000	739651.690652
53.2885	-2.6873	5.2423	378.0600	55.0000	739651.690652
53.3886	-2.8014	5.2795	378.0600	55.0000	739651.690652
53.4888	-2.9155	5.3167	378.0600	55.0000	739651.690652
53.5897	-3.0296	5.3539	378.0600	55.0000	739651.690652
53.7056	-3.1627	5.3973	378.0600	55.0000	739651.690652
53.8057	-3.2768	5.4345	378.0600	55.0000	739651.690652
53.9225	-3.4116	5.4718	371.9600	55.0000	739651.690652
54.0394	-3.5505	5.4890	363.4200	55.0000	739651.690652
54.1395	-3.6704	5.4872	356.1000	55.0000	739651.690652
54.2562	-3.8086	5.4659	347.5600	55.0000	739651.690652
54.3562	-3.9235	5.4314	340.2400	55.0000	739651.690652
54.4731	-4.0506	5.3731	331.7000	55.0000	739651.690652
54.5898	-4.1677	5.2966	323.1600	55.0000	739651.690652
54.6899	-4.2580	5.2177	315.8400	55.0000	739651.690652
54.7904	-4.3376	5.1280	308.5200	55.0000	739651.690652
54.9073	-4.4151	5.0115	299.9800	55.0000	739651.690652
55.0075	-4.4709	4.9053	297.5400	55.0000	739651.690652
55.1243	-4.5357	4.7812	297.5400	55.0000	739651.690652
55.2403	-4.6004	4.6571	297.5400	55.0000	739651.690652
55.3407	-4.6559	4.5507	297.5400	55.0000	739651.690652
55.4573	-4.7206	4.4265	297.5400	55.0000	739651.690652
55.5740	-4.7853	4.3024	297.5400	55.0000	739651.690652
55.6906	-4.8501	4.1782	297.5400	55.0000	739651.690652
55.7909	-4.8686	4.1070	295.1000	55.0000	739651.690652
55.9075	-4.8747	4.0319	286.5600	55.0000	739651.690652
56.0076	-4.8747	3.9733	279.2400	55.0000	739651.690652
56.1243	-4.8749	3.8936	270.7000	55.0000	739651.690652
56.2248	-4.8674	3.7739	263.3800	55.0000	739651.690652
56.3413	-4.8396	3.6368	254.8400	55.0000	739651.690652
56.4414	-4.7997	3.5237	247.5200	55.0000	739651.690652
56.5583	-4.7354	3.3995	238.9800	55.0000	739651.690652
56.6749	-4.6544	3.2854	232.8800	55.0000	739651.690652
56.7752	-4.5820	3.1897	232.8800	55.0000	739651.690652
56.8918	-4.4975	3.0781	232.8800	55.0000	739651.690652
57.0085	-4.4733	3.0462	232.8800	55.0000	739651.690652
57.1087	-4.4733	3.0462	234.1000	55.0000	739651.690652
57.2268	-4.4733	3.0462	242.6400	55.0000	739651.690652
57.3422	-4.4733	3.0462	251.1800	55.0000	739651.690652
57.4423	-4.4733	3.0462	258.5000	55.0000	739651.690652
57.5425	-4.4733	3.0462	265.8200	55.0000	739651.690652
57.6592	-4.4733	3.0462	265.8200	55.0000	739651.690652
57.7593	-4.4646	2.9265	265.8200	55.0000	739651.690652
57.8760	-4.4544	2.7869	265.8200	55.0000	739651.690652
57.9762	-4.4456	2.6672	265.8200	55.0000	739651.690652
58.0928	-4.4354	2.5276	265.8200	55.0000	739651.690652
58.1932	-4.4267	2.4079	265.8200	55.0000	739651.690652
58.3098	-4.4165	2.2683	265.8200	55.0000	739651.690652
58.4267	-4.4064	2.1889	257.2800	55.0000	739651.690652
58.5431	-4.4064	2.1889	248.7400	55.0000	739651.690652
58.6434	-4.4064	2.1889	241.4200	55.0000	739651.690652
58.7434	-4.4064	2.1889	234.1000	55.0000	739651.690652
58.8436	-4.3937	2.1735	230.4400	55.0000	739651.690652
58.9602	-4.3045	2.0656	230.4400	55.0000	739651.690652
59.0604	-4.2281	1.9731	230.4400	55.0000	739651.690652
59.1772	-4.1644	1.8960	230.4400	55.0000	739651.690652
59.2948	-4.0880	1.8034	230.4400	55.0000	739651.690652
59.4108	-3.9988	1.6955	230.4400	55.0000	739651.690652
59.5275	-3.9096	1.5876	230.4400	55.0000	739651.690652
59.6276	-3.8332	1.4951	230.4400	55.0000	739651.690652
59.7279	-3.7565	1.4028	229.2200	55.0000	739651.690652
59.8445	-3.6564	1.3051	220.6800	55.0000	739651.690652
59.9612	-3.5430	1.2232	212.1400	55.0000	739651.690652
60.0614	-3.4370	1.1672	204.8200	55.0000	739651.690652
60.1781	-3.3151	1.1251	196.2800	55.0000	739651.690652
60.2948	-3.2465	1.1251	187.7400	55.0000	739651.690652
60.3951	-3.1867	1.1251	182.8600	55.0000	739651.690652
60.5118	-3.1168	1.1251	182.8600	55.0000	739651.690652
60.6283	-3.0469	1.1251	182.8600	55.0000	739651.690652
60.7285	-2.9580	1.1232	187.7400	55.0000	739651.690652
60.8287	-2.8407	1.0983	195.0600	55.0000	739651.690652
60.9289	-2.7275	1.0586	202.3800	55.0000	739651.690652
61.0454	-2.6032	0.9945	210.9200	55.0000	739651.690652
61.1623	-2.4897	0.9127	219.4600	55.0000	739651.690652
61.2791	-2.3897	0.8149	228.0000	55.0000	739651.690652
61.3792	-2.3163	0.7201	235.3200	55.0000	739651.690652
61.4959	-2.2468	0.5987	243.8600	55.0000	739651.690652
61.5962	-2.2021	0.4874	251.1800	55.0000	739651.690652
61.7128	-2.1852	0.4299	259.7200	55.0000	739651.690652
61.8295	-2.1852	0.4299	268.2600	55.0000	739651.690652
61.9297	-2.1852	0.4299	275.5800	55.0000	739651.690652
62.0298	-2.1852	0.4299	282.9000	55.0000	739651.690652
62.1466	-2.1852	0.4299	291.4400	55.0000	739651.690652
62.2633	-2.1852	0.4299	299.9800	55.0000	739651.690652
62.3799	-2.1852	0.4299	308.5200	55.0000	739651.690652
62.4802	-2.1852	0.4299	315.8400	55.0000	739651.690652
62.5967	-2.1852	0.4299	324.3800	55.0000	739651.690652
62.6970	-2.1852	0.4299	331.7000	55.0000	739651.690652
62.8136	-2.1852	0.4299	340.2400	55.0000	739651.690652
62.9140	-2.2242	0.4208	347.5600	55.0000	739651.690652
63.0305	-2.3609	0.3907	347.5600	55.0000	739651.690652
63.1309	-2.4781	0.3648	347.5600	55.0000	739651.690652
63.2473	-2.6148	0.3347	347.5600	55.0000	739651.690652
63.3475	-2.7320	0.3088	347.5600	55.0000	739651.690652
63.4643	-2.8687	0.2787	347.5600	55.0000	739651.690652
63.5644	-2.9874	0.2616	354.8800	55.0000	739651.690652
63.6815	-3.1273	0.2598	360.9800	55.0000	739651.690652
63.7980	-3.2673	0.2621	360.9800	55.0000	739651.690652
63.8981	-3.3873	0.2642	360.9800	55.0000	739651.690652
64.0148	-3.5272	0.2666	360.9800	55.0000	739651.690652
64.1149	-3.6472	0.2686	360.9800	55.0000	739651.690652
64.2316	-3.7872	0.2710	360.9800	55.0000	739651.690652
64.3318	-3.9072	0.2731	360.9800	55.0000	739651.690652
64.4318	-4.0272	0.2751	360.9800	55.0000	739651.690652
64.5486	-4.1672	0.2775	360.9800	55.0000	739651.690652
64.6488	-4.2871	0.2796	360.9800	55.0000	739651.690652
64.7656	-4.4271	0.2820	360.9800	55.0000	739651.690652
64.8822	-4.5671	0.2844	360.9800	55.0000	739651.690652
64.9825	-4.6871	0.2852	358.5400	55.0000	739651.690652
65.0991	-4.8261	0.2697	350.0000	55.0000	739651.690652
65.1993	-4.9423	0.2402	342.6800	55.0000	739651.690652
65.3159	-5.0735	0.1912	339.0200	55.0000	739651.690652
65.4329	-5.2042	0.1411	339.0200	55.0000	739651.690652
65.5329	-5.2789	0.1268	339.0200	55.0000	739651.690652
65.6330	-5.3349	0.1268	339.0200	55.0000	739651.690652
65.7498	-5.4003	0.1268	339.0200	55.0000	739651.690652
65.8665	-5.4641	0.1312	339.0200	55.0000	739651.690652
65.9668	-5.5479	0.1193	339.0200	55.0000	739651.690652
66.0838	-5.6786	0.0692	339.0200	55.0000	739651.690652
66.1841	-5.7907	0.0262	339.0200	55.0000	739651.690652
66.3002	-5.9214	-0.0239	339.0200	55.0000	739651.690652
66.4169	-6.0521	-0.0740	339.0200	55.0000	739651.690652
66.5171	-6.1641	-0.1170	339.0200	55.0000	739651.690652
