T	X	Y	HEADING	PERPSECTIVE_ANGLE	NOW_NUM
0.1257	0.0000	0.0000	45.0000	55.0000	739651.690652
0.2316	0.0000	0.0000	45.0000	55.0000	739651.690652
0.3317	0.0000	0.0000	45.0000	55.0000	739651.690652
0.4484	0.0000	0.0000	45.0000	55.0000	739651.690652
0.5652	0.0000	0.0000	45.0000	55.0000	739651.690652
0.6653	0.0000	0.0000	45.0000	55.0000	739651.690652
0.7656	0.0000	0.0000	45.0000	55.0000	739651.690652
0.8823	0.0000	0.0000	45.0000	55.0000	739651.690652
0.9989	0.0000	0.0000	38.9000	55.0000	739651.690652
1.0992	0.0000	0.0000	31.5800	55.0000	739651.690652
1.2159	0.0000	0.0000	23.0400	55.0000	739651.690652
1.3161	0.0000	0.0000	19.3800	55.0000	739651.690652
1.4328	0.0000	0.0000	19.3800	55.0000	739651.690652
1.5329	-0.0189	0.0066	19.3800	55.0000	739651.690652
1.6497	-0.1509	0.0531	19.3800	55.0000	739651.690652
1.7498	-0.2641	0.0929	19.3800	55.0000	739651.690652
1.8666	-0.3962	0.1394	19.3800	55.0000	739651.690652
1.9833	-0.5283	0.1858	19.3800	55.0000	739651.690652
2.0999	-0.6603	0.2323	19.3800	55.0000	739651.690652
2.2002	-0.7735	0.2721	19.3800	55.0000	739651.690652
2.3168	-0.9056	0.3186	19.3800	55.0000	739651.690652
2.4171	-1.0188	0.3584	19.3800	55.0000	739651.690652
2.5337	-1.1509	0.4048	19.3800	55.0000	739651.690652
2.6338	-1.2641	0.4447	19.3800	55.0000	739651.690652
2.7506	-1.3963	0.4907	18.1600	55.0000	739651.690652
2.8508	-1.5127	0.5195	10.8400	55.0000	739651.690652
2.9675	-1.6518	0.5340	2.3000	55.0000	739651.690652
3.0842	-1.7918	0.5341	-0.1400	55.0000	739651.690652
3.1843	-1.9118	0.5338	-0.1400	55.0000	739651.690652
3.3011	-2.0518	0.5335	-0.1400	55.0000	739651.690652
3.4178	-2.1918	0.5331	-0.1400	55.0000	739651.690652
3.5345	-2.3318	0.5328	-0.1400	55.0000	739651.690652
3.6348	-2.4518	0.5325	-0.1400	55.0000	739651.690652
3.7515	-2.5918	0.5321	-0.1400	55.0000	739651.690652
3.8517	-2.7118	0.5319	-0.1400	55.0000	739651.690652
3.9683	-2.8518	0.5319	1.0800	55.0000	739651.690652
4.0684	-2.9712	0.5431	8.4000	55.0000	739651.690652
4.1685	-3.0882	0.5694	15.7200	55.0000	739651.690652
4.2851	-3.2191	0.6186	24.2600	55.0000	739651.690652
4.3853	-3.3245	0.6759	31.5800	55.0000	739651.690652
4.5020	-3.4370	0.7590	40.1200	55.0000	739651.690652
4.6021	-3.5227	0.8429	47.4400	55.0000	739651.690652
4.7023	-3.5970	0.9370	54.7600	55.0000	739651.690652
4.8189	-3.6753	1.0531	55.9800	55.0000	739651.690652
4.9191	-3.7424	1.1525	55.9800	55.0000	739651.690652
5.0193	-3.8099	1.2518	54.7600	55.0000	739651.690652
5.1194	-3.8862	1.3443	47.4400	55.0000	739651.690652
5.2360	-3.9893	1.4389	38.9000	55.0000	739651.690652
5.3529	-4.1016	1.5224	36.4600	55.0000	739651.690652
5.4696	-4.2142	1.6056	36.4600	55.0000	739651.690652
5.5862	-4.3265	1.6892	37.6800	55.0000	739651.690652
5.6864	-4.4157	1.7693	45.0000	55.0000	739651.690652
5.7865	-4.4940	1.8602	52.3200	55.0000	739651.690652
5.8866	-4.5600	1.9603	59.6400	55.0000	739651.690652
5.9868	-4.6127	2.0680	66.9600	55.0000	739651.690652
6.1035	-4.6563	2.2009	75.5000	55.0000	739651.690652
6.2036	-4.6776	2.3189	82.8200	55.0000	739651.690652
6.3204	-4.6833	2.4587	91.3600	55.0000	739651.690652
6.4205	-4.6715	2.5780	98.6800	55.0000	739651.690652
6.5372	-4.6387	2.7140	107.2200	55.0000	739651.690652
6.6374	-4.6256	2.7518	114.5400	55.0000	739651.690652
6.7541	-4.6256	2.7518	123.0800	55.0000	739651.690652
6.8542	-4.6256	2.7518	130.4000	55.0000	739651.690652
6.9709	-4.6256	2.7518	138.9400	55.0000	739651.690652
7.0710	-4.6256	2.7518	146.2600	55.0000	739651.690652
7.1878	-4.6256	2.7518	154.8000	55.0000	739651.690652
7.2879	-4.6256	2.7518	162.1200	55.0000	739651.690652
7.4046	-4.6256	2.7518	170.6600	55.0000	739651.690652
7.5047	-4.6256	2.7518	177.9800	55.0000	739651.690652
7.6047	-4.6256	2.7518	185.3000	55.0000	739651.690652
7.7048	-4.6256	2.7518	192.6200	55.0000	739651.690652
7.8050	-4.6256	2.7518	199.9400	55.0000	739651.690652
7.9052	-4.6256	2.7518	207.2600	55.0000	739651.690652
8.0219	-4.6256	2.7518	215.8000	55.0000	739651.690652
8.1221	-4.6110	2.7381	223.1200	55.0000	739651.690652
8.2388	-4.5109	2.6403	224.3400	55.0000	739651.690652
8.3554	-4.4108	2.5424	224.3400	55.0000	739651.690652
8.4557	-4.3250	2.4586	224.3400	55.0000	739651.690652
8.5724	-4.2248	2.3607	224.3400	55.0000	739651.690652
8.6725	-4.1421	2.2739	229.2200	55.0000	739651.690652
8.7893	-4.0601	2.1606	237.7600	55.0000	739651.690652
8.8894	-4.0259	2.1440	245.0800	55.0000	739651.690652
9.0061	-3.9961	2.1305	253.6200	55.0000	739651.690652
9.1230	-3.9933	2.1353	262.1600	55.0000	739651.690652
9.2232	-3.9933	2.1353	269.4800	55.0000	739651.690652
9.3397	-3.9933	2.1353	278.0200	55.0000	739651.690652
9.4399	-3.9933	2.1353	285.3400	55.0000	739651.690652
9.5566	-3.9933	2.1353	293.8800	55.0000	739651.690652
9.6567	-3.9933	2.1353	295.1000	55.0000	739651.690652
9.7735	-4.0150	2.1312	295.1000	55.0000	739651.690652
9.8903	-4.0599	2.1177	295.1000	55.0000	739651.690652
10.0069	-4.1153	2.0565	295.1000	55.0000	739651.690652
10.1071	-4.1662	1.9479	295.1000	55.0000	739651.690652
10.2238	-4.2255	1.8211	295.1000	55.0000	739651.690652
10.3240	-4.2765	1.7124	295.1000	55.0000	739651.690652
10.4408	-4.3276	1.5822	287.7800	55.0000	739651.690652
10.5576	-4.3588	1.4459	279.2400	55.0000	739651.690652
10.6577	-4.3692	1.3264	271.9200	55.0000	739651.690652
10.7744	-4.3620	1.1867	263.3800	55.0000	739651.690652
10.8911	-4.3341	1.0497	254.8400	55.0000	739651.690652
10.9913	-4.2942	0.9366	247.5200	55.0000	739651.690652
11.0914	-4.2402	0.8295	240.2000	55.0000	739651.690652
11.2081	-4.1606	0.7145	231.6600	55.0000	739651.690652
11.3082	-4.0794	0.6262	224.3400	55.0000	739651.690652
11.4250	-3.9715	0.5373	215.8000	55.0000	739651.690652
11.5416	-3.8515	0.4654	207.2600	55.0000	739651.690652
11.6418	-3.7411	0.4186	199.9400	55.0000	739651.690652
11.7419	-3.6256	0.3862	192.6200	55.0000	739651.690652
11.8588	-3.4870	0.3674	184.0800	55.0000	739651.690652
11.9755	-3.3471	0.3693	175.5400	55.0000	739651.690652
12.0757	-3.2286	0.3875	168.2200	55.0000	739651.690652
12.1922	-3.0946	0.4276	159.6800	55.0000	739651.690652
12.2924	-2.9856	0.4775	152.3600	55.0000	739651.690652
12.4091	-2.8676	0.5527	143.8200	55.0000	739651.690652
12.5095	-2.7723	0.6256	142.6000	55.0000	739651.690652
12.6260	-2.6611	0.7106	142.6000	55.0000	739651.690652
12.7429	-2.5499	0.7957	142.6000	55.0000	739651.690652
12.8595	-2.4466	0.8686	142.6000	55.0000	739651.690652
12.9596	-2.3989	0.8686	142.6000	55.0000	739651.690652
13.0764	-2.3433	0.8686	142.6000	55.0000	739651.690652
13.1765	-2.2956	0.8686	142.6000	55.0000	739651.690652
13.2932	-2.2400	0.8686	142.6000	55.0000	739651.690652
13.4104	-2.1844	0.8686	142.6000	55.0000	739651.690652
13.5267	-2.1288	0.8686	142.6000	55.0000	739651.690652
13.6270	-2.0812	0.8686	142.6000	55.0000	739651.690652
13.7436	-2.0368	0.8644	142.6000	55.0000	739651.690652
13.8437	-2.0015	0.8748	142.6000	55.0000	739651.690652
13.9606	-1.9678	0.8750	142.6000	55.0000	739651.690652
14.0771	-1.9134	0.9023	142.6000	55.0000	739651.690652
14.1774	-1.9134	0.9023	142.6000	55.0000	739651.690652
14.2945	-1.9134	0.9023	142.6000	55.0000	739651.690652
14.4112	-1.9134	0.9023	142.6000	55.0000	739651.690652
14.5276	-1.8022	0.9873	142.6000	55.0000	739651.690652
14.6280	-1.7069	1.0602	142.6000	55.0000	739651.690652
14.7445	-1.5957	1.1452	142.6000	55.0000	739651.690652
14.8448	-1.5003	1.2181	142.6000	55.0000	739651.690652
14.9614	-1.4368	1.2667	142.6000	55.0000	739651.690652
15.0615	-1.4368	1.2667	142.6000	55.0000	739651.690652
15.1784	-1.4368	1.2667	142.6000	55.0000	739651.690652
15.2951	-1.4368	1.2667	142.6000	55.0000	739651.690652
15.3953	-1.4368	1.2667	141.3800	55.0000	739651.690652
15.5119	-1.4368	1.2667	132.8400	55.0000	739651.690652
15.6121	-1.4368	1.2667	125.5200	55.0000	739651.690652
15.7288	-1.4368	1.2667	116.9800	55.0000	739651.690652
15.8456	-1.4368	1.2667	108.4400	55.0000	739651.690652
15.9622	-1.4368	1.2667	99.9000	55.0000	739651.690652
16.0624	-1.4368	1.2667	97.4600	55.0000	739651.690652
16.1792	-1.4368	1.2667	97.4600	55.0000	739651.690652
16.2793	-1.4368	1.2667	97.4600	55.0000	739651.690652
16.3961	-1.4342	1.2865	97.4600	55.0000	739651.690652
16.5135	-1.4160	1.4254	97.4600	55.0000	739651.690652
16.6294	-1.3978	1.5642	97.4600	55.0000	739651.690652
16.7297	-1.3823	1.6832	97.4600	55.0000	739651.690652
16.8463	-1.3641	1.8220	97.4600	55.0000	739651.690652
16.9464	-1.3485	1.9410	97.4600	55.0000	739651.690652
17.0465	-1.3329	2.0599	97.4600	55.0000	739651.690652
17.1466	-1.3173	2.1789	97.4600	55.0000	739651.690652
17.2634	-1.2992	2.3177	97.4600	55.0000	739651.690652
17.3635	-1.2836	2.4367	97.4600	55.0000	739651.690652
17.4805	-1.2718	2.5761	91.3600	55.0000	739651.690652
17.5970	-1.2804	2.7157	82.8200	55.0000	739651.690652
17.6971	-1.2954	2.8348	82.8200	55.0000	739651.690652
17.7972	-1.3054	2.9142	82.8200	55.0000	739651.690652
17.9140	-1.3054	2.9142	82.8200	55.0000	739651.690652
18.0148	-1.3054	2.9142	82.8200	55.0000	739651.690652
18.1149	-1.3054	2.9142	82.8200	55.0000	739651.690652
18.2308	-1.3054	2.9142	84.0400	55.0000	739651.690652
18.3309	-1.3054	2.9142	91.3600	55.0000	739651.690652
18.4311	-1.3054	2.9142	98.6800	55.0000	739651.690652
18.5327	-1.3054	2.9142	106.0000	55.0000	739651.690652
18.6479	-1.3054	2.9142	114.5400	55.0000	739651.690652
18.7480	-1.3054	2.9142	121.8600	55.0000	739651.690652
18.8648	-1.3054	2.9142	130.4000	55.0000	739651.690652
18.9815	-1.3054	2.9142	138.9400	55.0000	739651.690652
19.0816	-1.3054	2.9142	146.2600	55.0000	739651.690652
19.1817	-1.3054	2.9142	153.5800	55.0000	739651.690652
19.2818	-1.3054	2.9142	160.9000	55.0000	739651.690652
19.3819	-1.3054	2.9142	168.2200	55.0000	739651.690652
19.4823	-1.3054	2.9142	175.5400	55.0000	739651.690652
19.5988	-1.3054	2.9142	184.0800	55.0000	739651.690652
19.6990	-1.3054	2.9142	191.4000	55.0000	739651.690652
19.8156	-1.3054	2.9142	199.9400	55.0000	739651.690652
19.9158	-1.3054	2.9142	207.2600	55.0000	739651.690652
20.0159	-1.3054	2.9142	214.5800	55.0000	739651.690652
20.1328	-1.3054	2.9142	223.1200	55.0000	739651.690652
20.2329	-1.3054	2.9142	230.4400	55.0000	739651.690652
20.3495	-1.2951	2.8970	238.9800	55.0000	739651.690652
20.4663	-1.2229	2.7770	238.9800	55.0000	739651.690652
20.5663	-1.1611	2.6742	238.9800	55.0000	739651.690652
20.6831	-1.0889	2.5542	238.9800	55.0000	739651.690652
20.8000	-1.0168	2.4342	238.9800	55.0000	739651.690652
20.9166	-0.9446	2.3143	238.9800	55.0000	739651.690652
21.0168	-0.8828	2.2114	238.9800	55.0000	739651.690652
21.1336	-0.8110	2.0912	240.2000	55.0000	739651.690652
21.2337	-0.7593	1.9830	247.5200	55.0000	739651.690652
21.3513	-0.7170	1.8497	256.0600	55.0000	739651.690652
21.4515	-0.6956	1.7317	260.9400	55.0000	739651.690652
21.5673	-0.6736	1.5934	260.9400	55.0000	739651.690652
21.6841	-0.6515	1.4552	260.9400	55.0000	739651.690652
21.8007	-0.6295	1.3169	260.9400	55.0000	739651.690652
21.9009	-0.6106	1.1984	260.9400	55.0000	739651.690652
22.0177	-0.5881	1.0602	259.7200	55.0000	739651.690652
22.1344	-0.5515	0.9252	251.1800	55.0000	739651.690652
22.2346	-0.5045	0.8149	243.8600	55.0000	739651.690652
22.3515	-0.4324	0.6950	235.3200	55.0000	739651.690652
22.4680	-0.3433	0.5872	226.7800	55.0000	739651.690652
22.5683	-0.3004	0.5453	221.9000	55.0000	739651.690652
22.6848	-0.3004	0.5453	221.9000	55.0000	739651.690652
22.7850	-0.3004	0.5453	221.9000	55.0000	739651.690652
22.9017	-0.3004	0.5453	221.9000	55.0000	739651.690652
23.0020	-0.3004	0.5453	221.9000	55.0000	739651.690652
23.1186	-0.3004	0.5453	226.7800	55.0000	739651.690652
23.2188	-0.3004	0.5453	234.1000	55.0000	739651.690652
23.3355	-0.3004	0.5453	242.6400	55.0000	739651.690652
23.4522	-0.3004	0.5453	251.1800	55.0000	739651.690652
23.5524	-0.3004	0.5453	258.5000	55.0000	739651.690652
23.6691	-0.3004	0.5453	267.0400	55.0000	739651.690652
23.7693	-0.3004	0.5453	274.3600	55.0000	739651.690652
23.8859	-0.3004	0.5453	282.9000	55.0000	739651.690652
24.0028	-0.3004	0.5453	291.4400	55.0000	739651.690652
24.1194	-0.3004	0.5453	299.9800	55.0000	739651.690652
24.2196	-0.3004	0.5453	307.3000	55.0000	739651.690652
24.3197	-0.3004	0.5453	314.6200	55.0000	739651.690652
24.4365	-0.3004	0.5453	323.1600	55.0000	739651.690652
24.5533	-0.3004	0.5453	331.7000	55.0000	739651.690652
24.6535	-0.3004	0.5453	339.0200	55.0000	739651.690652
24.7701	-0.3004	0.5453	347.5600	55.0000	739651.690652
24.8869	-0.3004	0.5453	356.1000	55.0000	739651.690652
24.9870	-0.4002	0.5385	356.1000	55.0000	739651.690652
25.1038	-0.5399	0.5289	356.1000	55.0000	739651.690652
25.2204	-0.6796	0.5194	356.1000	55.0000	739651.690652
25.3207	-0.7993	0.5113	356.1000	55.0000	739651.690652
25.4374	-0.9390	0.5017	356.1000	55.0000	739651.690652
25.5542	-1.0786	0.4922	356.1000	55.0000	739651.690652
25.6708	-1.2183	0.4827	356.1000	55.0000	739651.690652
25.7711	-1.3380	0.4745	356.1000	55.0000	739651.690652
25.8878	-1.4777	0.4650	356.1000	55.0000	739651.690652
25.9879	-1.5974	0.4568	356.1000	55.0000	739651.690652
26.1046	-1.7371	0.4473	356.1000	55.0000	739651.690652
26.2047	-1.8568	0.4392	356.1000	55.0000	739651.690652
26.3216	-1.9965	0.4296	356.1000	55.0000	739651.690652
26.4383	-2.1362	0.4214	358.5400	55.0000	739651.690652
26.5385	-2.2560	0.4273	365.8600	55.0000	739651.690652
26.6552	-2.3934	0.4533	374.4000	55.0000	739651.690652
26.7720	-2.5259	0.4983	380.5000	55.0000	739651.690652
26.8721	-2.6383	0.5404	380.5000	55.0000	739651.690652
26.9898	-2.7695	0.5894	380.5000	55.0000	739651.690652
27.1056	-2.9006	0.6384	380.5000	55.0000	739651.690652
27.2221	-3.0317	0.6874	380.5000	55.0000	739651.690652
27.3223	-3.1441	0.7295	380.5000	55.0000	739651.690652
27.4225	-3.2549	0.7754	385.3800	55.0000	739651.690652
27.5392	-3.3795	0.8393	389.0400	55.0000	739651.690652
27.6393	-3.4797	0.9051	396.3600	55.0000	739651.690652
27.7560	-3.5265	0.9427	404.9000	55.0000	739651.690652
27.8563	-3.5265	0.9427	407.3400	55.0000	739651.690652
27.9730	-3.5265	0.9427	407.3400	55.0000	739651.690652
28.0897	-3.5265	0.9427	407.3400	55.0000	739651.690652
28.1899	-3.5265	0.9427	413.4400	55.0000	739651.690652
28.3067	-3.5265	0.9427	421.9800	55.0000	739651.690652
28.4233	-3.5265	0.9427	430.5200	55.0000	739651.690652
28.5235	-3.5265	0.9427	437.8400	55.0000	739651.690652
28.6236	-3.5265	0.9427	445.1600	55.0000	739651.690652
28.7403	-3.5265	0.9427	453.7000	55.0000	739651.690652
28.8571	-3.5265	0.9427	462.2400	55.0000	739651.690652
28.9573	-3.5265	0.9427	469.5600	55.0000	739651.690652
29.0740	-3.5265	0.9427	474.4400	55.0000	739651.690652
29.1741	-3.5265	0.9427	480.5400	55.0000	739651.690652
29.2909	-3.5265	0.9427	489.0800	55.0000	739651.690652
29.3912	-3.5265	0.9427	496.4000	55.0000	739651.690652
29.5088	-3.4940	0.9660	504.9400	55.0000	739651.690652
29.6245	-3.3731	1.0363	513.4800	55.0000	739651.690652
29.7247	-3.2621	1.0817	520.8000	55.0000	739651.690652
29.8413	-3.1282	1.1225	523.2400	55.0000	739651.690652
29.9580	-3.0324	1.1514	523.2400	55.0000	739651.690652
30.0586	-3.0324	1.1514	523.2400	55.0000	739651.690652
30.1749	-3.0324	1.1514	523.2400	55.0000	739651.690652
30.2753	-3.0324	1.1514	523.2400	55.0000	739651.690652
30.3919	-3.0324	1.1514	523.2400	55.0000	739651.690652
30.4921	-3.0324	1.1514	523.2400	55.0000	739651.690652
30.6087	-3.0324	1.1514	523.2400	55.0000	739651.690652
30.7255	-3.0324	1.1514	515.9200	55.0000	739651.690652
30.8420	-3.0324	1.1514	507.3800	55.0000	739651.690652
30.9425	-3.0324	1.1514	500.0600	55.0000	739651.690652
31.0590	-3.0056	1.1810	491.5200	55.0000	739651.690652
31.1592	-2.9330	1.2765	484.2000	55.0000	739651.690652
31.2760	-2.8645	1.3984	475.6600	55.0000	739651.690652
31.3928	-2.8149	1.5292	467.1200	55.0000	739651.690652
31.5094	-2.7852	1.6659	458.5800	55.0000	739651.690652
31.6095	-2.7762	1.7855	451.2600	55.0000	739651.690652
31.7096	-2.7825	1.9052	443.9400	55.0000	739651.690652
31.8111	-2.7977	2.0243	442.7200	55.0000	739651.690652
31.9265	-2.8197	2.1625	437.8400	55.0000	739651.690652
32.0431	-2.8582	2.2970	432.9600	55.0000	739651.690652
32.1446	-2.8699	2.3735	432.9600	55.0000	739651.690652
32.2608	-2.8699	2.4404	432.9600	55.0000	739651.690652
32.3770	-2.8699	2.5074	432.9600	55.0000	739651.690652
32.4936	-2.8699	2.5743	432.9600	55.0000	739651.690652
32.5937	-2.8699	2.6316	432.9600	55.0000	739651.690652
32.7104	-2.8699	2.6986	432.9600	55.0000	739651.690652
32.8274	-2.8699	2.7655	432.9600	55.0000	739651.690652
32.9439	-2.8699	2.8324	432.9600	55.0000	739651.690652
33.0441	-2.8699	2.8898	432.9600	55.0000	739651.690652
33.1609	-2.8699	2.9567	432.9600	55.0000	739651.690652
33.2775	-2.8845	3.0514	431.7400	55.0000	739651.690652
33.3777	-2.9057	3.1075	424.4200	55.0000	739651.690652
33.4778	-2.9057	3.1075	417.1000	55.0000	739651.690652
33.5780	-2.9057	3.1075	409.7800	55.0000	739651.690652
33.6947	-2.9057	3.1075	407.3400	55.0000	739651.690652
33.8115	-2.9057	3.1075	407.3400	55.0000	739651.690652
33.9282	-2.9057	3.1075	407.3400	55.0000	739651.690652
34.0284	-2.9057	3.1075	409.7800	55.0000	739651.690652
34.1289	-2.9057	3.1075	417.1000	55.0000	739651.690652
34.2452	-2.9057	3.1075	425.6400	55.0000	739651.690652
34.3619	-2.9057	3.1075	434.1800	55.0000	739651.690652
34.4787	-2.9057	3.1075	442.7200	55.0000	739651.690652
34.5789	-2.9057	3.1075	445.1600	55.0000	739651.690652
34.6956	-2.9056	3.2474	453.7000	55.0000	739651.690652
34.7957	-2.8890	3.3661	461.0200	55.0000	739651.690652
34.9124	-2.8507	3.5007	469.5600	55.0000	739651.690652
35.0125	-2.8061	3.6121	472.0000	55.0000	739651.690652
35.1126	-2.7911	3.6492	472.0000	55.0000	739651.690652
35.2292	-2.7911	3.6492	469.5600	55.0000	739651.690652
35.3315	-2.7911	3.6492	462.2400	55.0000	739651.690652
35.4460	-2.7911	3.6492	453.7000	55.0000	739651.690652
35.5463	-2.7911	3.6492	446.3800	55.0000	739651.690652
35.6483	-2.7911	3.6492	439.0600	55.0000	739651.690652
35.7631	-2.7911	3.6492	430.5200	55.0000	739651.690652
35.8798	-2.7911	3.6492	421.9800	55.0000	739651.690652
35.9966	-2.7911	3.6492	413.4400	55.0000	739651.690652
36.0967	-2.8185	3.6783	406.1200	55.0000	739651.690652
36.1967	-2.9076	3.7586	400.0200	55.0000	739651.690652
36.2970	-2.9995	3.8358	400.0200	55.0000	739651.690652
36.4136	-3.1067	3.9258	400.0200	55.0000	739651.690652
36.5138	-3.1986	4.0030	400.0200	55.0000	739651.690652
36.6305	-3.3058	4.0930	400.0200	55.0000	739651.690652
36.7306	-3.3977	4.1702	400.0200	55.0000	739651.690652
36.8308	-3.3977	4.1702	400.0200	55.0000	739651.690652
36.9481	-3.3977	4.1702	400.0200	55.0000	739651.690652
37.0642	-3.3977	4.1702	402.4600	55.0000	739651.690652
37.1646	-3.3977	4.1702	409.7800	55.0000	739651.690652
37.2811	-3.3977	4.1702	418.3200	55.0000	739651.690652
37.3978	-3.3977	4.1702	426.8600	55.0000	739651.690652
37.4981	-3.3977	4.1702	434.1800	55.0000	739651.690652
37.6147	-3.3977	4.1702	442.7200	55.0000	739651.690652
37.7149	-3.3977	4.1702	450.0400	55.0000	739651.690652
37.8152	-3.3977	4.1702	457.3600	55.0000	739651.690652
37.9316	-3.3977	4.1702	465.9000	55.0000	739651.690652
38.0320	-3.3977	4.1702	473.2200	55.0000	739651.690652
38.1487	-3.3977	4.1702	481.7600	55.0000	739651.690652
38.2654	-3.3977	4.1702	490.3000	55.0000	739651.690652
38.3821	-3.3977	4.1702	498.8400	55.0000	739651.690652
38.4822	-3.3811	4.1813	506.1600	55.0000	739651.690652
38.5823	-3.2814	4.2482	506.1600	55.0000	739651.690652
38.6825	-3.1818	4.3150	506.1600	55.0000	739651.690652
38.7992	-3.0655	4.3929	506.1600	55.0000	739651.690652
38.9159	-2.9492	4.4709	506.1600	55.0000	739651.690652
39.0161	-2.9160	4.4932	506.1600	55.0000	739651.690652
39.1162	-2.9990	4.4375	506.1600	55.0000	739651.690652
39.2328	-3.0489	4.4041	506.1600	55.0000	739651.690652
39.3331	-3.0489	4.4041	506.1600	55.0000	739651.690652
39.4497	-3.0489	4.4041	506.1600	55.0000	739651.690652
39.5665	-3.0489	4.4041	506.1600	55.0000	739651.690652
39.6666	-3.0489	4.4041	501.2800	55.0000	739651.690652
39.7667	-3.0489	4.4041	493.9600	55.0000	739651.690652
39.8668	-3.0489	4.4041	486.6400	55.0000	739651.690652
39.9834	-2.9753	4.5230	478.1000	55.0000	739651.690652
40.0835	-2.9268	4.6327	470.7800	55.0000	739651.690652
40.1838	-2.9079	4.6897	463.4600	55.0000	739651.690652
40.3004	-2.9079	4.6897	462.2400	55.0000	739651.690652
40.4006	-2.9079	4.6897	462.2400	55.0000	739651.690652
40.5007	-2.9079	4.6897	462.2400	55.0000	739651.690652
40.6175	-2.9079	4.6897	462.2400	55.0000	739651.690652
40.7343	-2.9079	4.6897	462.2400	55.0000	739651.690652
40.8509	-2.8867	4.7874	462.2400	55.0000	739651.690652
40.9510	-2.8613	4.9046	462.2400	55.0000	739651.690652
41.0512	-2.8358	5.0219	462.2400	55.0000	739651.690652
41.1680	-2.8062	5.1587	462.2400	55.0000	739651.690652
41.2847	-2.7934	5.2174	458.5800	55.0000	739651.690652
41.3850	-2.7934	5.2174	451.2600	55.0000	739651.690652
41.5015	-2.7934	5.2174	442.7200	55.0000	739651.690652
41.6017	-2.7934	5.2174	435.4000	55.0000	739651.690652
41.7186	-2.7934	5.2174	426.8600	55.0000	739651.690652
41.8352	-2.7934	5.2174	418.3200	55.0000	739651.690652
41.9353	-2.7934	5.2174	411.0000	55.0000	739651.690652
42.0521	-2.8368	5.2588	402.4600	55.0000	739651.690652
42.1688	-2.9477	5.3441	393.9200	55.0000	739651.690652
42.2690	-3.0519	5.4034	386.6000	55.0000	739651.690652
42.3691	-3.1439	5.4424	379.2800	55.0000	739651.690652
42.4858	-3.1439	5.4424	370.7400	55.0000	739651.690652
42.5861	-3.1439	5.4424	363.4200	55.0000	739651.690652
42.7026	-3.1439	5.4424	363.4200	55.0000	739651.690652
42.8028	-3.1439	5.4424	363.4200	55.0000	739651.690652
42.9195	-3.1439	5.4424	363.4200	55.0000	739651.690652
43.0364	-3.1439	5.4424	363.4200	55.0000	739651.690652
43.1530	-3.1439	5.4424	363.4200	55.0000	739651.690652
43.2531	-3.1439	5.4424	363.4200	55.0000	739651.690652
43.3533	-3.1439	5.4424	363.4200	55.0000	739651.690652
43.4701	-3.1439	5.4424	356.1000	55.0000	739651.690652
43.5867	-3.1439	5.4424	347.5600	55.0000	739651.690652
43.6870	-3.1439	5.4424	340.2400	55.0000	739651.690652
43.8036	-3.1439	5.4424	331.7000	55.0000	739651.690652
43.9205	-3.1439	5.4424	323.1600	55.0000	739651.690652
44.0370	-3.1439	5.4424	314.6200	55.0000	739651.690652
44.1372	-3.1439	5.4424	307.3000	55.0000	739651.690652
44.2373	-3.1439	5.4424	299.9800	55.0000	739651.690652
44.3375	-3.1439	5.4424	292.6600	55.0000	739651.690652
44.4542	-3.1439	5.4424	284.1200	55.0000	739651.690652
44.5711	-3.1439	5.4424	275.5800	55.0000	739651.690652
44.6876	-3.1439	5.4424	267.0400	55.0000	739651.690652
44.7879	-3.1439	5.4424	259.7200	55.0000	739651.690652
44.9046	-3.1375	5.4235	251.1800	55.0000	739651.690652
45.0048	-3.0905	5.3132	243.8600	55.0000	739651.690652
45.1215	-3.0184	5.1933	235.3200	55.0000	739651.690652
45.2382	-2.9400	5.1236	229.2200	55.0000	739651.690652
45.3385	-2.8616	5.0327	229.2200	55.0000	739651.690652
45.4550	-2.7701	4.9267	229.2200	55.0000	739651.690652
45.5552	-2.6918	4.8359	229.2200	55.0000	739651.690652
45.6554	-2.6134	4.7450	229.2200	55.0000	739651.690652
45.7720	-2.5223	4.6387	230.4400	55.0000	739651.690652
45.8888	-2.4427	4.5237	238.9800	55.0000	739651.690652
45.9891	-2.3887	4.4166	246.3000	55.0000	739651.690652
46.1058	-2.3436	4.2842	254.8400	55.0000	739651.690652
46.2224	-2.3186	4.1466	263.3800	55.0000	739651.690652
46.3228	-2.3137	4.0268	270.7000	55.0000	739651.690652
46.4393	-2.3273	3.8876	279.2400	55.0000	739651.690652
46.5396	-2.3553	3.7709	286.5600	55.0000	739651.690652
46.6561	-2.4065	3.6408	295.1000	55.0000	739651.690652
46.7731	-2.4708	3.5164	297.5400	55.0000	739651.690652
46.8896	-2.5355	3.3923	297.5400	55.0000	739651.690652
46.9899	-2.5540	3.3568	297.5400	55.0000	739651.690652
47.1065	-2.5540	3.3568	297.5400	55.0000	739651.690652
47.2067	-2.5540	3.3568	297.5400	55.0000	739651.690652
47.3069	-2.5540	3.3568	297.5400	55.0000	739651.690652
47.4235	-2.5540	3.3568	297.5400	55.0000	739651.690652
47.5237	-2.5725	3.3214	293.8800	55.0000	739651.690652
47.6404	-2.5725	3.3214	285.3400	55.0000	739651.690652
47.7573	-2.5725	3.3214	276.8000	55.0000	739651.690652
47.8738	-2.5725	3.3214	268.2600	55.0000	739651.690652
47.9740	-2.5688	3.2815	264.6000	55.0000	739651.690652
48.0741	-2.5575	3.1621	264.6000	55.0000	739651.690652
48.1909	-2.5443	3.0227	264.6000	55.0000	739651.690652
48.2910	-2.5330	2.9032	264.6000	55.0000	739651.690652
48.4078	-2.5198	2.7638	264.6000	55.0000	739651.690652
48.5245	-2.5066	2.6245	264.6000	55.0000	739651.690652
48.6248	-2.4954	2.5050	264.6000	55.0000	739651.690652
48.7413	-2.4847	2.3654	268.2600	55.0000	739651.690652
48.8415	-2.4900	2.2456	275.5800	55.0000	739651.690652
48.9584	-2.5154	2.1081	284.1200	55.0000	739651.690652
49.0751	-2.5610	1.9758	292.6600	55.0000	739651.690652
49.1917	-2.6256	1.8518	301.2000	55.0000	739651.690652
49.2919	-2.6952	1.7541	308.5200	55.0000	739651.690652
49.4086	-2.7913	1.6525	317.0600	55.0000	739651.690652
49.5088	-2.8849	1.5776	324.3800	55.0000	739651.690652
49.6255	-3.0052	1.5061	332.9200	55.0000	739651.690652
49.7257	-3.1157	1.4596	340.2400	55.0000	739651.690652
49.8427	-3.2484	1.4151	341.4600	55.0000	739651.690652
49.9589	-3.3812	1.3706	341.4600	55.0000	739651.690652
50.0592	-3.4945	1.3312	339.0200	55.0000	739651.690652
50.1762	-3.6030	1.2801	330.4800	55.0000	739651.690652
50.2927	-3.6030	1.2801	321.9400	55.0000	739651.690652
50.3928	-3.6030	1.2801	314.6200	55.0000	739651.690652
50.4929	-3.6030	1.2801	307.3000	55.0000	739651.690652
50.6096	-3.6030	1.2801	298.7600	55.0000	739651.690652
50.7098	-3.6030	1.2801	291.4400	55.0000	739651.690652
50.8266	-3.6030	1.2801	282.9000	55.0000	739651.690652
50.9267	-3.6030	1.2801	275.5800	55.0000	739651.690652
51.0434	-3.6030	1.2801	267.0400	55.0000	739651.690652
51.1603	-3.5954	1.2408	258.5000	55.0000	739651.690652
51.2768	-3.5560	1.1066	249.9600	55.0000	739651.690652
51.3771	-3.5066	0.9973	242.6400	55.0000	739651.690652
51.4936	-3.4320	0.8790	234.1000	55.0000	739651.690652
51.5939	-3.3546	0.7873	226.7800	55.0000	739651.690652
51.7106	-3.2505	0.6939	218.2400	55.0000	739651.690652
51.8108	-3.1511	0.6269	210.9200	55.0000	739651.690652
51.9276	-3.0254	0.5655	202.3800	55.0000	739651.690652
52.0443	-2.8920	0.5235	193.8400	55.0000	739651.690652
52.1445	-2.7738	0.5035	186.5200	55.0000	739651.690652
52.2613	-2.6339	0.4995	177.9800	55.0000	739651.690652
52.3780	-2.4940	0.5045	177.9800	55.0000	739651.690652
52.4780	-2.3741	0.5087	177.9800	55.0000	739651.690652
52.5782	-2.2542	0.5129	177.9800	55.0000	739651.690652
52.6948	-2.1143	0.5179	177.9800	55.0000	739651.690652
52.8117	-1.9743	0.5228	177.9800	55.0000	739651.690652
52.9117	-1.8544	0.5270	177.9800	55.0000	739651.690652
53.0285	-1.7145	0.5320	177.9800	55.0000	739651.690652
53.1286	-1.5946	0.5362	177.9800	55.0000	739651.690652
53.2454	-1.4547	0.5411	177.9800	55.0000	739651.690652
53.3622	-1.3149	0.5371	185.3000	55.0000	739651.690652
53.4624	-1.1966	0.5172	192.6200	55.0000	739651.690652
53.5790	-1.0632	0.4751	201.1600	55.0000	739651.690652
53.6958	-0.9375	0.4137	209.7000	55.0000	739651.690652
53.8124	-0.8224	0.3343	218.2400	55.0000	739651.690652
53.9126	-0.7340	0.2533	225.5600	55.0000	739651.690652
54.0127	-0.6566	0.1617	232.8800	55.0000	739651.690652
54.1295	-0.6280	0.1290	241.4200	55.0000	739651.690652
54.2462	-0.6280	0.1290	249.9600	55.0000	739651.690652
54.3466	-0.6280	0.1290	249.9600	55.0000	739651.690652
54.4648	-0.6280	0.1290	249.9600	55.0000	739651.690652
54.5813	-0.6280	0.1290	248.7400	55.0000	739651.690652
54.6966	-0.6280	0.1290	240.2000	55.0000	739651.690652
54.7967	-0.6280	0.1290	232.8800	55.0000	739651.690652
54.8967	-0.6280	0.1290	225.5600	55.0000	739651.690652
54.9969	-0.6280	0.1290	218.2400	55.0000	739651.690652
55.0970	-0.5944	0.1290	210.9200	55.0000	739651.690652
55.2137	-0.5404	0.1318	202.3800	55.0000	739651.690652
55.3305	-0.4590	0.1206	193.8400	55.0000	739651.690652
55.4307	-0.3415	0.0965	191.4000	55.0000	739651.690652
55.5474	-0.2042	0.0688	191.4000	55.0000	739651.690652
55.6642	-0.1258	0.0530	191.4000	55.0000	739651.690652
55.7642	-0.2434	0.0767	191.4000	55.0000	739651.690652
55.8645	-0.2630	0.0807	191.4000	55.0000	739651.690652
55.9646	-0.2630	0.0807	191.4000	55.0000	739651.690652
56.0811	-0.2630	0.0807	191.4000	55.0000	739651.690652
56.1813	-0.2630	0.0807	184.0800	55.0000	739651.690652
56.2979	-0.2630	0.0807	175.5400	55.0000	739651.690652
56.4147	-0.2630	0.0807	167.0000	55.0000	739651.690652
56.5149	-0.2630	0.0807	159.6800	55.0000	739651.690652
56.6315	-0.2630	0.0807	151.1400	55.0000	739651.690652
56.7317	-0.2630	0.0807	143.8200	55.0000	739651.690652
56.8318	-0.2630	0.0807	136.5000	55.0000	739651.690652
56.9320	-0.2630	0.0807	129.1800	55.0000	739651.690652
57.0485	-0.2630	0.0807	120.6400	55.0000	739651.690652
57.1486	-0.2630	0.0807	113.3200	55.0000	739651.690652
57.2489	-0.2630	0.0807	106.0000	55.0000	739651.690652
57.3489	-0.2630	0.0807	98.6800	55.0000	739651.690652
57.4657	-0.2630	0.0807	90.1400	55.0000	739651.690652
57.5658	-0.2630	0.0807	82.8200	55.0000	739651.690652
57.6658	-0.2726	0.1195	75.5000	55.0000	739651.690652
57.7826	-0.3191	0.2514	66.9600	55.0000	739651.690652
57.8827	-0.3741	0.3580	59.6400	55.0000	739651.690652
57.9828	-0.4422	0.4567	52.3200	55.0000	739651.690652
58.0831	-0.5156	0.5516	52.3200	55.0000	739651.690652
58.1996	-0.6011	0.6624	52.3200	55.0000	739651.690652
58.2999	-0.6745	0.7574	52.3200	55.0000	739651.690652
58.4000	-0.7478	0.8524	52.3200	55.0000	739651.690652
58.5167	-0.8334	0.9632	52.3200	55.0000	739651.690652
58.6168	-0.9068	1.0582	52.3200	55.0000	739651.690652
58.7336	-0.9920	1.1692	53.5400	55.0000	739651.690652
58.8503	-1.0653	1.2884	62.0800	55.0000	739651.690652
58.9505	-1.1134	1.3982	69.4000	55.0000	739651.690652
59.0672	-1.1554	1.5318	73.0600	55.0000	739651.690652
59.1838	-1.1962	1.6657	73.0600	55.0000	739651.690652
59.2841	-1.2311	1.7805	73.0600	55.0000	739651.690652
59.3842	-1.2661	1.8953	73.0600	55.0000	739651.690652
59.5011	-1.3069	2.0292	73.0600	55.0000	739651.690652
59.6012	-1.3418	2.1440	73.0600	55.0000	739651.690652
59.7199	-1.3826	2.2779	73.0600	55.0000	739651.690652
59.8346	-1.4234	2.4118	73.0600	55.0000	739651.690652
59.9512	-1.4556	2.5480	80.3800	55.0000	739651.690652
60.0515	-1.4667	2.6674	87.7000	55.0000	739651.690652
60.1682	-1.4604	2.8071	96.2400	55.0000	739651.690652
60.2683	-1.4386	2.9250	103.5600	55.0000	739651.690652
60.3850	-1.3943	3.0577	112.1000	55.0000	739651.690652
60.4851	-1.3411	3.1651	119.4200	55.0000	739651.690652
60.6018	-1.2622	3.2807	127.9600	55.0000	739651.690652
60.7019	-1.1816	3.3695	135.2800	55.0000	739651.690652
60.8190	-1.0904	3.4473	143.8200	55.0000	739651.690652
60.9196	-1.0904	3.4473	151.1400	55.0000	739651.690652
61.0355	-1.0904	3.4473	159.6800	55.0000	739651.690652
61.1358	-1.0904	3.4473	167.0000	55.0000	739651.690652
61.2527	-1.0904	3.4473	175.5400	55.0000	739651.690652
61.3693	-1.0904	3.4473	184.0800	55.0000	739651.690652
61.4694	-1.0904	3.4473	191.4000	55.0000	739651.690652
61.5861	-1.0904	3.4473	199.9400	55.0000	739651.690652
61.6864	-1.0904	3.4473	207.2600	55.0000	739651.690652
61.8030	-1.0904	3.4473	215.8000	55.0000	739651.690652
61.9031	-1.0904	3.4473	223.1200	55.0000	739651.690652
62.0198	-1.0904	3.4473	231.6600	55.0000	739651.690652
62.1200	-1.0904	3.4473	238.9800	55.0000	739651.690652
62.2366	-1.0904	3.4473	247.5200	55.0000	739651.690652
62.3368	-1.0904	3.4473	254.8400	55.0000	739651.690652
62.4535	-1.0904	3.4473	263.3800	55.0000	739651.690652
62.5536	-1.0888	3.3673	270.7000	55.0000	739651.690652
62.6704	-1.0905	3.2273	270.7000	55.0000	739651.690652
62.7872	-1.0922	3.0873	270.7000	55.0000	739651.690652
62.9039	-1.1114	3.0629	270.7000	55.0000	739651.690652
63.0040	-1.1254	3.0094	270.7000	55.0000	739651.690652
63.1209	-1.1271	2.8694	270.7000	55.0000	739651.690652
63.2374	-1.1289	2.7295	270.7000	55.0000	739651.690652
63.3381	-1.1303	2.6095	270.7000	55.0000	739651.690652
63.4544	-1.1320	2.4695	270.7000	55.0000	739651.690652
63.5545	-1.1335	2.3495	270.7000	55.0000	739651.690652
63.6712	-1.1352	2.2095	270.7000	55.0000	739651.690652
63.7713	-1.1367	2.0895	270.7000	55.0000	739651.690652
63.8714	-1.1386	1.9695	271.9200	55.0000	739651.690652
63.9715	-1.1515	1.8503	279.2400	55.0000	739651.690652
64.0882	-1.1856	1.7147	287.7800	55.0000	739651.690652
64.2050	-1.2395	1.5856	296.3200	55.0000	739651.690652
64.3054	-1.2927	1.4780	296.3200	55.0000	739651.690652
64.4220	-1.3371	1.3884	296.3200	55.0000	739651.690652
64.5387	-1.3548	1.3525	296.3200	55.0000	739651.690652
64.6560	-1.4169	1.2270	296.3200	55.0000	739651.690652
64.7721	-1.4789	1.1016	296.3200	55.0000	739651.690652
64.8724	-1.5321	0.9940	296.3200	55.0000	739651.690652
64.9890	-1.5942	0.8685	296.3200	55.0000	739651.690652
65.0892	-1.6552	0.7653	303.6400	55.0000	739651.690652
65.2060	-1.7158	0.6858	312.1800	55.0000	739651.690652
65.3060	-1.7158	0.6858	319.5000	55.0000	739651.690652
65.4062	-1.7158	0.6858	326.8200	55.0000	739651.690652
65.5228	-1.7158	0.6858	335.3600	55.0000	739651.690652
65.6230	-1.7158	0.6858	342.6800	55.0000	739651.690652
65.7396	-1.7158	0.6858	351.2200	55.0000	739651.690652
65.8397	-1.7158	0.6858	358.5400	55.0000	739651.690652
65.9400	-1.7158	0.6858	360.9800	55.0000	739651.690652
66.0567	-1.7558	0.6865	360.9800	55.0000	739651.690652
66.1568	-1.8758	0.6885	360.9800	55.0000	739651.690652
66.2735	-2.0158	0.6909	360.9800	55.0000	739651.690652
66.3737	-2.1358	0.6930	360.9800	55.0000	739651.690652
66.4904	-2.2757	0.6954	360.9800	55.0000	739651.690652
66.6071	-2.4157	0.6977	360.9800	55.0000	739651.690652
66.7073	-2.5357	0.6998	360.9800	55.0000	739651.690652
66.8239	-2.6757	0.7022	360.9800	55.0000	739651.690652
66.9241	-2.7957	0.7042	360.9800	55.0000	739651.690652
67.0409	-2.9356	0.7066	360.9800	55.0000	739651.690652
67.1576	-3.0756	0.7090	360.9800	55.0000	739651.690652
67.2578	-3.1956	0.7111	360.9800	55.0000	739651.690652
67.3744	-3.3356	0.7135	360.9800	55.0000	739651.690652
67.4746	-3.4556	0.7155	360.9800	55.0000	739651.690652
67.5914	-3.5955	0.7179	360.9800	55.0000	739651.690652
67.6915	-3.6755	0.7193	360.9800	55.0000	739651.690652
67.8082	-3.6755	0.7193	360.9800	55.0000	739651.690652
67.9249	-3.6755	0.7193	360.9800	55.0000	739651.690652
68.0250	-3.6755	0.7193	360.9800	55.0000	739651.690652
68.1252	-3.6755	0.7193	364.6400	55.0000	739651.690652
68.2252	-3.6755	0.7193	371.9600	55.0000	739651.690652
68.3253	-3.6755	0.7193	379.2800	55.0000	739651.690652
68.4254	-3.6755	0.7193	386.6000	55.0000	739651.690652
68.5255	-3.6755	0.7193	393.9200	55.0000	739651.690652
68.6256	-3.7059	0.7453	401.2400	55.0000	739651.690652
68.7258	-3.7191	0.7603	408.5600	55.0000	739651.690652
68.8259	-3.7916	0.8559	415.8800	55.0000	739651.690652
68.9428	-3.8599	0.9779	424.4200	55.0000	739651.690652
69.0594	-3.9203	1.1042	424.4200	55.0000	739651.690652
69.1597	-3.9722	1.2125	424.4200	55.0000	739651.690652
69.2762	-4.0326	1.3387	424.4200	55.0000	739651.690652
69.3763	-4.0844	1.4470	424.4200	55.0000	739651.690652
69.4932	-4.1449	1.5733	424.4200	55.0000	739651.690652
69.5939	-4.1967	1.6815	424.4200	55.0000	739651.690652
69.7099	-4.2532	1.8095	429.3000	55.0000	739651.690652
69.8100	-4.2599	1.8283	436.6200	55.0000	739651.690652
69.9101	-4.2599	1.8283	443.9400	55.0000	739651.690652
70.0271	-4.2599	1.8283	452.4800	55.0000	739651.690652
70.1272	-4.2599	1.8283	459.8000	55.0000	739651.690652
70.2274	-4.2599	1.8283	467.1200	55.0000	739651.690652
70.3437	-4.2599	1.8283	475.6600	55.0000	739651.690652
70.4438	-4.2599	1.8283	482.9800	55.0000	739651.690652
70.5440	-4.2599	1.8283	490.3000	55.0000	739651.690652
70.6607	-4.2599	1.8283	498.8400	55.0000	739651.690652
70.7608	-4.2599	1.8283	506.1600	55.0000	739651.690652
70.8609	-4.2599	1.8283	513.4800	55.0000	739651.690652
70.9610	-4.2599	1.8283	520.8000	55.0000	739651.690652
71.0611	-4.2599	1.8283	528.1200	55.0000	739651.690652
71.1613	-4.2599	1.8283	535.4400	55.0000	739651.690652
71.2614	-4.2599	1.8283	542.7600	55.0000	739651.690652
71.3615	-4.2599	1.8283	550.0800	55.0000	739651.690652
71.4795	-4.1614	1.8108	550.0800	55.0000	739651.690652
71.5949	-4.0236	1.7863	550.0800	55.0000	739651.690652
71.6950	-3.9055	1.7653	550.0800	55.0000	739651.690652
71.7951	-3.7873	1.7443	550.0800	55.0000	739651.690652
71.9120	-3.6495	1.7198	550.0800	55.0000	739651.690652
72.0287	-3.5116	1.6953	550.0800	55.0000	739651.690652
72.1288	-3.3931	1.6768	546.4200	55.0000	739651.690652
72.2456	-3.2533	1.6688	542.7600	55.0000	739651.690652
72.3622	-3.1134	1.6685	536.6600	55.0000	739651.690652
72.4624	-2.9946	1.6844	529.3400	55.0000	739651.690652
72.5626	-2.8787	1.7152	522.0200	55.0000	739651.690652
72.6793	-2.7498	1.7696	513.4800	55.0000	739651.690652
72.7959	-2.6803	1.8091	504.9400	55.0000	739651.690652
72.8961	-2.6803	1.8091	497.6200	55.0000	739651.690652
72.9980	-2.6803	1.8091	490.3000	55.0000	739651.690652
73.1129	-2.6803	1.8091	481.7600	55.0000	739651.690652
73.2297	-2.6803	1.8091	473.2200	55.0000	739651.690652
73.3466	-2.6803	1.8091	464.6800	55.0000	739651.690652
73.4467	-2.6803	1.8091	457.3600	55.0000	739651.690652
73.5634	-2.6807	1.8290	448.8200	55.0000	739651.690652
73.6801	-2.6865	1.9689	447.6000	55.0000	739651.690652
73.7802	-2.6916	2.0888	447.6000	55.0000	739651.690652
73.8803	-2.6966	2.2087	447.6000	55.0000	739651.690652
73.9971	-2.7025	2.3486	447.6000	55.0000	739651.690652
74.0972	-2.7075	2.4685	447.6000	55.0000	739651.690652
74.2147	-2.7133	2.6084	447.6000	55.0000	739651.690652
74.3152	-2.7184	2.7283	447.6000	55.0000	739651.690652
74.4308	-2.7242	2.8681	447.6000	55.0000	739651.690652
74.5475	-2.7301	3.0080	447.6000	55.0000	739651.690652
74.6644	-2.7360	3.1479	447.6000	55.0000	739651.690652
74.7645	-2.7423	3.2677	445.1600	55.0000	739651.690652
74.8813	-2.7659	3.4056	436.6200	55.0000	739651.690652
74.9814	-2.8022	3.5199	429.3000	55.0000	739651.690652
75.0981	-2.8626	3.6460	420.7600	55.0000	739651.690652
75.1983	-2.9288	3.7460	413.4400	55.0000	739651.690652
75.3154	-3.0214	3.8509	404.9000	55.0000	739651.690652
75.4323	-3.1285	3.9408	396.3600	55.0000	739651.690652
75.5342	-3.2301	4.0045	389.0400	55.0000	739651.690652
75.6488	-3.3577	4.0618	380.5000	55.0000	739651.690652
75.7488	-3.4729	4.0953	373.1800	55.0000	739651.690652
75.8658	-3.6113	4.1155	364.6400	55.0000	739651.690652
75.9823	-3.7512	4.1149	356.1000	55.0000	739651.690652
76.0825	-3.8699	4.0978	348.7800	55.0000	739651.690652
76.1991	-3.9409	4.1108	340.2400	55.0000	739651.690652
76.2994	-3.9998	4.1280	340.2400	55.0000	739651.690652
76.4160	-4.0095	4.1329	340.2400	55.0000	739651.690652
76.5162	-4.0095	4.1329	340.2400	55.0000	739651.690652
76.6329	-3.8778	4.1802	340.2400	55.0000	739651.690652
76.7331	-3.7648	4.2208	340.2400	55.0000	739651.690652
76.8498	-3.6331	4.2681	340.2400	55.0000	739651.690652
76.9499	-3.5201	4.3087	340.2400	55.0000	739651.690652
77.0666	-3.3884	4.3560	340.2400	55.0000	739651.690652
77.1668	-3.3507	4.3695	340.2400	55.0000	739651.690652
77.2837	-3.3507	4.3695	340.2400	55.0000	739651.690652
77.4002	-3.3507	4.3695	340.2400	55.0000	739651.690652
77.5005	-3.3507	4.3695	340.2400	55.0000	739651.690652
77.6170	-3.3507	4.3695	340.2400	55.0000	739651.690652
77.7172	-3.3507	4.3695	334.1400	55.0000	739651.690652
77.8340	-3.3507	4.3695	325.6000	55.0000	739651.690652
77.9507	-3.3507	4.3695	317.0600	55.0000	739651.690652
78.0508	-3.3507	4.3695	313.4000	55.0000	739651.690652
78.1510	-3.3507	4.3695	313.4000	55.0000	739651.690652
78.2678	-3.4194	4.2969	313.4000	55.0000	739651.690652
78.3843	-3.5156	4.1952	313.4000	55.0000	739651.690652
78.4846	-3.5981	4.1080	313.4000	55.0000	739651.690652
78.6012	-3.6943	4.0063	313.4000	55.0000	739651.690652
78.7015	-3.7767	3.9191	313.4000	55.0000	739651.690652
78.8016	-3.8592	3.8319	313.4000	55.0000	739651.690652
78.9184	-3.9572	3.7320	317.0600	55.0000	739651.690652
79.0352	-3.9873	3.7057	325.6000	55.0000	739651.690652
79.1516	-3.9873	3.7057	334.1400	55.0000	739651.690652
79.2519	-3.9873	3.7057	341.4600	55.0000	739651.690652
79.3520	-3.9873	3.7057	347.5600	55.0000	739651.690652
79.4687	-4.1240	3.6755	347.5600	55.0000	739651.690652
79.5856	-4.2607	3.6453	347.5600	55.0000	739651.690652
79.6856	-4.3779	3.6195	347.5600	55.0000	739651.690652
79.8024	-4.5146	3.5893	347.5600	55.0000	739651.690652
79.9025	-4.6318	3.5635	347.5600	55.0000	739651.690652
80.0193	-4.7685	3.5333	347.5600	55.0000	739651.690652
80.1194	-4.8857	3.5075	347.5600	55.0000	739651.690652
80.2362	-5.0214	3.4732	342.6800	55.0000	739651.690652
80.3529	-5.0964	3.4453	334.1400	55.0000	739651.690652
80.4695	-5.0964	3.4453	325.6000	55.0000	739651.690652
80.5697	-5.0964	3.4453	318.2800	55.0000	739651.690652
80.6698	-5.0964	3.4453	310.9600	55.0000	739651.690652
80.7866	-5.0964	3.4453	302.4200	55.0000	739651.690652
80.8867	-5.1463	3.3587	299.9800	55.0000	739651.690652
81.0035	-5.2163	3.2375	299.9800	55.0000	739651.690652
81.1203	-5.2862	3.1162	299.9800	55.0000	739651.690652
81.2370	-5.3562	2.9949	299.9800	55.0000	739651.690652
81.3371	-5.4162	2.8910	299.9800	55.0000	739651.690652
81.4372	-5.4761	2.7870	299.9800	55.0000	739651.690652
81.5542	-5.5382	2.6617	292.6600	55.0000	739651.690652
81.6721	-5.5809	2.5285	284.1200	55.0000	739651.690652
81.7722	-5.6026	2.4105	279.2400	55.0000	739651.690652
81.8876	-5.6251	2.2723	279.2400	55.0000	739651.690652
81.9877	-5.6444	2.1539	279.2400	55.0000	739651.690652
82.1044	-5.6669	2.0157	279.2400	55.0000	739651.690652
82.2212	-5.6894	1.8775	279.2400	55.0000	739651.690652
82.3380	-5.7118	1.7393	279.2400	55.0000	739651.690652
82.4382	-5.7311	1.6209	279.2400	55.0000	739651.690652
82.5548	-5.7536	1.4827	279.2400	55.0000	739651.690652
82.6550	-5.7536	1.4827	279.2400	55.0000	739651.690652
82.7717	-5.7728	1.3643	279.2400	55.0000	739651.690652
82.8719	-5.7921	1.2458	279.2400	55.0000	739651.690652
82.9886	-5.8146	1.1076	279.2400	55.0000	739651.690652
83.0888	-5.8339	0.9892	279.2400	55.0000	739651.690652
83.2054	-5.8563	0.8510	279.2400	55.0000	739651.690652
83.3222	-5.8724	0.7326	279.2400	55.0000	739651.690652
83.4224	-5.8724	0.6733	279.2400	55.0000	739651.690652
83.5390	-5.8724	0.6042	279.2400	55.0000	739651.690652
83.6391	-5.8724	0.5450	279.2400	55.0000	739651.690652
83.7559	-5.8804	0.4370	279.2400	55.0000	739651.690652
83.8560	-5.8996	0.3186	279.2400	55.0000	739651.690652
83.9728	-5.9221	0.1804	279.2400	55.0000	739651.690652
84.0895	-5.9446	0.0422	279.2400	55.0000	739651.690652
84.2064	-5.9671	-0.0960	279.2400	55.0000	739651.690652
84.3230	-5.9896	-0.2341	279.2400	55.0000	739651.690652
84.4232	-6.0024	-0.3131	279.2400	55.0000	739651.690652
84.5399	-6.0024	-0.3131	279.2400	55.0000	739651.690652
84.6401	-6.0024	-0.3131	279.2400	55.0000	739651.690652
84.7568	-6.0024	-0.3131	279.2400	55.0000	739651.690652
84.8738	-6.0024	-0.3131	279.2400	55.0000	739651.690652
84.9902	-6.0024	-0.3131	279.2400	55.0000	739651.690652
85.0905	-6.0024	-0.3131	279.2400	55.0000	739651.690652
85.1906	-6.0024	-0.3131	279.2400	55.0000	739651.690652
85.3073	-6.0024	-0.3131	279.2400	55.0000	739651.690652
85.4241	-6.0024	-0.3131	279.2400	55.0000	739651.690652
85.5242	-6.0024	-0.3131	279.2400	55.0000	739651.690652
85.6243	-6.0024	-0.3131	279.2400	55.0000	739651.690652
85.7411	-6.0024	-0.3131	279.2400	55.0000	739651.690652
85.8578	-6.0024	-0.3131	285.3400	55.0000	739651.690652
85.9579	-6.0024	-0.3131	292.6600	55.0000	739651.690652
86.0747	-6.0024	-0.3131	301.2000	55.0000	739651.690652
86.1916	-6.0024	-0.3131	309.7400	55.0000	739651.690652
86.3081	-6.0024	-0.3131	318.2800	55.0000	739651.690652
86.4084	-6.0024	-0.3131	325.6000	55.0000	739651.690652
86.5250	-6.0024	-0.3131	334.1400	55.0000	739651.690652
86.6251	-6.0024	-0.3131	341.4600	55.0000	739651.690652
86.7253	-6.0024	-0.3131	348.7800	55.0000	739651.690652
86.8420	-6.0024	-0.3131	357.3200	55.0000	739651.690652
86.9587	-6.0024	-0.3131	365.8600	55.0000	739651.690652
