T	X	Y	HEADING	PERPSECTIVE_ANGLE	NOW_NUM
0.1124	0.0000	0.0000	45.0000	55.0000	739584.719468
0.2158	0.0000	0.0000	45.0000	55.0000	739584.719468
0.3322	0.0000	0.0000	45.0000	55.0000	739584.719468
0.4324	0.0000	0.0000	45.0000	55.0000	739584.719468
0.5497	0.0000	0.0000	45.0000	55.0000	739584.719468
0.6658	0.0000	0.0000	45.0000	55.0000	739584.719468
0.7660	0.0000	0.0000	45.0000	55.0000	739584.719468
0.8663	0.0000	0.0000	45.0000	55.0000	739584.719468
0.9828	0.0000	0.0000	45.0000	55.0000	739584.719468
1.0828	0.0000	0.0000	45.0000	55.0000	739584.719468
1.1832	0.0000	0.0000	45.0000	55.0000	739584.719468
1.2996	0.0000	0.0000	45.0000	55.0000	739584.719468
1.3998	0.0000	0.0000	45.0000	55.0000	739584.719468
1.5000	0.0000	0.0000	45.0000	55.0000	739584.719468
1.6167	0.0000	0.0000	45.0000	55.0000	739584.719468
1.7168	0.0000	0.0000	38.9000	55.0000	739584.719468
1.8336	0.0000	0.0000	30.3600	55.0000	739584.719468
1.9339	0.0000	0.0000	23.0400	55.0000	739584.719468
2.0506	0.0000	0.0000	23.0400	55.0000	739584.719468
2.1671	0.0000	0.0000	23.0400	55.0000	739584.719468
2.2672	0.0000	0.0000	23.0400	55.0000	739584.719468
2.3674	0.0000	0.0000	23.0400	55.0000	739584.719468
2.4676	0.0000	0.0000	23.0400	55.0000	739584.719468
2.5842	-0.0368	0.0157	23.0400	55.0000	739584.719468
2.6843	-0.1472	0.0626	23.0400	55.0000	739584.719468
2.7844	-0.2577	0.1096	23.0400	55.0000	739584.719468
2.8845	-0.3681	0.1565	23.0400	55.0000	739584.719468
2.9846	-0.4785	0.2035	23.0400	55.0000	739584.719468
3.1012	-0.6074	0.2583	23.0400	55.0000	739584.719468
3.2013	-0.7178	0.3053	23.0400	55.0000	739584.719468
3.3015	-0.8282	0.3522	23.0400	55.0000	739584.719468
3.4016	-0.9386	0.3992	23.0400	55.0000	739584.719468
3.5183	-1.0675	0.4540	23.0400	55.0000	739584.719468
3.6185	-1.1779	0.5010	23.0400	55.0000	739584.719468
3.7373	-1.3067	0.5558	23.0400	55.0000	739584.719468
3.8519	-1.3067	0.5558	23.0400	55.0000	739584.719468
3.9521	-1.3067	0.5558	23.0400	55.0000	739584.719468
4.0687	-1.3067	0.5558	23.0400	55.0000	739584.719468
4.1689	-1.3067	0.5558	18.1600	55.0000	739584.719468
4.2856	-1.3067	0.5558	9.6200	55.0000	739584.719468
4.3859	-1.3067	0.5558	5.9600	55.0000	739584.719468
4.5025	-1.3067	0.5558	5.9600	55.0000	739584.719468
4.6027	-1.3067	0.5558	5.9600	55.0000	739584.719468
4.7028	-1.3067	0.5558	5.9600	55.0000	739584.719468
4.8195	-1.3863	0.5641	5.9600	55.0000	739584.719468
4.9196	-1.5056	0.5765	5.9600	55.0000	739584.719468
5.0199	-1.6250	0.5890	5.9600	55.0000	739584.719468
5.1365	-1.7642	0.6035	5.9600	55.0000	739584.719468
5.2366	-1.8836	0.6160	5.9600	55.0000	739584.719468
5.3371	-2.0029	0.6284	5.9600	55.0000	739584.719468
5.4534	-2.1422	0.6430	5.9600	55.0000	739584.719468
5.5535	-2.2615	0.6554	5.9600	55.0000	739584.719468
5.6544	-2.3809	0.6679	5.9600	55.0000	739584.719468
5.7703	-2.5201	0.6824	5.9600	55.0000	739584.719468
5.8705	-2.6395	0.6949	5.9600	55.0000	739584.719468
5.9874	-2.7787	0.7094	5.9600	55.0000	739584.719468
6.1041	-2.8384	0.7157	5.9600	55.0000	739584.719468
6.2208	-2.8384	0.7157	5.9600	55.0000	739584.719468
6.3210	-2.8384	0.7157	7.1800	55.0000	739584.719468
6.4374	-2.8384	0.7157	15.7200	55.0000	739584.719468
6.5378	-2.8384	0.7157	23.0400	55.0000	739584.719468
6.6547	-2.8384	0.7157	31.5800	55.0000	739584.719468
6.7712	-2.8384	0.7157	40.1200	55.0000	739584.719468
6.8713	-2.8384	0.7157	47.4400	55.0000	739584.719468
6.9717	-2.8384	0.7157	54.7600	55.0000	739584.719468
7.0881	-2.8384	0.7157	63.3000	55.0000	739584.719468
7.1883	-2.8384	0.7157	70.6200	55.0000	739584.719468
7.2883	-2.8384	0.7157	75.5000	55.0000	739584.719468
7.3884	-2.8384	0.7157	75.5000	55.0000	739584.719468
7.4885	-2.8384	0.7157	75.5000	55.0000	739584.719468
7.5885	-2.8384	0.7157	75.5000	55.0000	739584.719468
7.6887	-2.8384	0.7157	75.5000	55.0000	739584.719468
7.7888	-2.8384	0.7157	80.3800	55.0000	739584.719468
7.8891	-2.8384	0.7157	87.7000	55.0000	739584.719468
8.0056	-2.8384	0.7157	91.3600	55.0000	739584.719468
8.1058	-2.8384	0.7157	91.3600	55.0000	739584.719468
8.2059	-2.8384	0.7157	91.3600	55.0000	739584.719468
8.3228	-2.8384	0.7157	91.3600	55.0000	739584.719468
8.4397	-2.8384	0.7157	91.3600	55.0000	739584.719468
8.5562	-2.8384	0.7157	91.3600	55.0000	739584.719468
8.6563	-2.8360	0.8156	91.3600	55.0000	739584.719468
8.7564	-2.8332	0.9356	91.3600	55.0000	739584.719468
8.8566	-2.8303	1.0556	91.3600	55.0000	739584.719468
8.9734	-2.8270	1.1955	91.3600	55.0000	739584.719468
9.0899	-2.8237	1.3355	91.3600	55.0000	739584.719468
9.1901	-2.8208	1.4554	91.3600	55.0000	739584.719468
9.2903	-2.8180	1.5754	91.3600	55.0000	739584.719468
9.4070	-2.8147	1.7154	91.3600	55.0000	739584.719468
9.5071	-2.8118	1.8353	91.3600	55.0000	739584.719468
9.6239	-2.8085	1.9753	91.3600	55.0000	739584.719468
9.7406	-2.8052	2.1153	91.3600	55.0000	739584.719468
9.8407	-2.8023	2.2352	91.3600	55.0000	739584.719468
9.9408	-2.7995	2.3552	91.3600	55.0000	739584.719468
10.0577	-2.7962	2.4952	91.3600	55.0000	739584.719468
10.1744	-2.7928	2.6351	91.3600	55.0000	739584.719468
10.2744	-2.7900	2.7551	91.3600	55.0000	739584.719468
10.3913	-2.7867	2.8950	91.3600	55.0000	739584.719468
10.5080	-2.7833	3.0350	91.3600	55.0000	739584.719468
10.6081	-2.7805	3.1550	91.3600	55.0000	739584.719468
10.7249	-2.7772	3.2949	91.3600	55.0000	739584.719468
10.8415	-2.7738	3.4349	91.3600	55.0000	739584.719468
10.9417	-2.7710	3.5549	91.3600	55.0000	739584.719468
11.0419	-2.7696	3.6148	91.3600	55.0000	739584.719468
11.1586	-2.7696	3.6148	91.3600	55.0000	739584.719468
11.2753	-2.7696	3.6148	98.6800	55.0000	739584.719468
11.3755	-2.7696	3.6148	106.0000	55.0000	739584.719468
11.4922	-2.7696	3.6148	114.5400	55.0000	739584.719468
11.5924	-2.7696	3.6148	121.8600	55.0000	739584.719468
11.7091	-2.7696	3.6148	125.5200	55.0000	739584.719468
11.8258	-2.7696	3.6148	125.5200	55.0000	739584.719468
11.9261	-2.7231	3.6800	125.5200	55.0000	739584.719468
12.0427	-2.6418	3.7939	125.5200	55.0000	739584.719468
12.1429	-2.5720	3.8916	125.5200	55.0000	739584.719468
12.2595	-2.4907	4.0055	125.5200	55.0000	739584.719468
12.3597	-2.4210	4.1032	125.5200	55.0000	739584.719468
12.4764	-2.3396	4.2171	125.5200	55.0000	739584.719468
12.5767	-2.2699	4.3148	125.5200	55.0000	739584.719468
12.6933	-2.1886	4.4288	125.5200	55.0000	739584.719468
12.7934	-2.1189	4.5264	125.5200	55.0000	739584.719468
12.9113	-2.1073	4.5427	125.5200	55.0000	739584.719468
13.0269	-2.1073	4.5427	130.4000	55.0000	739584.719468
13.1270	-2.1073	4.5427	137.7200	55.0000	739584.719468
13.2438	-2.1073	4.5427	146.2600	55.0000	739584.719468
13.3604	-2.1073	4.5427	154.8000	55.0000	739584.719468
13.4605	-2.1073	4.5427	162.1200	55.0000	739584.719468
13.5608	-2.1073	4.5427	164.5600	55.0000	739584.719468
13.6777	-2.1073	4.5427	164.5600	55.0000	739584.719468
13.7941	-2.1073	4.5427	164.5600	55.0000	739584.719468
13.8943	-2.1073	4.5427	164.5600	55.0000	739584.719468
13.9944	-2.0301	4.5640	164.5600	55.0000	739584.719468
14.0945	-1.9145	4.5959	164.5600	55.0000	739584.719468
14.2113	-1.7795	4.6332	164.5600	55.0000	739584.719468
14.3282	-1.7217	4.6492	164.5600	55.0000	739584.719468
14.4447	-1.7217	4.6492	164.5600	55.0000	739584.719468
14.5450	-1.7217	4.6492	164.5600	55.0000	739584.719468
14.6451	-1.7217	4.6492	158.4600	55.0000	739584.719468
14.7618	-1.7217	4.6492	149.9200	55.0000	739584.719468
14.8785	-1.7217	4.6492	141.3800	55.0000	739584.719468
14.9787	-1.7217	4.6492	134.0600	55.0000	739584.719468
15.0954	-1.7217	4.6492	125.5200	55.0000	739584.719468
15.2123	-1.7217	4.6492	116.9800	55.0000	739584.719468
15.3288	-1.7217	4.6492	108.4400	55.0000	739584.719468
15.4290	-1.7217	4.6492	101.1200	55.0000	739584.719468
15.5293	-1.7217	4.6492	96.2400	55.0000	739584.719468
15.6459	-1.7217	4.6492	96.2400	55.0000	739584.719468
15.7460	-1.7217	4.6492	96.2400	55.0000	739584.719468
15.8627	-1.7217	4.6492	96.2400	55.0000	739584.719468
15.9629	-1.7195	4.6691	96.2400	55.0000	739584.719468
16.0795	-1.7043	4.8082	96.2400	55.0000	739584.719468
16.1799	-1.6913	4.9275	96.2400	55.0000	739584.719468
16.2965	-1.6891	4.9474	96.2400	55.0000	739584.719468
16.3966	-1.6891	4.9474	96.2400	55.0000	739584.719468
16.5133	-1.6891	4.9474	96.2400	55.0000	739584.719468
16.6301	-1.6847	4.9872	96.2400	55.0000	739584.719468
16.7317	-1.6717	5.1065	96.2400	55.0000	739584.719468
16.8470	-1.6565	5.2456	96.2400	55.0000	739584.719468
16.9471	-1.6543	5.2655	96.2400	55.0000	739584.719468
17.0639	-1.6543	5.2655	96.2400	55.0000	739584.719468
17.1806	-1.6543	5.2655	96.2400	55.0000	739584.719468
17.2807	-1.6543	5.2655	88.9200	55.0000	739584.719468
17.3975	-1.6543	5.2655	80.3800	55.0000	739584.719468
17.5143	-1.6543	5.2655	71.8400	55.0000	739584.719468
17.6143	-1.6543	5.2655	64.5200	55.0000	739584.719468
17.7145	-1.6543	5.2655	57.2000	55.0000	739584.719468
17.8312	-1.6543	5.2655	48.6600	55.0000	739584.719468
17.9480	-1.6543	5.2655	42.5600	55.0000	739584.719468
18.0646	-1.6543	5.2655	42.5600	55.0000	739584.719468
18.1647	-1.6543	5.2655	42.5600	55.0000	739584.719468
18.2650	-1.6543	5.2655	42.5600	55.0000	739584.719468
18.3816	-1.6543	5.2655	40.1200	55.0000	739584.719468
18.4817	-1.6543	5.2655	32.8000	55.0000	739584.719468
18.5818	-1.6543	5.2655	27.9200	55.0000	739584.719468
18.6820	-1.6543	5.2655	27.9200	55.0000	739584.719468
18.7988	-1.6543	5.2655	27.9200	55.0000	739584.719468
18.9154	-1.6543	5.2655	27.9200	55.0000	739584.719468
19.0323	-1.6720	5.2749	27.9200	55.0000	739584.719468
19.1325	-1.7780	5.3311	27.9200	55.0000	739584.719468
19.2491	-1.9017	5.3966	27.9200	55.0000	739584.719468
19.3495	-2.0077	5.4528	27.9200	55.0000	739584.719468
19.4658	-2.1314	5.5184	27.9200	55.0000	739584.719468
19.5660	-2.1845	5.5465	27.9200	55.0000	739584.719468
19.6829	-2.1845	5.5465	23.0400	55.0000	739584.719468
19.7996	-2.1845	5.5465	14.5000	55.0000	739584.719468
19.8998	-2.1845	5.5465	8.4000	55.0000	739584.719468
20.0167	-2.1845	5.5465	8.4000	55.0000	739584.719468
20.1331	-2.1845	5.5465	8.4000	55.0000	739584.719468
20.2334	-2.3032	5.5640	8.4000	55.0000	739584.719468
20.3500	-2.4417	5.5844	8.4000	55.0000	739584.719468
20.4502	-2.5604	5.6020	8.4000	55.0000	739584.719468
20.5503	-2.6791	5.6195	8.4000	55.0000	739584.719468
20.6670	-2.8176	5.6400	8.4000	55.0000	739584.719468
20.7837	-2.9561	5.6604	8.4000	55.0000	739584.719468
20.8840	-3.0748	5.6779	8.4000	55.0000	739584.719468
21.0006	-3.2133	5.6984	8.4000	55.0000	739584.719468
21.1008	-3.3320	5.7159	8.4000	55.0000	739584.719468
21.2175	-3.4507	5.7334	8.4000	55.0000	739584.719468
21.3343	-3.4507	5.7334	3.5200	55.0000	739584.719468
21.4343	-3.4507	5.7334	-3.8000	55.0000	739584.719468
21.5345	-3.4507	5.7334	-11.1200	55.0000	739584.719468
21.6512	-3.4507	5.7334	-16.0000	55.0000	739584.719468
21.7680	-3.4507	5.7334	-16.0000	55.0000	739584.719468
21.8682	-3.4507	5.7334	-16.0000	55.0000	739584.719468
21.9849	-3.5276	5.7114	-16.0000	55.0000	739584.719468
22.1016	-3.6622	5.6728	-16.0000	55.0000	739584.719468
22.2017	-3.7776	5.6397	-16.0000	55.0000	739584.719468
22.3184	-3.9121	5.6011	-16.0000	55.0000	739584.719468
22.4186	-4.0275	5.5681	-16.0000	55.0000	739584.719468
22.5354	-4.1621	5.5295	-16.0000	55.0000	739584.719468
22.6355	-4.2774	5.4964	-16.0000	55.0000	739584.719468
22.7522	-4.4120	5.4578	-16.0000	55.0000	739584.719468
22.8689	-4.5273	5.4247	-16.0000	55.0000	739584.719468
22.9691	-4.5273	5.4247	-16.0000	55.0000	739584.719468
23.0709	-4.5273	5.4247	-16.0000	55.0000	739584.719468
23.1709	-4.5273	5.4247	-16.0000	55.0000	739584.719468
23.2711	-4.5273	5.4247	-22.1000	55.0000	739584.719468
23.3879	-4.5273	5.4247	-30.6400	55.0000	739584.719468
23.4881	-4.5273	5.4247	-37.9600	55.0000	739584.719468
23.6029	-4.5273	5.4247	-46.5000	55.0000	739584.719468
23.7030	-4.5273	5.4247	-50.1600	55.0000	739584.719468
23.8197	-4.5273	5.4247	-50.1600	55.0000	739584.719468
23.9198	-4.5273	5.4247	-50.1600	55.0000	739584.719468
24.0200	-4.5273	5.4247	-50.1600	55.0000	739584.719468
24.1369	-4.5273	5.4247	-50.1600	55.0000	739584.719468
24.2535	-4.5273	5.4247	-50.1600	55.0000	739584.719468
24.3537	-4.5273	5.4247	-50.1600	55.0000	739584.719468
24.4713	-4.5273	5.4247	-50.1600	55.0000	739584.719468
24.5878	-4.5273	5.4247	-50.1600	55.0000	739584.719468
24.6879	-4.5273	5.4247	-50.1600	55.0000	739584.719468
24.8040	-4.5273	5.4247	-44.0600	55.0000	739584.719468
24.9207	-4.5273	5.4247	-35.5200	55.0000	739584.719468
25.0209	-4.5273	5.4247	-35.5200	55.0000	739584.719468
25.1376	-4.5273	5.4247	-35.5200	55.0000	739584.719468
25.2544	-4.5273	5.4247	-35.5200	55.0000	739584.719468
25.3711	-4.5599	5.4015	-35.5200	55.0000	739584.719468
25.4714	-4.6576	5.3318	-35.5200	55.0000	739584.719468
25.5716	-4.7552	5.2621	-35.5200	55.0000	739584.719468
25.6883	-4.8692	5.1807	-35.5200	55.0000	739584.719468
25.7884	-4.9669	5.1110	-35.5200	55.0000	739584.719468
25.9050	-5.0808	5.0297	-35.5200	55.0000	739584.719468
26.0052	-5.1134	5.0064	-35.5200	55.0000	739584.719468
26.1219	-5.1134	5.0064	-35.5200	55.0000	739584.719468
26.2385	-5.1134	5.0064	-41.6200	55.0000	739584.719468
26.3386	-5.1134	5.0064	-48.9400	55.0000	739584.719468
26.4387	-5.1134	5.0064	-56.2600	55.0000	739584.719468
26.5388	-5.1134	5.0064	-63.5800	55.0000	739584.719468
26.6556	-5.1134	5.0064	-66.0200	55.0000	739584.719468
26.7558	-5.1134	5.0064	-66.0200	55.0000	739584.719468
26.8727	-5.1134	5.0064	-66.0200	55.0000	739584.719468
26.9893	-5.1134	5.0064	-66.0200	55.0000	739584.719468
27.0894	-5.1134	5.0064	-66.0200	55.0000	739584.719468
27.1896	-5.1621	4.8968	-66.0200	55.0000	739584.719468
27.3063	-5.2190	4.7689	-66.0200	55.0000	739584.719468
27.4230	-5.2759	4.6409	-66.0200	55.0000	739584.719468
27.5397	-5.3328	4.5130	-66.0200	55.0000	739584.719468
27.6400	-5.3816	4.4034	-66.0200	55.0000	739584.719468
27.7565	-5.4385	4.2755	-66.0200	55.0000	739584.719468
27.8568	-5.4873	4.1658	-66.0200	55.0000	739584.719468
27.9735	-5.5035	4.1293	-66.0200	55.0000	739584.719468
28.0737	-5.5035	4.1293	-70.9000	55.0000	739584.719468
28.1904	-5.5035	4.1293	-79.4400	55.0000	739584.719468
28.2905	-5.5035	4.1293	-86.7600	55.0000	739584.719468
28.4073	-5.5035	4.1293	-90.4200	55.0000	739584.719468
28.5239	-5.5035	4.1293	-90.4200	55.0000	739584.719468
28.6242	-5.5035	4.1293	-90.4200	55.0000	739584.719468
28.7408	-5.5035	4.1293	-90.4200	55.0000	739584.719468
28.8576	-5.5025	3.9893	-90.4200	55.0000	739584.719468
28.9578	-5.5016	3.8693	-90.4200	55.0000	739584.719468
29.0744	-5.5006	3.7293	-90.4200	55.0000	739584.719468
29.1745	-5.4997	3.6093	-90.4200	55.0000	739584.719468
29.2746	-5.4988	3.4893	-90.4200	55.0000	739584.719468
29.3747	-5.4979	3.3693	-90.4200	55.0000	739584.719468
29.4748	-5.4971	3.2493	-90.4200	55.0000	739584.719468
29.5916	-5.4960	3.1093	-90.4200	55.0000	739584.719468
29.7082	-5.4950	2.9693	-90.4200	55.0000	739584.719468
29.8084	-5.4941	2.8493	-90.4200	55.0000	739584.719468
29.9085	-5.4933	2.7293	-90.4200	55.0000	739584.719468
30.0087	-5.4924	2.6093	-90.4200	55.0000	739584.719468
30.1254	-5.4913	2.4693	-90.4200	55.0000	739584.719468
30.2257	-5.4905	2.3493	-90.4200	55.0000	739584.719468
30.3422	-5.4894	2.2093	-90.4200	55.0000	739584.719468
30.4426	-5.4886	2.0893	-90.4200	55.0000	739584.719468
30.5591	-5.4875	1.9493	-90.4200	55.0000	739584.719468
30.6759	-5.4865	1.8093	-90.4200	55.0000	739584.719468
30.7761	-5.4856	1.6893	-90.4200	55.0000	739584.719468
30.8927	-5.4846	1.5494	-90.4200	55.0000	739584.719468
30.9929	-5.4837	1.4294	-90.4200	55.0000	739584.719468
31.0930	-5.4828	1.3094	-90.4200	55.0000	739584.719468
31.1931	-5.4820	1.1894	-90.4200	55.0000	739584.719468
31.3097	-5.4809	1.0494	-90.4200	55.0000	739584.719468
31.4099	-5.4806	1.0094	-92.8600	55.0000	739584.719468
31.5266	-5.4806	1.0094	-101.4000	55.0000	739584.719468
31.6270	-5.4806	1.0094	-108.7200	55.0000	739584.719468
31.7435	-5.4806	1.0094	-117.2600	55.0000	739584.719468
31.8436	-5.4806	1.0094	-124.5800	55.0000	739584.719468
31.9603	-5.4806	1.0094	-133.1200	55.0000	739584.719468
32.0604	-5.4806	1.0094	-140.4400	55.0000	739584.719468
32.1773	-5.4806	1.0094	-148.9800	55.0000	739584.719468
32.2940	-5.4806	1.0094	-152.6400	55.0000	739584.719468
32.3941	-5.4806	1.0094	-152.6400	55.0000	739584.719468
32.5108	-5.4806	1.0094	-152.6400	55.0000	739584.719468
32.6110	-5.4806	1.0094	-152.6400	55.0000	739584.719468
32.7277	-5.4806	1.0094	-152.6400	55.0000	739584.719468
32.8444	-5.4451	0.9910	-152.6400	55.0000	739584.719468
32.9446	-5.3385	0.9358	-152.6400	55.0000	739584.719468
33.0613	-5.2142	0.8715	-152.6400	55.0000	739584.719468
33.1614	-5.1076	0.8163	-152.6400	55.0000	739584.719468
33.2781	-4.9833	0.7520	-152.6400	55.0000	739584.719468
33.3783	-4.9833	0.7520	-152.6400	55.0000	739584.719468
33.4951	-4.9833	0.7520	-152.6400	55.0000	739584.719468
33.5957	-4.9833	0.7520	-152.6400	55.0000	739584.719468
33.7119	-4.9833	0.7520	-152.6400	55.0000	739584.719468
33.8120	-4.9833	0.7520	-152.6400	55.0000	739584.719468
33.9290	-4.9833	0.7520	-155.0800	55.0000	739584.719468
34.0454	-4.9833	0.7520	-163.6200	55.0000	739584.719468
34.1456	-4.9833	0.7520	-170.9400	55.0000	739584.719468
34.2624	-4.9833	0.7520	-179.4800	55.0000	739584.719468
34.3625	-4.9833	0.7520	-186.8000	55.0000	739584.719468
34.4626	-4.9833	0.7520	-194.1200	55.0000	739584.719468
34.5626	-4.9833	0.7520	-201.4400	55.0000	739584.719468
34.6628	-4.9833	0.7520	-208.7600	55.0000	739584.719468
34.7795	-4.9833	0.7520	-217.3000	55.0000	739584.719468
34.8963	-4.9833	0.7520	-225.8400	55.0000	739584.719468
34.9964	-4.9833	0.7520	-229.5000	55.0000	739584.719468
35.1131	-4.9833	0.7520	-229.5000	55.0000	739584.719468
35.2134	-4.9833	0.7520	-229.5000	55.0000	739584.719468
35.3300	-4.9833	0.7520	-229.5000	55.0000	739584.719468
35.4302	-4.9833	0.7520	-229.5000	55.0000	739584.719468
35.5469	-4.9833	0.7520	-229.5000	55.0000	739584.719468
35.6636	-4.9573	0.7824	-229.5000	55.0000	739584.719468
35.7637	-4.8794	0.8737	-229.5000	55.0000	739584.719468
35.8642	-4.8014	0.9649	-229.5000	55.0000	739584.719468
35.9806	-4.7495	1.0257	-229.5000	55.0000	739584.719468
36.0974	-4.7495	1.0257	-229.5000	55.0000	739584.719468
36.1976	-4.7495	1.0257	-229.5000	55.0000	739584.719468
36.3142	-4.7495	1.0257	-236.8200	55.0000	739584.719468
36.4143	-4.7495	1.0257	-244.1400	55.0000	739584.719468
36.5311	-4.7495	1.0257	-244.1400	55.0000	739584.719468
36.6313	-4.7495	1.0257	-244.1400	55.0000	739584.719468
36.7479	-4.7495	1.0257	-244.1400	55.0000	739584.719468
36.8480	-4.7495	1.0257	-244.1400	55.0000	739584.719468
36.9483	-4.7146	1.0977	-244.1400	55.0000	739584.719468
37.0652	-4.6535	1.2237	-244.1400	55.0000	739584.719468
37.1816	-4.5925	1.3497	-244.1400	55.0000	739584.719468
37.2817	-4.5401	1.4577	-244.1400	55.0000	739584.719468
37.3820	-4.5227	1.4937	-244.1400	55.0000	739584.719468
37.4986	-4.5227	1.4937	-247.8000	55.0000	739584.719468
37.6154	-4.5227	1.4937	-256.3400	55.0000	739584.719468
37.7321	-4.5227	1.4937	-264.8800	55.0000	739584.719468
37.8322	-4.5227	1.4937	-272.2000	55.0000	739584.719468
37.9490	-4.5227	1.4937	-273.4200	55.0000	739584.719468
38.0491	-4.5227	1.4937	-273.4200	55.0000	739584.719468
38.1677	-4.5227	1.4937	-273.4200	55.0000	739584.719468
38.2835	-4.5227	1.4937	-273.4200	55.0000	739584.719468
38.3997	-4.5275	1.5735	-273.4200	55.0000	739584.719468
38.5000	-4.5346	1.6933	-273.4200	55.0000	739584.719468
38.6164	-4.5430	1.8331	-273.4200	55.0000	739584.719468
38.7166	-4.5501	1.9529	-273.4200	55.0000	739584.719468
38.8330	-4.5585	2.0926	-273.4200	55.0000	739584.719468
38.9331	-4.5656	2.2124	-273.4200	55.0000	739584.719468
39.0332	-4.5728	2.3322	-273.4200	55.0000	739584.719468
39.1333	-4.5799	2.4520	-273.4200	55.0000	739584.719468
39.2333	-4.5871	2.5718	-273.4200	55.0000	739584.719468
39.3335	-4.5943	2.6915	-273.4200	55.0000	739584.719468
39.4336	-4.6014	2.8113	-273.4200	55.0000	739584.719468
39.5337	-4.6086	2.9311	-273.4200	55.0000	739584.719468
39.6338	-4.6157	3.0509	-273.4200	55.0000	739584.719468
39.7339	-4.6229	3.1707	-273.4200	55.0000	739584.719468
39.8340	-4.6301	3.2905	-273.4200	55.0000	739584.719468
39.9507	-4.6384	3.4302	-273.4200	55.0000	739584.719468
40.0508	-4.6456	3.5500	-273.4200	55.0000	739584.719468
40.1509	-4.6527	3.6698	-273.4200	55.0000	739584.719468
40.2509	-4.6599	3.7896	-273.4200	55.0000	739584.719468
40.3512	-4.6670	3.9094	-273.4200	55.0000	739584.719468
40.4679	-4.6754	4.0491	-273.4200	55.0000	739584.719468
40.5679	-4.6826	4.1689	-273.4200	55.0000	739584.719468
40.6680	-4.6897	4.2887	-273.4200	55.0000	739584.719468
40.7682	-4.6969	4.4085	-273.4200	55.0000	739584.719468
40.8684	-4.7016	4.4883	-273.4200	55.0000	739584.719468
40.9850	-4.7016	4.4883	-273.4200	55.0000	739584.719468
41.0852	-4.7016	4.4883	-273.4200	55.0000	739584.719468
41.2021	-4.7016	4.4883	-273.4200	55.0000	739584.719468
41.3039	-4.7016	4.4883	-273.4200	55.0000	739584.719468
41.4188	-4.7016	4.4883	-273.4200	55.0000	739584.719468
41.5355	-4.7016	4.4883	-273.4200	55.0000	739584.719468
41.6356	-4.7016	4.4883	-268.5400	55.0000	739584.719468
41.7523	-4.7016	4.4883	-260.0000	55.0000	739584.719468
41.8525	-4.7016	4.4883	-252.6800	55.0000	739584.719468
41.9693	-4.7016	4.4883	-244.1400	55.0000	739584.719468
42.0860	-4.7016	4.4883	-238.0400	55.0000	739584.719468
42.1861	-4.7016	4.4883	-238.0400	55.0000	739584.719468
42.2862	-4.7016	4.4883	-238.0400	55.0000	739584.719468
42.3863	-4.7016	4.4883	-238.0400	55.0000	739584.719468
42.5032	-4.6911	4.5053	-238.0400	55.0000	739584.719468
42.6200	-4.6170	4.6241	-238.0400	55.0000	739584.719468
42.7216	-4.5534	4.7259	-238.0400	55.0000	739584.719468
42.8368	-4.4793	4.8447	-238.0400	55.0000	739584.719468
42.9535	-4.4052	4.9634	-238.0400	55.0000	739584.719468
43.0536	-4.3417	5.0653	-238.0400	55.0000	739584.719468
43.1703	-4.2676	5.1840	-238.0400	55.0000	739584.719468
43.2704	-4.2252	5.2519	-238.0400	55.0000	739584.719468
43.3873	-4.2252	5.2519	-238.0400	55.0000	739584.719468
43.5040	-4.2252	5.2519	-238.0400	55.0000	739584.719468
43.6040	-4.2252	5.2519	-236.8200	55.0000	739584.719468
43.7042	-4.2252	5.2519	-229.5000	55.0000	739584.719468
43.8219	-4.2252	5.2519	-220.9600	55.0000	739584.719468
43.9378	-4.2252	5.2519	-212.4200	55.0000	739584.719468
44.0543	-4.2252	5.2519	-203.8800	55.0000	739584.719468
44.1545	-4.2252	5.2519	-196.5600	55.0000	739584.719468
44.2715	-4.2252	5.2519	-188.0200	55.0000	739584.719468
44.3880	-4.2252	5.2519	-181.9200	55.0000	739584.719468
44.4882	-4.2252	5.2519	-181.9200	55.0000	739584.719468
44.5883	-4.2252	5.2519	-181.9200	55.0000	739584.719468
44.7050	-4.2252	5.2519	-181.9200	55.0000	739584.719468
44.8051	-4.2252	5.2519	-181.9200	55.0000	739584.719468
44.9220	-4.2252	5.2519	-181.9200	55.0000	739584.719468
45.0386	-4.2252	5.2519	-181.9200	55.0000	739584.719468
45.1387	-4.1653	5.2539	-181.9200	55.0000	739584.719468
45.2556	-4.0254	5.2586	-181.9200	55.0000	739584.719468
45.3723	-3.8854	5.2633	-181.9200	55.0000	739584.719468
45.4723	-3.7655	5.2673	-181.9200	55.0000	739584.719468
45.5725	-3.6456	5.2713	-181.9200	55.0000	739584.719468
45.6893	-3.5057	5.2760	-181.9200	55.0000	739584.719468
45.8060	-3.3657	5.2807	-181.9200	55.0000	739584.719468
45.9063	-3.2458	5.2847	-181.9200	55.0000	739584.719468
46.0232	-3.1059	5.2894	-181.9200	55.0000	739584.719468
46.1395	-2.9660	5.2941	-181.9200	55.0000	739584.719468
46.2405	-2.8460	5.2981	-181.9200	55.0000	739584.719468
46.3565	-2.7061	5.3028	-181.9200	55.0000	739584.719468
46.4567	-2.5862	5.3069	-181.9200	55.0000	739584.719468
46.5568	-2.4662	5.3109	-181.9200	55.0000	739584.719468
46.6735	-2.3263	5.3156	-181.9200	55.0000	739584.719468
46.7736	-2.2064	5.3196	-181.9200	55.0000	739584.719468
46.8736	-2.0865	5.3236	-181.9200	55.0000	739584.719468
46.9904	-1.9465	5.3283	-181.9200	55.0000	739584.719468
47.1071	-1.8066	5.3330	-181.9200	55.0000	739584.719468
47.2073	-1.6867	5.3370	-181.9200	55.0000	739584.719468
47.3240	-1.6867	5.3370	-179.4800	55.0000	739584.719468
47.4241	-1.6867	5.3370	-172.1600	55.0000	739584.719468
47.5243	-1.6867	5.3370	-164.8400	55.0000	739584.719468
47.6410	-1.6867	5.3370	-156.3000	55.0000	739584.719468
47.7412	-1.6867	5.3370	-148.9800	55.0000	739584.719468
47.8578	-1.6867	5.3370	-140.4400	55.0000	739584.719468
47.9581	-1.6867	5.3370	-133.1200	55.0000	739584.719468
48.0746	-1.6867	5.3370	-124.5800	55.0000	739584.719468
48.1748	-1.6867	5.3370	-117.2600	55.0000	739584.719468
48.2750	-1.6867	5.3370	-114.8200	55.0000	739584.719468
48.3915	-1.6867	5.3370	-114.8200	55.0000	739584.719468
48.4917	-1.6867	5.3370	-114.8200	55.0000	739584.719468
48.5918	-1.6867	5.3370	-114.8200	55.0000	739584.719468
48.6922	-1.6867	5.3370	-114.8200	55.0000	739584.719468
48.8087	-1.6867	5.3370	-106.2800	55.0000	739584.719468
48.9254	-1.6867	5.3370	-97.7400	55.0000	739584.719468
49.0255	-1.6867	5.3370	-96.5200	55.0000	739584.719468
49.1257	-1.6867	5.3370	-96.5200	55.0000	739584.719468
49.2424	-1.6867	5.3370	-96.5200	55.0000	739584.719468
49.3426	-1.6867	5.3370	-96.5200	55.0000	739584.719468
49.4593	-1.6867	5.3370	-96.5200	55.0000	739584.719468
49.5594	-1.6867	5.3370	-96.5200	55.0000	739584.719468
49.6595	-1.6867	5.3370	-96.5200	55.0000	739584.719468
49.7763	-1.6730	5.2178	-96.5200	55.0000	739584.719468
49.8766	-1.6594	5.0986	-96.5200	55.0000	739584.719468
49.9931	-1.6435	4.9595	-96.5200	55.0000	739584.719468
50.1098	-1.6276	4.8204	-96.5200	55.0000	739584.719468
50.2099	-1.6140	4.7011	-96.5200	55.0000	739584.719468
50.3266	-1.5981	4.5621	-96.5200	55.0000	739584.719468
50.4267	-1.5845	4.4428	-96.5200	55.0000	739584.719468
50.5268	-1.5709	4.3236	-96.5200	55.0000	739584.719468
50.6269	-1.5572	4.2044	-96.5200	55.0000	739584.719468
50.7270	-1.5436	4.0852	-96.5200	55.0000	739584.719468
50.8272	-1.5300	3.9659	-96.5200	55.0000	739584.719468
50.9273	-1.5164	3.8467	-96.5200	55.0000	739584.719468
51.0439	-1.5005	3.7076	-96.5200	55.0000	739584.719468
51.1441	-1.4868	3.5884	-96.5200	55.0000	739584.719468
51.2608	-1.4709	3.4493	-96.5200	55.0000	739584.719468
51.3609	-1.4573	3.3301	-96.5200	55.0000	739584.719468
51.4610	-1.4437	3.2109	-96.5200	55.0000	739584.719468
51.5612	-1.4346	3.1314	-96.5200	55.0000	739584.719468
51.6780	-1.4346	3.1314	-96.5200	55.0000	739584.719468
51.7947	-1.4346	3.1314	-96.5200	55.0000	739584.719468
51.8948	-1.4346	3.1314	-96.5200	55.0000	739584.719468
52.0115	-1.4346	3.1314	-105.0600	55.0000	739584.719468
52.1116	-1.4346	3.1314	-112.3800	55.0000	739584.719468
52.2284	-1.4346	3.1314	-119.7000	55.0000	739584.719468
52.3451	-1.4346	3.1314	-119.7000	55.0000	739584.719468
52.4619	-1.4346	3.1314	-119.7000	55.0000	739584.719468
52.5620	-1.4346	3.1314	-119.7000	55.0000	739584.719468
52.6621	-1.4049	3.0792	-119.7000	55.0000	739584.719468
52.7791	-1.3355	2.9576	-119.7000	55.0000	739584.719468
52.8956	-1.2760	2.8534	-119.7000	55.0000	739584.719468
52.9958	-1.2760	2.8534	-119.7000	55.0000	739584.719468
53.1125	-1.2760	2.8534	-119.7000	55.0000	739584.719468
53.2127	-1.2760	2.8534	-119.7000	55.0000	739584.719468
53.3294	-1.2760	2.8534	-124.5800	55.0000	739584.719468
53.4461	-1.2760	2.8534	-133.1200	55.0000	739584.719468
53.5464	-1.2760	2.8534	-140.4400	55.0000	739584.719468
53.6630	-1.2760	2.8534	-148.9800	55.0000	739584.719468
53.7798	-1.2760	2.8534	-157.5200	55.0000	739584.719468
53.8964	-1.2760	2.8534	-166.0600	55.0000	739584.719468
53.9966	-1.2760	2.8534	-173.3800	55.0000	739584.719468
54.0968	-1.2760	2.8534	-179.4800	55.0000	739584.719468
54.2134	-1.2760	2.8534	-179.4800	55.0000	739584.719468
54.3135	-1.2760	2.8534	-179.4800	55.0000	739584.719468
54.4137	-1.2760	2.8534	-179.4800	55.0000	739584.719468
54.5138	-1.2760	2.8534	-179.4800	55.0000	739584.719468
54.6305	-1.1561	2.8523	-179.4800	55.0000	739584.719468
54.7306	-1.0361	2.8512	-179.4800	55.0000	739584.719468
54.8474	-0.8961	2.8500	-179.4800	55.0000	739584.719468
54.9640	-0.7561	2.8487	-179.4800	55.0000	739584.719468
55.0642	-0.6361	2.8476	-179.4800	55.0000	739584.719468
55.1643	-0.5161	2.8465	-179.4800	55.0000	739584.719468
55.2810	-0.4961	2.8463	-179.4800	55.0000	739584.719468
55.3811	-0.4961	2.8463	-179.4800	55.0000	739584.719468
55.4812	-0.4961	2.8463	-179.4800	55.0000	739584.719468
55.5813	-0.4961	2.8463	-185.5800	55.0000	739584.719468
55.6815	-0.4961	2.8463	-192.9000	55.0000	739584.719468
55.7816	-0.4961	2.8463	-200.2200	55.0000	739584.719468
55.8984	-0.4961	2.8463	-208.7600	55.0000	739584.719468
55.9986	-0.4961	2.8463	-216.0800	55.0000	739584.719468
56.1156	-0.4961	2.8463	-224.6200	55.0000	739584.719468
56.2322	-0.4961	2.8463	-233.1600	55.0000	739584.719468
56.3486	-0.4961	2.8463	-238.0400	55.0000	739584.719468
56.4489	-0.4961	2.8463	-238.0400	55.0000	739584.719468
56.5657	-0.4961	2.8463	-238.0400	55.0000	739584.719468
56.6824	-0.4961	2.8463	-238.0400	55.0000	739584.719468
56.7991	-0.4961	2.8463	-238.0400	55.0000	739584.719468
56.9157	-0.4961	2.8463	-238.0400	55.0000	739584.719468
57.0159	-0.4961	2.8463	-244.1400	55.0000	739584.719468
57.1163	-0.4961	2.8463	-251.4600	55.0000	739584.719468
57.2165	-0.4961	2.8463	-256.3400	55.0000	739584.719468
57.3180	-0.4961	2.8463	-256.3400	55.0000	739584.719468
57.4328	-0.4961	2.8463	-256.3400	55.0000	739584.719468
57.5331	-0.4961	2.8463	-256.3400	55.0000	739584.719468
57.6500	-0.4961	2.8463	-256.3400	55.0000	739584.719468
57.7665	-0.4819	2.9046	-256.3400	55.0000	739584.719468
57.8668	-0.4536	3.0212	-256.3400	55.0000	739584.719468
57.9834	-0.4205	3.1573	-256.3400	55.0000	739584.719468
58.0837	-0.3922	3.2739	-256.3400	55.0000	739584.719468
58.1838	-0.3638	3.3905	-256.3400	55.0000	739584.719468
58.3004	-0.3497	3.4488	-256.3400	55.0000	739584.719468
58.4176	-0.3497	3.4488	-262.4400	55.0000	739584.719468
58.5340	-0.3497	3.4488	-270.9800	55.0000	739584.719468
58.6341	-0.3497	3.4488	-278.3000	55.0000	739584.719468
58.7516	-0.3497	3.4488	-278.3000	55.0000	739584.719468
58.8676	-0.3497	3.4488	-278.3000	55.0000	739584.719468
58.9677	-0.3497	3.4488	-278.3000	55.0000	739584.719468
59.0681	-0.3641	3.5477	-278.3000	55.0000	739584.719468
59.1846	-0.3843	3.6863	-278.3000	55.0000	739584.719468
59.3014	-0.4045	3.8248	-278.3000	55.0000	739584.719468
59.4014	-0.4218	3.9436	-278.3000	55.0000	739584.719468
59.5015	-0.4392	4.0623	-278.3000	55.0000	739584.719468
59.6183	-0.4594	4.2008	-278.3000	55.0000	739584.719468
59.7350	-0.4796	4.3394	-278.3000	55.0000	739584.719468
59.8372	-0.4969	4.4581	-278.3000	55.0000	739584.719468
59.9519	-0.5171	4.5966	-278.3000	55.0000	739584.719468
60.0524	-0.5344	4.7154	-278.3000	55.0000	739584.719468
60.1688	-0.5431	4.7748	-278.3000	55.0000	739584.719468
60.2690	-0.5431	4.7748	-278.3000	55.0000	739584.719468
60.3856	-0.5431	4.7748	-278.3000	55.0000	739584.719468
60.4857	-0.5431	4.7748	-278.3000	55.0000	739584.719468
60.6025	-0.5431	4.7748	-272.2000	55.0000	739584.719468
60.7192	-0.5431	4.7748	-263.6600	55.0000	739584.719468
60.8194	-0.5431	4.7748	-256.3400	55.0000	739584.719468
60.9374	-0.5431	4.7748	-256.3400	55.0000	739584.719468
61.0529	-0.5431	4.7748	-256.3400	55.0000	739584.719468
61.1530	-0.5431	4.7748	-256.3400	55.0000	739584.719468
61.2531	-0.5431	4.7748	-256.3400	55.0000	739584.719468
61.3532	-0.5431	4.7748	-256.3400	55.0000	739584.719468
61.4533	-0.5431	4.7748	-256.3400	55.0000	739584.719468
61.5701	-0.5431	4.7748	-251.4600	55.0000	739584.719468
61.6868	-0.5431	4.7748	-245.3600	55.0000	739584.719468
61.7869	-0.5431	4.7748	-245.3600	55.0000	739584.719468
61.9038	-0.5431	4.7748	-245.3600	55.0000	739584.719468
62.0205	-0.5431	4.7748	-245.3600	55.0000	739584.719468
62.1373	-0.4931	4.8838	-245.3600	55.0000	739584.719468
62.2375	-0.4430	4.9929	-245.3600	55.0000	739584.719468
62.3537	-0.3847	5.1202	-245.3600	55.0000	739584.719468
62.4545	-0.3346	5.2292	-245.3600	55.0000	739584.719468
62.5711	-0.2763	5.3565	-245.3600	55.0000	739584.719468
62.6878	-0.2179	5.4837	-245.3600	55.0000	739584.719468
62.8044	-0.1595	5.6110	-245.3600	55.0000	739584.719468
62.9048	-0.1095	5.7201	-245.3600	55.0000	739584.719468
63.0214	-0.0511	5.8473	-245.3600	55.0000	739584.719468
63.1214	-0.0011	5.9564	-245.3600	55.0000	739584.719468
63.2382	0.0573	6.0836	-245.3600	55.0000	739584.719468
63.3384	0.1073	6.1927	-245.3600	55.0000	739584.719468
0.1294	0.0000	0.0000	45.0000	55.0000	739584.770567
0.2295	0.0000	0.0000	45.0000	55.0000	739584.770567
0.3296	0.0000	0.0000	45.0000	55.0000	739584.770567
0.4463	0.0000	0.0000	45.0000	55.0000	739584.770567
0.5464	0.0000	0.0000	45.0000	55.0000	739584.770567
0.6466	0.0000	0.0000	45.0000	55.0000	739584.770567
0.7632	0.0000	0.0000	45.0000	55.0000	739584.770567
0.8634	0.0000	0.0000	45.0000	55.0000	739584.770567
0.9635	0.0000	0.0000	45.0000	55.0000	739584.770567
1.0802	0.0000	0.0000	45.0000	55.0000	739584.770567
1.1804	0.0000	0.0000	45.0000	55.0000	739584.770567
1.2971	0.0000	0.0000	43.7800	55.0000	739584.770567
1.3971	0.0000	0.0000	36.4600	55.0000	739584.770567
1.4972	0.0000	0.0000	29.1400	55.0000	739584.770567
1.5973	0.0000	0.0000	21.8200	55.0000	739584.770567
1.6974	0.0000	0.0000	21.8200	55.0000	739584.770567
1.8157	0.0000	0.0000	21.8200	55.0000	739584.770567
1.9158	0.0000	0.0000	21.8200	55.0000	739584.770567
2.0312	0.0000	0.0000	21.8200	55.0000	739584.770567
2.1480	-0.0371	0.0149	21.8200	55.0000	739584.770567
2.2646	-0.1671	0.0669	21.8200	55.0000	739584.770567
2.3647	-0.2785	0.1115	21.8200	55.0000	739584.770567
2.4814	-0.4085	0.1635	21.8200	55.0000	739584.770567
2.5817	-0.5199	0.2081	21.8200	55.0000	739584.770567
2.6818	-0.6313	0.2528	21.8200	55.0000	739584.770567
2.7984	-0.7613	0.3048	21.8200	55.0000	739584.770567
2.8987	-0.8727	0.3494	21.8200	55.0000	739584.770567
3.0154	-0.9284	0.3717	21.8200	55.0000	739584.770567
3.1155	-0.9284	0.3717	20.6000	55.0000	739584.770567
3.2160	-0.9284	0.3717	13.2800	55.0000	739584.770567
3.3321	-0.9284	0.3717	4.7400	55.0000	739584.770567
3.4323	-0.9284	0.3717	-2.5800	55.0000	739584.770567
3.5323	-0.9284	0.3717	-2.5800	55.0000	739584.770567
3.6325	-0.9284	0.3717	-2.5800	55.0000	739584.770567
3.7326	-1.0482	0.3663	-2.5800	55.0000	739584.770567
3.8329	-1.1681	0.3609	-2.5800	55.0000	739584.770567
3.9331	-1.2880	0.3555	-2.5800	55.0000	739584.770567
4.0331	-1.4079	0.3501	-2.5800	55.0000	739584.770567
4.1496	-1.5477	0.3438	-2.5800	55.0000	739584.770567
4.2497	-1.6676	0.3384	-2.5800	55.0000	739584.770567
4.3499	-1.7875	0.3330	-2.5800	55.0000	739584.770567
4.4666	-1.9273	0.3267	-2.5800	55.0000	739584.770567
4.5667	-2.0472	0.3213	-2.5800	55.0000	739584.770567
4.6834	-2.1871	0.3150	-2.5800	55.0000	739584.770567
4.7836	-2.3070	0.3096	-2.5800	55.0000	739584.770567
4.8836	-2.4268	0.3042	-2.5800	55.0000	739584.770567
4.9838	-2.5467	0.2988	-2.5800	55.0000	739584.770567
5.1005	-2.6866	0.2925	-2.5800	55.0000	739584.770567
5.2007	-2.8065	0.2871	-2.5800	55.0000	739584.770567
5.3173	-2.9463	0.2871	3.5200	55.0000	739584.770567
5.4341	-2.9862	0.2909	12.0600	55.0000	739584.770567
5.5344	-2.9862	0.2909	19.3800	55.0000	739584.770567
5.6515	-2.9862	0.2909	27.9200	55.0000	739584.770567
5.7679	-2.9862	0.2909	36.4600	55.0000	739584.770567
5.8845	-2.9862	0.2909	45.0000	55.0000	739584.770567
5.9846	-2.9862	0.2909	52.3200	55.0000	739584.770567
6.0847	-2.9862	0.2909	59.6400	55.0000	739584.770567
6.2014	-2.9862	0.2909	68.1800	55.0000	739584.770567
6.3182	-2.9862	0.2909	74.2800	55.0000	739584.770567
6.4183	-2.9862	0.2909	74.2800	55.0000	739584.770567
6.5351	-2.9862	0.2909	74.2800	55.0000	739584.770567
6.6352	-2.9862	0.2909	74.2800	55.0000	739584.770567
6.7520	-2.9862	0.2909	74.2800	55.0000	739584.770567
6.8687	-2.9862	0.2909	74.2800	55.0000	739584.770567
6.9855	-2.9862	0.2909	74.2800	55.0000	739584.770567
7.1022	-2.9862	0.2909	74.2800	55.0000	739584.770567
7.2024	-2.9862	0.2909	79.1600	55.0000	739584.770567
7.3191	-2.9862	0.2909	87.7000	55.0000	739584.770567
7.4193	-2.9862	0.2909	95.0200	55.0000	739584.770567
7.5194	-2.9862	0.2909	97.4600	55.0000	739584.770567
7.6362	-2.9862	0.2909	97.4600	55.0000	739584.770567
7.7528	-2.9862	0.2909	97.4600	55.0000	739584.770567
7.8532	-2.9862	0.2909	101.1200	55.0000	739584.770567
7.9704	-2.9862	0.2909	109.6600	55.0000	739584.770567
8.0864	-2.9862	0.2909	118.2000	55.0000	739584.770567
8.1865	-2.9862	0.2909	124.3000	55.0000	739584.770567
8.2866	-2.9862	0.2909	124.3000	55.0000	739584.770567
8.4034	-2.9862	0.2909	124.3000	55.0000	739584.770567
8.5035	-2.9862	0.2909	127.9600	55.0000	739584.770567
8.6203	-2.9862	0.2909	136.5000	55.0000	739584.770567
8.7372	-2.9862	0.2909	145.0400	55.0000	739584.770567
8.8547	-2.9862	0.2909	153.5800	55.0000	739584.770567
8.9705	-2.9862	0.2909	162.1200	55.0000	739584.770567
9.0707	-2.9862	0.2909	169.4400	55.0000	739584.770567
9.1708	-2.9862	0.2909	173.1000	55.0000	739584.770567
9.2875	-2.9862	0.2909	173.1000	55.0000	739584.770567
9.3877	-2.9862	0.2909	173.1000	55.0000	739584.770567
9.5044	-2.9862	0.2909	174.3200	55.0000	739584.770567
9.6045	-2.9862	0.2909	181.6400	55.0000	739584.770567
9.7047	-2.9862	0.2909	188.9600	55.0000	739584.770567
9.8213	-2.9862	0.2909	197.5000	55.0000	739584.770567
9.9380	-2.9862	0.2909	198.7200	55.0000	739584.770567
10.0382	-2.9862	0.2909	198.7200	55.0000	739584.770567
10.1550	-2.9862	0.2909	198.7200	55.0000	739584.770567
10.2551	-2.9862	0.2909	198.7200	55.0000	739584.770567
10.3718	-2.9862	0.2909	198.7200	55.0000	739584.770567
10.4887	-2.9862	0.2909	198.7200	55.0000	739584.770567
10.5888	-2.9862	0.2909	198.7200	55.0000	739584.770567
10.7056	-2.9862	0.2909	198.7200	55.0000	739584.770567
10.8222	-2.9862	0.2909	198.7200	55.0000	739584.770567
10.9224	-2.9862	0.2909	198.7200	55.0000	739584.770567
11.0225	-2.9862	0.2909	198.7200	55.0000	739584.770567
11.1393	-2.9862	0.2909	198.7200	55.0000	739584.770567
11.2560	-2.9672	0.2845	198.7200	55.0000	739584.770567
11.3560	-2.8536	0.2459	198.7200	55.0000	739584.770567
11.4561	-2.7399	0.2074	198.7200	55.0000	739584.770567
11.5729	-2.6073	0.1625	198.7200	55.0000	739584.770567
11.6897	-2.4937	0.1304	198.7200	55.0000	739584.770567
11.7897	-2.4369	0.1304	198.7200	55.0000	739584.770567
11.9065	-2.3706	0.1304	198.7200	55.0000	739584.770567
12.0233	-2.3042	0.1304	197.5000	55.0000	739584.770567
12.1235	-2.2656	0.1252	190.1800	55.0000	739584.770567
12.2402	-2.2656	0.1252	181.6400	55.0000	739584.770567
12.3407	-2.2656	0.1252	175.5400	55.0000	739584.770567
12.4570	-2.2656	0.1252	175.5400	55.0000	739584.770567
12.5572	-2.2257	0.1283	175.5400	55.0000	739584.770567
12.6738	-2.0861	0.1392	175.5400	55.0000	739584.770567
12.7741	-1.9665	0.1485	175.5400	55.0000	739584.770567
12.8907	-1.8269	0.1594	175.5400	55.0000	739584.770567
12.9910	-1.7073	0.1688	175.5400	55.0000	739584.770567
13.1076	-1.5677	0.1796	175.5400	55.0000	739584.770567
13.2077	-1.4481	0.1890	175.5400	55.0000	739584.770567
13.3078	-1.3284	0.1983	175.5400	55.0000	739584.770567
13.4244	-1.1888	0.2092	175.5400	55.0000	739584.770567
13.5246	-1.0692	0.2185	175.5400	55.0000	739584.770567
13.6247	-0.9496	0.2279	175.5400	55.0000	739584.770567
13.7248	-0.8299	0.2372	175.5400	55.0000	739584.770567
13.8249	-0.7103	0.2465	175.5400	55.0000	739584.770567
13.9415	-0.6305	0.2519	179.2000	55.0000	739584.770567
14.0417	-0.6305	0.2519	186.5200	55.0000	739584.770567
14.1586	-0.6305	0.2519	195.0600	55.0000	739584.770567
14.2588	-0.6305	0.2519	202.3800	55.0000	739584.770567
14.3754	-0.6305	0.2519	210.9200	55.0000	739584.770567
14.4755	-0.6305	0.2519	212.1400	55.0000	739584.770567
14.5757	-0.6305	0.2519	212.1400	55.0000	739584.770567
14.6923	-0.6305	0.2519	212.1400	55.0000	739584.770567
14.7924	-0.6305	0.2519	212.1400	55.0000	739584.770567
14.9092	-0.6305	0.2519	212.1400	55.0000	739584.770567
15.0094	-0.6305	0.2519	212.1400	55.0000	739584.770567
15.1262	-0.6305	0.2519	212.1400	55.0000	739584.770567
15.2428	-0.6305	0.2519	204.8200	55.0000	739584.770567
15.3429	-0.6305	0.2519	197.5000	55.0000	739584.770567
15.4432	-0.6305	0.2519	190.1800	55.0000	739584.770567
15.5598	-0.6305	0.2519	181.6400	55.0000	739584.770567
15.6765	-0.6305	0.2519	173.1000	55.0000	739584.770567
15.7766	-0.6305	0.2519	165.7800	55.0000	739584.770567
15.8934	-0.6305	0.2519	157.2400	55.0000	739584.770567
15.9935	-0.6305	0.2519	149.9200	55.0000	739584.770567
16.1103	-0.6305	0.2519	141.3800	55.0000	739584.770567
16.2106	-0.6305	0.2519	134.0600	55.0000	739584.770567
16.3273	-0.6305	0.2519	125.5200	55.0000	739584.770567
16.4439	-0.6305	0.2519	116.9800	55.0000	739584.770567
16.5607	-0.6305	0.2519	108.4400	55.0000	739584.770567
16.6608	-0.6305	0.2519	101.1200	55.0000	739584.770567
16.7775	-0.6305	0.2519	92.5800	55.0000	739584.770567
16.8776	-0.6305	0.2519	85.2600	55.0000	739584.770567
16.9777	-0.6305	0.2519	77.9400	55.0000	739584.770567
17.0947	-0.6305	0.2519	69.4000	55.0000	739584.770567
17.2112	-0.6305	0.2519	60.8600	55.0000	739584.770567
17.3281	-0.6305	0.2519	53.5400	55.0000	739584.770567
17.4448	-0.6305	0.2519	53.5400	55.0000	739584.770567
17.5448	-0.6305	0.2519	53.5400	55.0000	739584.770567
17.6449	-0.6305	0.2519	53.5400	55.0000	739584.770567
17.7618	-0.6305	0.2519	53.5400	55.0000	739584.770567
17.8785	-0.6305	0.2519	46.2200	55.0000	739584.770567
17.9787	-0.6305	0.2519	38.9000	55.0000	739584.770567
18.0955	-0.6305	0.2519	30.3600	55.0000	739584.770567
18.2122	-0.6305	0.2519	21.8200	55.0000	739584.770567
18.3288	-0.6305	0.2519	13.2800	55.0000	739584.770567
18.4291	-0.6305	0.2519	9.6200	55.0000	739584.770567
18.5457	-0.6305	0.2519	9.6200	55.0000	739584.770567
18.6458	-0.6305	0.2519	9.6200	55.0000	739584.770567
18.7461	-0.6896	0.2619	9.6200	55.0000	739584.770567
18.8627	-0.8277	0.2853	9.6200	55.0000	739584.770567
18.9797	-0.9657	0.3087	9.6200	55.0000	739584.770567
19.0962	-1.1037	0.3321	9.6200	55.0000	739584.770567
19.1963	-1.2221	0.3522	9.6200	55.0000	739584.770567
19.3132	-1.3601	0.3756	9.6200	55.0000	739584.770567
19.4298	-1.4981	0.3989	9.6200	55.0000	739584.770567
19.5301	-1.6164	0.4190	9.6200	55.0000	739584.770567
19.6467	-1.7545	0.4424	9.6200	55.0000	739584.770567
19.7634	-1.8925	0.4658	9.6200	55.0000	739584.770567
19.8803	-2.0305	0.4892	9.6200	55.0000	739584.770567
19.9970	-2.1291	0.5059	9.6200	55.0000	739584.770567
20.0972	-2.1291	0.5059	15.7200	55.0000	739584.770567
20.2139	-2.1291	0.5059	24.2600	55.0000	739584.770567
20.3140	-2.1291	0.5059	31.5800	55.0000	739584.770567
20.4308	-2.1291	0.5059	40.1200	55.0000	739584.770567
20.5494	-2.1291	0.5059	48.6600	55.0000	739584.770567
20.6643	-2.1291	0.5059	57.2000	55.0000	739584.770567
20.7810	-2.1291	0.5059	65.7400	55.0000	739584.770567
20.8811	-2.1291	0.5059	73.0600	55.0000	739584.770567
20.9812	-2.1291	0.5059	73.0600	55.0000	739584.770567
21.0814	-2.1291	0.5059	73.0600	55.0000	739584.770567
21.1982	-2.1291	0.5059	73.0600	55.0000	739584.770567
21.3149	-2.1291	0.5059	73.0600	55.0000	739584.770567
21.4150	-2.1291	0.5059	73.0600	55.0000	739584.770567
21.5317	-2.1291	0.5059	73.0600	55.0000	739584.770567
21.6319	-2.1291	0.5059	73.0600	55.0000	739584.770567
21.7320	-2.1291	0.5059	73.0600	55.0000	739584.770567
21.8321	-2.1291	0.5059	73.0600	55.0000	739584.770567
21.9491	-2.1291	0.5059	73.0600	55.0000	739584.770567
22.0656	-2.1291	0.5059	73.0600	55.0000	739584.770567
22.1657	-2.1291	0.5059	73.0600	55.0000	739584.770567
22.2824	-2.1291	0.5059	73.0600	55.0000	739584.770567
22.3825	-2.1291	0.5059	73.0600	55.0000	739584.770567
22.4826	-2.1291	0.5059	77.9400	55.0000	739584.770567
22.5827	-2.1291	0.5059	85.2600	55.0000	739584.770567
22.6996	-2.1291	0.5059	93.8000	55.0000	739584.770567
22.8161	-2.1291	0.5059	98.6800	55.0000	739584.770567
22.9163	-2.1291	0.5059	98.6800	55.0000	739584.770567
23.0331	-2.1291	0.5059	98.6800	55.0000	739584.770567
23.1498	-2.1291	0.5059	96.2400	55.0000	739584.770567
23.2499	-2.1291	0.5059	88.9200	55.0000	739584.770567
23.3667	-2.1291	0.5059	80.3800	55.0000	739584.770567
23.4669	-2.1291	0.5059	73.0600	55.0000	739584.770567
23.5836	-2.1291	0.5059	64.5200	55.0000	739584.770567
23.7004	-2.1291	0.5059	55.9800	55.0000	739584.770567
23.8005	-2.1291	0.5059	48.6600	55.0000	739584.770567
23.9171	-2.1291	0.5059	40.1200	55.0000	739584.770567
24.0173	-2.1291	0.5059	32.8000	55.0000	739584.770567
24.1341	-2.1291	0.5059	24.2600	55.0000	739584.770567
24.2343	-2.1291	0.5059	16.9400	55.0000	739584.770567
24.3510	-2.1291	0.5059	16.9400	55.0000	739584.770567
24.4678	-2.1291	0.5059	16.9400	55.0000	739584.770567
24.5844	-2.2630	0.5467	16.9400	55.0000	739584.770567
24.6846	-2.3778	0.5817	16.9400	55.0000	739584.770567
24.7847	-2.4926	0.6166	16.9400	55.0000	739584.770567
24.9015	-2.6266	0.6574	16.9400	55.0000	739584.770567
25.0016	-2.7413	0.6924	16.9400	55.0000	739584.770567
25.1184	-2.8753	0.7332	16.9400	55.0000	739584.770567
25.2350	-3.0092	0.7740	16.9400	55.0000	739584.770567
25.3351	-3.0857	0.7973	16.9400	55.0000	739584.770567
25.4352	-3.0857	0.7973	24.2600	55.0000	739584.770567
25.5355	-3.0857	0.7973	31.5800	55.0000	739584.770567
25.6521	-3.0857	0.7973	40.1200	55.0000	739584.770567
25.7689	-3.0857	0.7973	48.6600	55.0000	739584.770567
25.8691	-3.0857	0.7973	55.9800	55.0000	739584.770567
25.9857	-3.0857	0.7973	64.5200	55.0000	739584.770567
26.0859	-3.0857	0.7973	68.1800	55.0000	739584.770567
26.2026	-3.0857	0.7973	68.1800	55.0000	739584.770567
26.3194	-3.0857	0.7973	68.1800	55.0000	739584.770567
26.4196	-3.0857	0.7973	70.6200	55.0000	739584.770567
26.5361	-3.0857	0.7973	79.1600	55.0000	739584.770567
26.6531	-3.0857	0.7973	87.7000	55.0000	739584.770567
26.7697	-3.0857	0.7973	96.2400	55.0000	739584.770567
26.8864	-3.0857	0.7973	104.7800	55.0000	739584.770567
26.9866	-3.0857	0.7973	112.1000	55.0000	739584.770567
27.0867	-3.0857	0.7973	115.7600	55.0000	739584.770567
27.2035	-3.0857	0.7973	115.7600	55.0000	739584.770567
27.3203	-3.0249	0.9234	115.7600	55.0000	739584.770567
27.4205	-2.9727	1.0314	115.7600	55.0000	739584.770567
27.5370	-2.9119	1.1575	115.7600	55.0000	739584.770567
27.6371	-2.8597	1.2656	115.7600	55.0000	739584.770567
27.7540	-2.7989	1.3917	115.7600	55.0000	739584.770567
27.8541	-2.7467	1.4998	115.7600	55.0000	739584.770567
27.9708	-2.6859	1.6258	115.7600	55.0000	739584.770567
28.0709	-2.6361	1.7350	112.1000	55.0000	739584.770567
28.1878	-2.5947	1.8686	103.5600	55.0000	739584.770567
28.2879	-2.5753	1.9869	96.2400	55.0000	739584.770567
28.4046	-2.5656	2.1266	93.8000	55.0000	739584.770567
28.5213	-2.5563	2.2663	93.8000	55.0000	739584.770567
28.6215	-2.5484	2.3860	93.8000	55.0000	739584.770567
28.7382	-2.5391	2.5257	93.8000	55.0000	739584.770567
28.8564	-2.5298	2.6654	93.8000	55.0000	739584.770567
28.9718	-2.5205	2.8051	93.8000	55.0000	739584.770567
29.0887	-2.5113	2.9448	93.8000	55.0000	739584.770567
29.2052	-2.5020	3.0845	93.8000	55.0000	739584.770567
29.3219	-2.4927	3.2242	93.8000	55.0000	739584.770567
29.4221	-2.4847	3.3439	93.8000	55.0000	739584.770567
29.5387	-2.4755	3.4836	93.8000	55.0000	739584.770567
29.6389	-2.4675	3.6033	93.8000	55.0000	739584.770567
29.7391	-2.4596	3.7231	93.8000	55.0000	739584.770567
29.8571	-2.4490	3.8627	96.2400	55.0000	739584.770567
29.9726	-2.4400	3.9220	104.7800	55.0000	739584.770567
30.0894	-2.4400	3.9220	113.3200	55.0000	739584.770567
30.1896	-2.4400	3.9220	120.6400	55.0000	739584.770567
30.3063	-2.4400	3.9220	129.1800	55.0000	739584.770567
30.4230	-2.4400	3.9220	137.7200	55.0000	739584.770567
30.5232	-2.4400	3.9220	145.0400	55.0000	739584.770567
30.6400	-2.4400	3.9220	147.4800	55.0000	739584.770567
30.7569	-2.4400	3.9220	147.4800	55.0000	739584.770567
30.8733	-2.3388	3.9865	147.4800	55.0000	739584.770567
30.9734	-2.2376	4.0510	147.4800	55.0000	739584.770567
31.0737	-2.1364	4.1155	147.4800	55.0000	739584.770567
31.1739	-2.0352	4.1800	147.4800	55.0000	739584.770567
31.2904	-1.9172	4.2553	147.4800	55.0000	739584.770567
31.4072	-1.7991	4.3305	147.4800	55.0000	739584.770567
31.5240	-1.6811	4.4058	147.4800	55.0000	739584.770567
31.6241	-1.5965	4.4592	149.9200	55.0000	739584.770567
31.7408	-1.5965	4.4592	158.4600	55.0000	739584.770567
31.8409	-1.5965	4.4592	165.7800	55.0000	739584.770567
31.9576	-1.5965	4.4592	174.3200	55.0000	739584.770567
32.0744	-1.5965	4.4592	182.8600	55.0000	739584.770567
32.1747	-1.5965	4.4592	190.1800	55.0000	739584.770567
32.2915	-1.5965	4.4592	198.7200	55.0000	739584.770567
32.4080	-1.5965	4.4592	207.2600	55.0000	739584.770567
32.5084	-1.5965	4.4592	214.5800	55.0000	739584.770567
32.6249	-1.5965	4.4592	223.1200	55.0000	739584.770567
32.7251	-1.5965	4.4592	230.4400	55.0000	739584.770567
32.8418	-1.5965	4.4592	238.9800	55.0000	739584.770567
32.9418	-1.5965	4.4592	242.6400	55.0000	739584.770567
33.0419	-1.5965	4.4592	242.6400	55.0000	739584.770567
33.1421	-1.5965	4.4592	243.8600	55.0000	739584.770567
33.2422	-1.5965	4.4592	251.1800	55.0000	739584.770567
33.3589	-1.5965	4.4592	259.7200	55.0000	739584.770567
33.4590	-1.5965	4.4592	267.0400	55.0000	739584.770567
33.5592	-1.5965	4.4592	274.3600	55.0000	739584.770567
33.6758	-1.5965	4.4592	275.5800	55.0000	739584.770567
33.7760	-1.6004	4.4194	275.5800	55.0000	739584.770567
33.8927	-1.6140	4.2800	275.5800	55.0000	739584.770567
34.0096	-1.6276	4.1407	275.5800	55.0000	739584.770567
34.1098	-1.6393	4.0213	275.5800	55.0000	739584.770567
34.2264	-1.6529	3.8819	275.5800	55.0000	739584.770567
34.3433	-1.6665	3.7426	275.5800	55.0000	739584.770567
34.4599	-1.6801	3.6033	275.5800	55.0000	739584.770567
34.5600	-1.6918	3.4838	275.5800	55.0000	739584.770567
34.6602	-1.7035	3.3644	275.5800	55.0000	739584.770567
34.7770	-1.7171	3.2251	275.5800	55.0000	739584.770567
34.8936	-1.7307	3.0857	275.5800	55.0000	739584.770567
34.9938	-1.7381	2.9660	270.7000	55.0000	739584.770567
35.1107	-1.7279	2.8265	262.1600	55.0000	739584.770567
35.2273	-1.7128	2.7480	253.6200	55.0000	739584.770567
35.3274	-1.7128	2.7480	246.3000	55.0000	739584.770567
35.4441	-1.7128	2.7480	237.7600	55.0000	739584.770567
35.5443	-1.7128	2.7480	230.4400	55.0000	739584.770567
35.6616	-1.7128	2.7480	221.9000	55.0000	739584.770567
35.7780	-1.7128	2.7480	219.4600	55.0000	739584.770567
35.8783	-1.7128	2.7480	219.4600	55.0000	739584.770567
35.9948	-1.6047	2.6590	219.4600	55.0000	739584.770567
36.0951	-1.5121	2.5827	219.4600	55.0000	739584.770567
36.2116	-1.4040	2.4938	219.4600	55.0000	739584.770567
36.3283	-1.2959	2.4048	219.4600	55.0000	739584.770567
36.4449	-1.2959	2.4048	219.4600	55.0000	739584.770567
36.5451	-1.2805	2.3921	219.4600	55.0000	739584.770567
36.6454	-1.1878	2.3158	219.4600	55.0000	739584.770567
36.7456	-1.0952	2.2395	219.4600	55.0000	739584.770567
36.8458	-1.0025	2.1633	219.4600	55.0000	739584.770567
36.9624	-0.8944	2.0743	219.4600	55.0000	739584.770567
37.0788	-0.7863	1.9853	219.4600	55.0000	739584.770567
37.1789	-0.7555	1.9599	217.0200	55.0000	739584.770567
37.2791	-0.7555	1.9599	209.7000	55.0000	739584.770567
37.3959	-0.7555	1.9599	201.1600	55.0000	739584.770567
37.5125	-0.7555	1.9599	192.6200	55.0000	739584.770567
37.6128	-0.7555	1.9599	185.3000	55.0000	739584.770567
37.7296	-0.7555	1.9599	176.7600	55.0000	739584.770567
37.8463	-0.7555	1.9599	168.2200	55.0000	739584.770567
37.9631	-0.7555	1.9599	159.6800	55.0000	739584.770567
38.0631	-0.7555	1.9599	152.3600	55.0000	739584.770567
38.1634	-0.7555	1.9599	145.0400	55.0000	739584.770567
38.2800	-0.7555	1.9599	136.5000	55.0000	739584.770567
38.3968	-0.7555	1.9599	135.2800	55.0000	739584.770567
38.4969	-0.7555	1.9599	135.2800	55.0000	739584.770567
38.6137	-0.7555	1.9599	135.2800	55.0000	739584.770567
38.7303	-0.7555	1.9599	130.4000	55.0000	739584.770567
38.8305	-0.7555	1.9599	123.0800	55.0000	739584.770567
38.9306	-0.7555	1.9599	115.7600	55.0000	739584.770567
39.0473	-0.7555	1.9599	107.2200	55.0000	739584.770567
39.1641	-0.7555	1.9599	99.9000	55.0000	739584.770567
39.2654	-0.7555	1.9599	99.9000	55.0000	739584.770567
39.3826	-0.7555	1.9599	99.9000	55.0000	739584.770567
39.4978	-0.7451	2.0190	99.9000	55.0000	739584.770567
39.6145	-0.7211	2.1569	99.9000	55.0000	739584.770567
39.7313	-0.6970	2.2948	99.9000	55.0000	739584.770567
39.8479	-0.6729	2.4328	99.9000	55.0000	739584.770567
39.9481	-0.6523	2.5510	99.9000	55.0000	739584.770567
40.0482	-0.6317	2.6692	99.9000	55.0000	739584.770567
40.1483	-0.6123	2.7876	97.4600	55.0000	739584.770567
40.2651	-0.6123	2.7876	88.9200	55.0000	739584.770567
40.3653	-0.6123	2.7876	81.6000	55.0000	739584.770567
40.4825	-0.6123	2.7876	81.6000	55.0000	739584.770567
40.5987	-0.6123	2.7876	81.6000	55.0000	739584.770567
40.6988	-0.6240	2.8667	81.6000	55.0000	739584.770567
40.7991	-0.6415	2.9855	81.6000	55.0000	739584.770567
40.9156	-0.6620	3.1240	81.6000	55.0000	739584.770567
41.0157	-0.6795	3.2427	81.6000	55.0000	739584.770567
41.1158	-0.6970	3.3614	81.6000	55.0000	739584.770567
41.2160	-0.7146	3.4801	81.6000	55.0000	739584.770567
41.3327	-0.7350	3.6186	81.6000	55.0000	739584.770567
41.4493	-0.7555	3.7571	81.6000	55.0000	739584.770567
41.5495	-0.7730	3.8758	81.6000	55.0000	739584.770567
41.6662	-0.7934	4.0143	81.6000	55.0000	739584.770567
41.7664	-0.8106	4.1331	82.8200	55.0000	739584.770567
41.8665	-0.8155	4.1929	90.1400	55.0000	739584.770567
41.9832	-0.8155	4.1929	98.6800	55.0000	739584.770567
42.0833	-0.8155	4.1929	106.0000	55.0000	739584.770567
42.1833	-0.8155	4.1929	108.4400	55.0000	739584.770567
42.2835	-0.7902	4.2687	108.4400	55.0000	739584.770567
42.3836	-0.7522	4.3826	108.4400	55.0000	739584.770567
42.4837	-0.7143	4.4964	108.4400	55.0000	739584.770567
42.6005	-0.6700	4.6292	108.4400	55.0000	739584.770567
42.7173	-0.6257	4.7620	108.4400	55.0000	739584.770567
42.8340	-0.5814	4.8949	108.4400	55.0000	739584.770567
42.9509	-0.5372	5.0277	108.4400	55.0000	739584.770567
43.0674	-0.4995	5.1203	116.9800	55.0000	739584.770567
43.1677	-0.4995	5.1203	124.3000	55.0000	739584.770567
43.2844	-0.4995	5.1203	132.8400	55.0000	739584.770567
43.3845	-0.4588	5.1643	132.8400	55.0000	739584.770567
43.4846	-0.3772	5.2523	132.8400	55.0000	739584.770567
43.5847	-0.2956	5.3403	132.8400	55.0000	739584.770567
43.6848	-0.2140	5.4282	132.8400	55.0000	739584.770567
43.8016	-0.1370	5.5244	132.8400	55.0000	739584.770567
43.9182	-0.0602	5.6217	131.6200	55.0000	739584.770567
44.0184	-0.0103	5.6842	124.3000	55.0000	739584.770567
44.1186	-0.0103	5.6842	116.9800	55.0000	739584.770567
44.2204	-0.0103	5.6842	109.6600	55.0000	739584.770567
44.3354	-0.0103	5.6842	101.1200	55.0000	739584.770567
44.4520	-0.0103	5.6842	99.9000	55.0000	739584.770567
44.5522	-0.0103	5.6842	99.9000	55.0000	739584.770567
44.6525	0.0069	5.7827	99.9000	55.0000	739584.770567
44.7693	0.0310	5.9206	99.9000	55.0000	739584.770567
44.8858	0.0550	6.0586	99.9000	55.0000	739584.770567
44.9860	0.0757	6.1768	99.9000	55.0000	739584.770567
