T	X	Y	HEADING	PERPSECTIVE_ANGLE	NOW_NUM
0.1315	0.0000	0.0000	45.0000	55.0000	739584.719468
0.2482	0.0000	0.0000	45.0000	55.0000	739584.719468
0.3649	0.0000	0.0000	45.0000	55.0000	739584.719468
0.4650	0.0000	0.0000	45.0000	55.0000	739584.719468
0.5652	0.0000	0.0000	45.0000	55.0000	739584.719468
0.6818	0.0000	0.0000	45.0000	55.0000	739584.719468
0.7820	0.0000	0.0000	45.0000	55.0000	739584.719468
0.8820	0.0000	0.0000	45.0000	55.0000	739584.719468
0.9822	0.0000	0.0000	45.0000	55.0000	739584.719468
1.0988	0.0000	0.0000	45.0000	55.0000	739584.719468
1.1990	0.0000	0.0000	45.0000	55.0000	739584.719468
1.2991	0.0000	0.0000	45.0000	55.0000	739584.719468
1.3992	0.0000	0.0000	45.0000	55.0000	739584.719468
1.4993	0.0000	0.0000	45.0000	55.0000	739584.719468
1.5998	0.0000	0.0000	45.0000	55.0000	739584.719468
1.7162	0.0000	0.0000	45.0000	55.0000	739584.719468
1.8163	0.0000	0.0000	45.0000	55.0000	739584.719468
1.9330	0.0000	0.0000	47.4400	55.0000	739584.719468
2.0331	0.0000	0.0000	54.7600	55.0000	739584.719468
2.1499	0.0000	0.0000	58.4200	55.0000	739584.719468
2.2501	0.0000	0.0000	58.4200	55.0000	739584.719468
2.3523	0.0000	0.0000	58.4200	55.0000	739584.719468
2.4670	0.0000	0.0000	65.7400	55.0000	739584.719468
2.5670	0.0000	0.0000	73.0600	55.0000	739584.719468
2.6676	0.0000	0.0000	80.3800	55.0000	739584.719468
2.7838	0.0000	0.0000	88.9200	55.0000	739584.719468
2.8843	0.0000	0.0000	93.8000	55.0000	739584.719468
3.0007	0.0000	0.0000	93.8000	55.0000	739584.719468
3.1174	0.0000	0.0000	93.8000	55.0000	739584.719468
3.2341	0.0000	0.0000	93.8000	55.0000	739584.719468
3.3342	0.0000	0.0000	93.8000	55.0000	739584.719468
3.4343	0.0000	0.0000	93.8000	55.0000	739584.719468
3.5529	0.0000	0.0000	93.8000	55.0000	739584.719468
3.6678	0.0000	0.0000	93.8000	55.0000	739584.719468
3.7679	0.0000	0.0000	93.8000	55.0000	739584.719468
3.8681	0.0066	0.0998	93.8000	55.0000	739584.719468
3.9682	0.0146	0.2195	93.8000	55.0000	739584.719468
4.0849	0.0059	0.3133	93.8000	55.0000	739584.719468
4.1850	-0.0127	0.3319	93.8000	55.0000	739584.719468
4.3019	-0.0127	0.3319	93.8000	55.0000	739584.719468
4.4184	-0.0127	0.3319	93.8000	55.0000	739584.719468
4.5186	-0.0127	0.3319	87.7000	55.0000	739584.719468
4.6186	-0.0127	0.3319	80.3800	55.0000	739584.719468
4.7354	-0.0127	0.3319	79.1600	55.0000	739584.719468
4.8355	-0.0127	0.3319	79.1600	55.0000	739584.719468
4.9356	-0.0127	0.3319	79.1600	55.0000	739584.719468
5.0357	-0.0420	0.3612	79.1600	55.0000	739584.719468
5.1360	-0.0765	0.3838	79.1600	55.0000	739584.719468
5.2527	-0.1249	0.4439	79.1600	55.0000	739584.719468
5.3691	-0.1512	0.5814	79.1600	55.0000	739584.719468
5.4694	-0.1587	0.6207	79.1600	55.0000	739584.719468
5.5697	-0.1587	0.6207	79.1600	55.0000	739584.719468
5.6699	-0.1587	0.6207	79.1600	55.0000	739584.719468
5.7864	-0.1587	0.6207	79.1600	55.0000	739584.719468
5.8865	-0.1587	0.6207	81.6000	55.0000	739584.719468
5.9866	-0.1587	0.6207	88.9200	55.0000	739584.719468
6.0868	-0.1587	0.6207	95.0200	55.0000	739584.719468
6.1886	-0.1587	0.6207	95.0200	55.0000	739584.719468
6.3035	-0.1587	0.6207	95.0200	55.0000	739584.719468
6.4036	-0.1517	0.7004	95.0200	55.0000	739584.719468
6.5039	-0.1412	0.8200	95.0200	55.0000	739584.719468
6.6205	-0.1290	0.9594	95.0200	55.0000	739584.719468
6.7206	-0.1255	1.0391	95.0200	55.0000	739584.719468
6.8373	-0.1255	1.1088	95.0200	55.0000	739584.719468
6.9375	-0.1255	1.1686	95.0200	55.0000	739584.719468
7.0542	-0.1255	1.2383	95.0200	55.0000	739584.719468
7.1543	-0.1255	1.2981	95.0200	55.0000	739584.719468
7.2544	-0.1255	1.3579	95.0200	55.0000	739584.719468
7.3545	-0.1255	1.4177	95.0200	55.0000	739584.719468
7.4546	-0.1255	1.4774	95.0200	55.0000	739584.719468
7.5712	-0.1255	1.5372	95.0200	55.0000	739584.719468
7.6714	-0.1255	1.5372	95.0200	55.0000	739584.719468
7.7714	-0.1255	1.5372	95.0200	55.0000	739584.719468
7.8715	-0.1255	1.5372	93.8000	55.0000	739584.719468
7.9884	-0.1255	1.5372	85.2600	55.0000	739584.719468
8.1051	-0.1255	1.5372	80.3800	55.0000	739584.719468
8.2053	-0.1255	1.5372	80.3800	55.0000	739584.719468
8.3054	-0.1255	1.5372	80.3800	55.0000	739584.719468
8.4220	-0.1388	1.6161	80.3800	55.0000	739584.719468
8.5222	-0.1589	1.7344	80.3800	55.0000	739584.719468
8.6222	-0.1789	1.8527	80.3800	55.0000	739584.719468
8.7223	-0.1990	1.9710	80.3800	55.0000	739584.719468
8.8225	-0.2190	2.0893	80.3800	55.0000	739584.719468
8.9391	-0.2424	2.2273	80.3800	55.0000	739584.719468
9.0393	-0.2625	2.3457	80.3800	55.0000	739584.719468
9.1394	-0.2825	2.4640	80.3800	55.0000	739584.719468
9.2395	-0.3026	2.5823	80.3800	55.0000	739584.719468
9.3563	-0.3260	2.7203	80.3800	55.0000	739584.719468
9.4730	-0.3494	2.8583	80.3800	55.0000	739584.719468
9.5731	-0.3694	2.9767	80.3800	55.0000	739584.719468
9.6899	-0.3928	3.1147	80.3800	55.0000	739584.719468
9.7900	-0.4129	3.2330	80.3800	55.0000	739584.719468
9.8901	-0.4329	3.3513	80.3800	55.0000	739584.719468
10.0068	-0.4563	3.4893	80.3800	55.0000	739584.719468
10.1236	-0.4797	3.6274	80.3800	55.0000	739584.719468
10.2237	-0.4998	3.7457	80.3800	55.0000	739584.719468
10.3238	-0.5198	3.8640	80.3800	55.0000	739584.719468
10.4405	-0.5432	4.0020	80.3800	55.0000	739584.719468
10.5406	-0.5633	4.1203	80.3800	55.0000	739584.719468
10.6574	-0.5867	4.2584	80.3800	55.0000	739584.719468
10.7741	-0.6101	4.3964	80.3800	55.0000	739584.719468
10.8743	-0.6301	4.5147	80.3800	55.0000	739584.719468
10.9744	-0.6502	4.6330	80.3800	55.0000	739584.719468
11.0744	-0.6702	4.7513	80.3800	55.0000	739584.719468
11.1745	-0.6903	4.8697	80.3800	55.0000	739584.719468
11.2913	-0.7137	5.0077	80.3800	55.0000	739584.719468
11.4080	-0.7204	5.0471	80.3800	55.0000	739584.719468
11.5248	-0.7204	5.0471	80.3800	55.0000	739584.719468
11.6248	-0.7204	5.0471	75.5000	55.0000	739584.719468
11.7250	-0.7204	5.0471	68.1800	55.0000	739584.719468
11.8417	-0.7204	5.0471	59.6400	55.0000	739584.719468
11.9418	-0.7204	5.0471	52.3200	55.0000	739584.719468
12.0419	-0.7204	5.0471	45.0000	55.0000	739584.719468
12.1420	-0.7204	5.0471	37.6800	55.0000	739584.719468
12.2422	-0.7204	5.0471	30.3600	55.0000	739584.719468
12.3588	-0.7204	5.0471	21.8200	55.0000	739584.719468
12.4590	-0.7204	5.0471	21.8200	55.0000	739584.719468
12.5590	-0.7204	5.0471	21.8200	55.0000	739584.719468
12.6593	-0.7204	5.0471	21.8200	55.0000	739584.719468
12.7759	-0.7204	5.0471	21.8200	55.0000	739584.719468
12.8760	-0.7204	5.0471	14.5000	55.0000	739584.719468
12.9762	-0.7204	5.0471	7.1800	55.0000	739584.719468
13.0764	-0.7204	5.0471	-0.1400	55.0000	739584.719468
13.1930	-0.7204	5.0471	-6.2400	55.0000	739584.719468
13.2931	-0.7204	5.0471	-6.2400	55.0000	739584.719468
13.3932	-0.7204	5.0471	-6.2400	55.0000	739584.719468
13.5100	-0.7204	5.0471	-6.2400	55.0000	739584.719468
13.6267	-0.8198	5.0363	-6.2400	55.0000	739584.719468
13.7268	-0.8658	5.0295	-6.2400	55.0000	739584.719468
13.8435	-0.8583	5.0263	-6.2400	55.0000	739584.719468
13.9437	-0.8556	5.0226	-6.2400	55.0000	739584.719468
14.0604	-0.8568	5.0187	-6.2400	55.0000	739584.719468
14.1772	-0.8568	5.0187	-6.2400	55.0000	739584.719468
14.2773	-0.8568	5.0187	-6.2400	55.0000	739584.719468
14.3942	-0.8568	5.0187	-6.2400	55.0000	739584.719468
14.5108	-0.8568	5.0187	-0.1400	55.0000	739584.719468
14.6110	-0.8568	5.0187	7.1800	55.0000	739584.719468
14.7277	-0.8568	5.0187	15.7200	55.0000	739584.719468
14.8292	-0.8568	5.0187	16.9400	55.0000	739584.719468
14.9445	-0.8568	5.0187	16.9400	55.0000	739584.719468
15.0447	-0.8568	5.0187	16.9400	55.0000	739584.719468
15.1614	-0.8621	5.0367	16.9400	55.0000	739584.719468
15.2617	-0.8830	5.0677	16.9400	55.0000	739584.719468
15.3784	-0.9263	5.1094	16.9400	55.0000	739584.719468
15.4785	-1.0411	5.1443	16.9400	55.0000	739584.719468
15.5951	-1.1558	5.1793	16.9400	55.0000	739584.719468
15.6954	-1.1558	5.1793	16.9400	55.0000	739584.719468
15.8120	-1.1558	5.1793	16.9400	55.0000	739584.719468
15.9122	-1.1558	5.1793	16.9400	55.0000	739584.719468
16.0290	-1.1558	5.1793	10.8400	55.0000	739584.719468
16.1465	-1.1558	5.1793	2.3000	55.0000	739584.719468
16.2624	-1.1558	5.1793	-6.2400	55.0000	739584.719468
16.3626	-1.1558	5.1793	-13.5600	55.0000	739584.719468
16.4792	-1.1558	5.1793	-22.1000	55.0000	739584.719468
16.5960	-1.1558	5.1793	-30.6400	55.0000	739584.719468
16.7129	-1.1558	5.1793	-39.1800	55.0000	739584.719468
16.8130	-1.1558	5.1793	-39.1800	55.0000	739584.719468
16.9297	-1.1558	5.1793	-39.1800	55.0000	739584.719468
17.0300	-1.1558	5.1793	-39.1800	55.0000	739584.719468
17.1466	-1.1558	5.1793	-41.6200	55.0000	739584.719468
17.2634	-1.1558	5.1793	-50.1600	55.0000	739584.719468
17.3801	-1.1558	5.1793	-56.2600	55.0000	739584.719468
17.4801	-1.1558	5.1793	-56.2600	55.0000	739584.719468
17.5802	-1.1558	5.1793	-56.2600	55.0000	739584.719468
17.6971	-1.1558	5.1793	-56.2600	55.0000	739584.719468
17.8138	-1.1558	5.1793	-56.2600	55.0000	739584.719468
17.9138	-1.1558	5.1793	-56.2600	55.0000	739584.719468
18.0139	-1.1558	5.1793	-56.2600	55.0000	739584.719468
18.1140	-1.1558	5.1793	-63.5800	55.0000	739584.719468
18.2142	-1.1558	5.1793	-70.9000	55.0000	739584.719468
18.3311	-1.1558	5.1793	-70.9000	55.0000	739584.719468
18.4477	-1.1558	5.1793	-70.9000	55.0000	739584.719468
18.5646	-1.1558	5.1793	-70.9000	55.0000	739584.719468
18.6812	-1.1558	5.1793	-70.9000	55.0000	739584.719468
18.7813	-1.1820	5.1037	-70.9000	55.0000	739584.719468
18.8814	-1.2213	4.9903	-70.9000	55.0000	739584.719468
18.9982	-1.2671	4.8580	-70.9000	55.0000	739584.719468
19.1150	-1.3129	4.7257	-70.9000	55.0000	739584.719468
19.2150	-1.3522	4.6123	-70.9000	55.0000	739584.719468
19.3317	-1.3980	4.4800	-70.9000	55.0000	739584.719468
19.4319	-1.4373	4.3666	-70.9000	55.0000	739584.719468
19.5487	-1.4831	4.2343	-70.9000	55.0000	739584.719468
19.6655	-1.5289	4.1020	-70.9000	55.0000	739584.719468
19.7670	-1.5681	3.9887	-70.9000	55.0000	739584.719468
19.8823	-1.6140	3.8564	-70.9000	55.0000	739584.719468
19.9824	-1.6532	3.7430	-70.9000	55.0000	739584.719468
20.0992	-1.6990	3.6107	-70.9000	55.0000	739584.719468
20.2159	-1.7448	3.4784	-70.9000	55.0000	739584.719468
20.3160	-1.7710	3.4028	-70.9000	55.0000	739584.719468
20.4162	-1.7710	3.4028	-70.9000	55.0000	739584.719468
20.5328	-1.7710	3.4028	-72.1200	55.0000	739584.719468
20.6496	-1.7710	3.4028	-80.6600	55.0000	739584.719468
20.7665	-1.7710	3.4028	-89.2000	55.0000	739584.719468
20.8667	-1.7710	3.4028	-96.5200	55.0000	739584.719468
20.9832	-1.7710	3.4028	-97.7400	55.0000	739584.719468
21.0833	-1.7710	3.4028	-97.7400	55.0000	739584.719468
21.1840	-1.7710	3.4028	-97.7400	55.0000	739584.719468
21.3006	-1.7683	3.3830	-97.7400	55.0000	739584.719468
21.4176	-1.7495	3.2442	-97.7400	55.0000	739584.719468
21.5343	-1.7306	3.1055	-97.7400	55.0000	739584.719468
21.6507	-1.7118	2.9668	-97.7400	55.0000	739584.719468
21.7509	-1.6956	2.8479	-97.7400	55.0000	739584.719468
21.8678	-1.6767	2.7092	-97.7400	55.0000	739584.719468
21.9847	-1.6579	2.5704	-97.7400	55.0000	739584.719468
22.1009	-1.6390	2.4317	-97.7400	55.0000	739584.719468
22.2010	-1.6229	2.3128	-97.7400	55.0000	739584.719468
22.3177	-1.6040	2.1741	-97.7400	55.0000	739584.719468
22.4179	-1.5879	2.0552	-97.7400	55.0000	739584.719468
22.5346	-1.5798	1.9957	-97.7400	55.0000	739584.719468
22.6347	-1.5798	1.9957	-97.7400	55.0000	739584.719468
22.7348	-1.5798	1.9957	-97.7400	55.0000	739584.719468
22.8516	-1.5798	1.9957	-97.7400	55.0000	739584.719468
22.9517	-1.5663	1.8966	-97.7400	55.0000	739584.719468
23.0684	-1.5475	1.7579	-97.7400	55.0000	739584.719468
23.1852	-1.5286	1.6192	-97.7400	55.0000	739584.719468
23.2855	-1.5178	1.5399	-97.7400	55.0000	739584.719468
23.4021	-1.5178	1.5399	-97.7400	55.0000	739584.719468
23.5024	-1.5178	1.5399	-97.7400	55.0000	739584.719468
23.6189	-1.5178	1.5399	-97.7400	55.0000	739584.719468
23.7190	-1.5070	1.4606	-97.7400	55.0000	739584.719468
23.8191	-1.4909	1.3417	-97.7400	55.0000	739584.719468
23.9359	-1.4720	1.2030	-97.7400	55.0000	739584.719468
24.0363	-1.4613	1.1237	-97.7400	55.0000	739584.719468
24.1528	-1.4613	1.1237	-97.7400	55.0000	739584.719468
24.2697	-1.4613	1.1237	-97.7400	55.0000	739584.719468
24.3864	-1.4613	1.1237	-97.7400	55.0000	739584.719468
24.4886	-1.4613	1.1237	-97.7400	55.0000	739584.719468
24.6054	-1.4613	1.1237	-91.6400	55.0000	739584.719468
24.7199	-1.4613	1.1237	-83.1000	55.0000	739584.719468
24.8200	-1.4613	1.1237	-75.7800	55.0000	739584.719468
24.9201	-1.4613	1.1237	-68.4600	55.0000	739584.719468
25.0368	-1.4613	1.1237	-59.9200	55.0000	739584.719468
25.1369	-1.4613	1.1237	-52.6000	55.0000	739584.719468
25.2539	-1.4613	1.1237	-44.0600	55.0000	739584.719468
25.3705	-1.4613	1.1237	-35.5200	55.0000	739584.719468
25.4706	-1.4613	1.1237	-28.2000	55.0000	739584.719468
25.5708	-1.4613	1.1237	-25.7600	55.0000	739584.719468
25.6874	-1.4613	1.1237	-25.7600	55.0000	739584.719468
25.7875	-1.4613	1.1237	-25.7600	55.0000	739584.719468
25.9054	-1.4613	1.1237	-25.7600	55.0000	739584.719468
26.0211	-1.5153	1.0977	-25.7600	55.0000	739584.719468
26.1213	-1.6234	1.0455	-25.7600	55.0000	739584.719468
26.2379	-1.7495	0.9847	-25.7600	55.0000	739584.719468
26.3381	-1.7675	0.9760	-25.7600	55.0000	739584.719468
26.4548	-1.7675	0.9760	-25.7600	55.0000	739584.719468
26.5550	-1.7675	0.9760	-25.7600	55.0000	739584.719468
26.6717	-1.7675	0.9760	-25.7600	55.0000	739584.719468
26.7884	-1.7675	0.9760	-26.9800	55.0000	739584.719468
26.9053	-1.7675	0.9760	-35.5200	55.0000	739584.719468
27.0054	-1.7675	0.9760	-42.8400	55.0000	739584.719468
27.1055	-1.7675	0.9760	-50.1600	55.0000	739584.719468
27.2223	-1.7675	0.9760	-58.7000	55.0000	739584.719468
27.3390	-1.7675	0.9760	-67.2400	55.0000	739584.719468
27.4557	-1.7675	0.9760	-75.7800	55.0000	739584.719468
27.5557	-1.7675	0.9760	-83.1000	55.0000	739584.719468
27.6559	-1.7675	0.9760	-90.4200	55.0000	739584.719468
27.7560	-1.7675	0.9760	-97.7400	55.0000	739584.719468
27.8727	-1.7675	0.9760	-106.2800	55.0000	739584.719468
27.9728	-1.7675	0.9760	-113.6000	55.0000	739584.719468
28.0896	-1.7675	0.9760	-122.1400	55.0000	739584.719468
28.1897	-1.7675	0.9760	-129.4600	55.0000	739584.719468
28.3064	-1.7675	0.9760	-129.4600	55.0000	739584.719468
28.4066	-1.7675	0.9760	-129.4600	55.0000	739584.719468
28.5233	-1.7675	0.9760	-129.4600	55.0000	739584.719468
28.6234	-1.7675	0.9760	-129.4600	55.0000	739584.719468
28.7403	-1.7675	0.9760	-138.0000	55.0000	739584.719468
28.8570	-1.7675	0.9760	-142.8800	55.0000	739584.719468
28.9737	-1.7675	0.9760	-142.8800	55.0000	739584.719468
29.0904	-1.7675	0.9760	-142.8800	55.0000	739584.719468
29.1906	-1.7675	0.9760	-142.8800	55.0000	739584.719468
29.3074	-1.7675	0.9760	-142.8800	55.0000	739584.719468
29.4075	-1.7675	0.9760	-142.8800	55.0000	739584.719468
29.5076	-1.6877	0.9156	-142.8800	55.0000	739584.719468
29.6243	-1.5761	0.8311	-142.8800	55.0000	739584.719468
29.7244	-1.4804	0.7587	-142.8800	55.0000	739584.719468
29.8417	-1.4645	0.7466	-142.8800	55.0000	739584.719468
29.9580	-1.4645	0.7466	-142.8800	55.0000	739584.719468
30.0747	-1.4645	0.7466	-151.4200	55.0000	739584.719468
30.1748	-1.4645	0.7466	-158.7400	55.0000	739584.719468
30.2916	-1.4645	0.7466	-159.9600	55.0000	739584.719468
30.3917	-1.4645	0.7466	-159.9600	55.0000	739584.719468
30.5083	-1.4645	0.7466	-159.9600	55.0000	739584.719468
30.6085	-1.4081	0.7261	-159.9600	55.0000	739584.719468
30.7254	-1.2766	0.6781	-159.9600	55.0000	739584.719468
30.8420	-1.1451	0.6301	-159.9600	55.0000	739584.719468
30.9421	-1.0323	0.5890	-159.9600	55.0000	739584.719468
31.0423	-0.9196	0.5479	-159.9600	55.0000	739584.719468
31.1590	-0.8256	0.5136	-159.9600	55.0000	739584.719468
31.2597	-0.8256	0.5136	-159.9600	55.0000	739584.719468
31.3758	-0.8256	0.5136	-159.9600	55.0000	739584.719468
31.4926	-0.8256	0.5136	-159.9600	55.0000	739584.719468
31.6093	-0.8256	0.5136	-159.9600	55.0000	739584.719468
31.7096	-0.8256	0.5136	-159.9600	55.0000	739584.719468
31.8262	-0.8256	0.5136	-168.5000	55.0000	739584.719468
31.9429	-0.8256	0.5136	-177.0400	55.0000	739584.719468
32.0430	-0.8256	0.5136	-184.3600	55.0000	739584.719468
32.1432	-0.8256	0.5136	-191.6800	55.0000	739584.719468
32.2435	-0.8256	0.5136	-199.0000	55.0000	739584.719468
32.3600	-0.8256	0.5136	-207.5400	55.0000	739584.719468
32.4601	-0.8256	0.5136	-214.8600	55.0000	739584.719468
32.5602	-0.8256	0.5136	-218.5200	55.0000	739584.719468
32.6603	-0.8256	0.5136	-218.5200	55.0000	739584.719468
32.7604	-0.8256	0.5136	-218.5200	55.0000	739584.719468
32.8772	-0.8256	0.5136	-219.7400	55.0000	739584.719468
32.9773	-0.8256	0.5136	-227.0600	55.0000	739584.719468
33.0940	-0.8256	0.5136	-235.6000	55.0000	739584.719468
33.1942	-0.8256	0.5136	-242.9200	55.0000	739584.719468
33.3109	-0.8256	0.5136	-245.3600	55.0000	739584.719468
33.4110	-0.8256	0.5136	-245.3600	55.0000	739584.719468
33.5277	-0.8256	0.5136	-245.3600	55.0000	739584.719468
33.6281	-0.8256	0.5136	-245.3600	55.0000	739584.719468
33.7447	-0.8256	0.5136	-245.3600	55.0000	739584.719468
33.8448	-0.8256	0.5136	-245.3600	55.0000	739584.719468
33.9615	-0.8256	0.5136	-245.3600	55.0000	739584.719468
34.0617	-0.8256	0.5136	-245.3600	55.0000	739584.719468
34.1801	-0.8256	0.5136	-245.3600	55.0000	739584.719468
34.2951	-0.8256	0.5136	-245.3600	55.0000	739584.719468
34.3952	-0.8256	0.5136	-245.3600	55.0000	739584.719468
34.4953	-0.8256	0.5136	-245.3600	55.0000	739584.719468
34.5955	-0.8256	0.5136	-245.3600	55.0000	739584.719468
34.7122	-0.8256	0.5136	-245.3600	55.0000	739584.719468
34.8290	-0.8256	0.5136	-245.3600	55.0000	739584.719468
34.9458	-0.8256	0.5136	-245.3600	55.0000	739584.719468
35.0459	-0.8256	0.5136	-247.8000	55.0000	739584.719468
35.1460	-0.8256	0.5136	-255.1200	55.0000	739584.719468
35.2626	-0.8256	0.5136	-262.4400	55.0000	739584.719468
35.3627	-0.8256	0.5136	-262.4400	55.0000	739584.719468
35.4795	-0.8256	0.5136	-262.4400	55.0000	739584.719468
35.5797	-0.8256	0.5136	-262.4400	55.0000	739584.719468
35.6963	-0.8256	0.5136	-262.4400	55.0000	739584.719468
35.7965	-0.8151	0.5929	-262.4400	55.0000	739584.719468
35.9132	-0.7967	0.7317	-262.4400	55.0000	739584.719468
36.0300	-0.7783	0.8705	-262.4400	55.0000	739584.719468
36.1302	-0.7625	0.9895	-262.4400	55.0000	739584.719468
36.2468	-0.7520	1.0688	-262.4400	55.0000	739584.719468
36.3636	-0.7441	1.1282	-262.4400	55.0000	739584.719468
36.4639	-0.7283	1.2472	-262.4400	55.0000	739584.719468
36.5805	-0.7099	1.3860	-262.4400	55.0000	739584.719468
36.6972	-0.6914	1.5248	-262.4400	55.0000	739584.719468
36.7973	-0.6757	1.6437	-262.4400	55.0000	739584.719468
36.9140	-0.6572	1.7825	-262.4400	55.0000	739584.719468
37.0142	-0.6414	1.9015	-262.4400	55.0000	739584.719468
37.1309	-0.6230	2.0402	-262.4400	55.0000	739584.719468
37.2310	-0.6072	2.1592	-262.4400	55.0000	739584.719468
37.3311	-0.5915	2.2782	-262.4400	55.0000	739584.719468
37.4312	-0.5757	2.3971	-262.4400	55.0000	739584.719468
37.5479	-0.5572	2.5359	-262.4400	55.0000	739584.719468
37.6480	-0.5415	2.6549	-262.4400	55.0000	739584.719468
37.7481	-0.5257	2.7738	-262.4400	55.0000	739584.719468
37.8483	-0.5099	2.8928	-262.4400	55.0000	739584.719468
37.9650	-0.4915	3.0316	-262.4400	55.0000	739584.719468
38.0650	-0.4757	3.1505	-262.4400	55.0000	739584.719468
38.1655	-0.4599	3.2695	-262.4400	55.0000	739584.719468
38.2819	-0.4415	3.4082	-262.4400	55.0000	739584.719468
38.3821	-0.4257	3.5272	-262.4400	55.0000	739584.719468
38.4821	-0.4099	3.6462	-262.4400	55.0000	739584.719468
38.5823	-0.3941	3.7651	-262.4400	55.0000	739584.719468
38.6824	-0.3783	3.8841	-262.4400	55.0000	739584.719468
38.7991	-0.3599	4.0229	-262.4400	55.0000	739584.719468
38.9158	-0.3415	4.1616	-262.4400	55.0000	739584.719468
39.0159	-0.3257	4.2806	-262.4400	55.0000	739584.719468
39.1160	-0.3099	4.3996	-262.4400	55.0000	739584.719468
39.2163	-0.2941	4.5185	-262.4400	55.0000	739584.719468
39.3329	-0.2941	4.5185	-262.4400	55.0000	739584.719468
39.4330	-0.2941	4.5185	-262.4400	55.0000	739584.719468
39.5497	-0.2941	4.5185	-262.4400	55.0000	739584.719468
39.6499	-0.2783	4.6375	-262.4400	55.0000	739584.719468
39.7666	-0.2599	4.7763	-262.4400	55.0000	739584.719468
39.8667	-0.2573	4.7961	-262.4400	55.0000	739584.719468
39.9670	-0.2573	4.7961	-262.4400	55.0000	739584.719468
40.0838	-0.2573	4.7961	-262.4400	55.0000	739584.719468
40.2005	-0.2573	4.7961	-267.3200	55.0000	739584.719468
40.3006	-0.2573	4.7961	-274.6400	55.0000	739584.719468
40.4171	-0.2573	4.7961	-283.1800	55.0000	739584.719468
40.5173	-0.2573	4.7961	-290.5000	55.0000	739584.719468
40.6340	-0.2573	4.7961	-299.0400	55.0000	739584.719468
40.7343	-0.2573	4.7961	-306.3600	55.0000	739584.719468
40.8510	-0.2573	4.7961	-308.8000	55.0000	739584.719468
40.9676	-0.2573	4.7961	-313.6800	55.0000	739584.719468
41.0845	-0.2573	4.7961	-322.2200	55.0000	739584.719468
41.2012	-0.2573	4.7961	-322.2200	55.0000	739584.719468
41.3013	-0.2573	4.7961	-322.2200	55.0000	739584.719468
41.4180	-0.2573	4.7961	-322.2200	55.0000	739584.719468
41.5183	-0.2573	4.7961	-325.8800	55.0000	739584.719468
41.6349	-0.2573	4.7961	-334.4200	55.0000	739584.719468
41.7352	-0.2573	4.7961	-336.8600	55.0000	739584.719468
41.8518	-0.2573	4.7961	-336.8600	55.0000	739584.719468
41.9519	-0.2573	4.7961	-336.8600	55.0000	739584.719468
42.0686	-0.3125	4.8197	-336.8600	55.0000	739584.719468
42.1854	-0.4412	4.8747	-336.8600	55.0000	739584.719468
42.2854	-0.5515	4.9218	-336.8600	55.0000	739584.719468
42.3855	-0.6619	4.9690	-336.8600	55.0000	739584.719468
42.5023	-0.7906	5.0240	-336.8600	55.0000	739584.719468
42.6192	-0.8969	5.0774	-336.8600	55.0000	739584.719468
42.7359	-0.9819	5.1311	-336.8600	55.0000	739584.719468
42.8382	-1.0370	5.1547	-336.8600	55.0000	739584.719468
42.9528	-1.0370	5.1547	-336.8600	55.0000	739584.719468
43.0529	-1.0370	5.1547	-336.8600	55.0000	739584.719468
43.1696	-1.0370	5.1547	-342.9600	55.0000	739584.719468
43.2697	-1.0370	5.1547	-350.2800	55.0000	739584.719468
43.3698	-1.0370	5.1547	-357.6000	55.0000	739584.719468
43.4700	-1.0370	5.1547	-364.9200	55.0000	739584.719468
43.5700	-1.0370	5.1547	-372.2400	55.0000	739584.719468
43.6867	-1.0370	5.1547	-380.7800	55.0000	739584.719468
43.7869	-1.0370	5.1547	-388.1000	55.0000	739584.719468
43.8870	-1.0370	5.1547	-395.4200	55.0000	739584.719468
44.0036	-1.0370	5.1547	-399.0800	55.0000	739584.719468
44.1038	-1.0370	5.1547	-399.0800	55.0000	739584.719468
44.2040	-1.0370	5.1547	-399.0800	55.0000	739584.719468
44.3207	-1.0370	5.1547	-399.0800	55.0000	739584.719468
44.4374	-1.0681	5.1294	-399.0800	55.0000	739584.719468
44.5375	-1.1612	5.0538	-399.0800	55.0000	739584.719468
44.6384	-1.2544	4.9781	-399.0800	55.0000	739584.719468
44.7543	-1.2699	4.9655	-399.0800	55.0000	739584.719468
44.8544	-1.2699	4.9655	-399.0800	55.0000	739584.719468
44.9545	-1.2699	4.9655	-399.0800	55.0000	739584.719468
45.0548	-1.2699	4.9655	-406.4000	55.0000	739584.719468
45.1714	-1.2699	4.9655	-414.9400	55.0000	739584.719468
45.2883	-1.2699	4.9655	-423.4800	55.0000	739584.719468
45.4050	-1.2699	4.9655	-432.0200	55.0000	739584.719468
45.5217	-1.2699	4.9655	-440.5600	55.0000	739584.719468
45.6218	-1.2699	4.9655	-447.8800	55.0000	739584.719468
45.7219	-1.2699	4.9655	-450.3200	55.0000	739584.719468
45.8221	-1.2699	4.9655	-450.3200	55.0000	739584.719468
45.9222	-1.2699	4.9655	-450.3200	55.0000	739584.719468
46.0389	-1.2698	4.9455	-450.3200	55.0000	739584.719468
46.1569	-1.2690	4.8055	-450.3200	55.0000	739584.719468
46.2724	-1.2682	4.6655	-450.3200	55.0000	739584.719468
46.3725	-1.2676	4.5455	-450.3200	55.0000	739584.719468
46.4726	-1.2669	4.4255	-450.3200	55.0000	739584.719468
46.5727	-1.2662	4.3055	-450.3200	55.0000	739584.719468
46.6894	-1.2654	4.1655	-450.3200	55.0000	739584.719468
46.8062	-1.2647	4.0256	-450.3200	55.0000	739584.719468
46.9064	-1.2640	3.9056	-450.3200	55.0000	739584.719468
47.0231	-1.2632	3.7656	-450.3200	55.0000	739584.719468
47.1398	-1.2624	3.6256	-450.3200	55.0000	739584.719468
47.2399	-1.2618	3.5056	-450.3200	55.0000	739584.719468
47.3567	-1.2610	3.3656	-450.3200	55.0000	739584.719468
47.4568	-1.2603	3.2456	-450.3200	55.0000	739584.719468
47.5737	-1.2595	3.1056	-450.3200	55.0000	739584.719468
47.6904	-1.2587	2.9656	-450.3200	55.0000	739584.719468
47.8071	-1.2580	2.8256	-450.3200	55.0000	739584.719468
47.9072	-1.2573	2.7056	-450.3200	55.0000	739584.719468
48.0073	-1.2566	2.5856	-450.3200	55.0000	739584.719468
48.1243	-1.2558	2.4456	-450.3200	55.0000	739584.719468
48.2408	-1.2551	2.3056	-450.3200	55.0000	739584.719468
48.3410	-1.2545	2.2056	-450.3200	55.0000	739584.719468
48.4577	-1.2545	2.2056	-450.3200	55.0000	739584.719468
48.5577	-1.2545	2.2056	-450.3200	55.0000	739584.719468
48.6578	-1.2545	2.2056	-450.3200	55.0000	739584.719468
48.7745	-1.2545	2.2056	-450.3200	55.0000	739584.719468
48.8747	-1.2545	2.2056	-450.3200	55.0000	739584.719468
48.9747	-1.2545	2.2056	-450.3200	55.0000	739584.719468
49.0914	-1.2542	2.1456	-450.3200	55.0000	739584.719468
49.1916	-1.2535	2.0256	-450.3200	55.0000	739584.719468
49.2917	-1.2528	1.9056	-450.3200	55.0000	739584.719468
49.3919	-1.2522	1.7856	-450.3200	55.0000	739584.719468
49.5089	-1.2514	1.6456	-450.3200	55.0000	739584.719468
49.6254	-1.2506	1.5056	-450.3200	55.0000	739584.719468
49.7255	-1.2501	1.4256	-450.3200	55.0000	739584.719468
49.8422	-1.2501	1.4256	-450.3200	55.0000	739584.719468
49.9423	-1.2501	1.4256	-450.3200	55.0000	739584.719468
50.0424	-1.2501	1.4256	-450.3200	55.0000	739584.719468
50.1590	-1.2497	1.3456	-450.3200	55.0000	739584.719468
50.2592	-1.2490	1.2256	-450.3200	55.0000	739584.719468
50.3593	-1.2484	1.1056	-450.3200	55.0000	739584.719468
50.4595	-1.2479	1.0256	-450.3200	55.0000	739584.719468
50.5762	-1.2479	1.0256	-450.3200	55.0000	739584.719468
50.6764	-1.2479	1.0256	-450.3200	55.0000	739584.719468
50.7766	-1.2479	1.0256	-450.3200	55.0000	739584.719468
50.8932	-1.2479	1.0256	-446.6600	55.0000	739584.719468
50.9939	-1.2479	1.0256	-439.3400	55.0000	739584.719468
51.1101	-1.2479	1.0256	-430.8000	55.0000	739584.719468
51.2102	-1.2479	1.0256	-423.4800	55.0000	739584.719468
51.3103	-1.2479	1.0256	-416.1600	55.0000	739584.719468
51.4271	-1.2479	1.0256	-407.6200	55.0000	739584.719468
51.5438	-1.2479	1.0256	-399.0800	55.0000	739584.719468
51.6440	-1.2479	1.0256	-391.7600	55.0000	739584.719468
51.7606	-1.2479	1.0256	-383.2200	55.0000	739584.719468
51.8607	-1.2479	1.0256	-383.2200	55.0000	739584.719468
51.9776	-1.2479	1.0256	-383.2200	55.0000	739584.719468
52.0943	-1.2479	1.0256	-383.2200	55.0000	739584.719468
52.2112	-1.2479	1.0256	-383.2200	55.0000	739584.719468
52.3277	-1.3214	0.9941	-383.2200	55.0000	739584.719468
52.4279	-1.4317	0.9467	-383.2200	55.0000	739584.719468
52.5280	-1.5420	0.8994	-383.2200	55.0000	739584.719468
52.6281	-1.6523	0.8521	-383.2200	55.0000	739584.719468
52.7448	-1.7809	0.7969	-383.2200	55.0000	739584.719468
52.8449	-1.8912	0.7496	-383.2200	55.0000	739584.719468
52.9450	-2.0015	0.7023	-383.2200	55.0000	739584.719468
53.0618	-2.1301	0.6471	-383.2200	55.0000	739584.719468
53.1787	-2.2588	0.5919	-383.2200	55.0000	739584.719468
53.2953	-2.2956	0.5761	-383.2200	55.0000	739584.719468
53.3955	-2.2956	0.5761	-383.2200	55.0000	739584.719468
53.4956	-2.2956	0.5761	-375.9000	55.0000	739584.719468
53.6123	-2.2956	0.5761	-367.3600	55.0000	739584.719468
53.7124	-2.2956	0.5761	-360.0400	55.0000	739584.719468
53.8291	-2.2956	0.5761	-352.7200	55.0000	739584.719468
53.9294	-2.2956	0.5761	-352.7200	55.0000	739584.719468
54.0461	-2.2956	0.5761	-352.7200	55.0000	739584.719468
54.1628	-2.3551	0.5837	-352.7200	55.0000	739584.719468
54.2795	-2.4940	0.6015	-352.7200	55.0000	739584.719468
54.3964	-2.6328	0.6192	-352.7200	55.0000	739584.719468
54.5131	-2.7717	0.6370	-352.7200	55.0000	739584.719468
54.6132	-2.8907	0.6522	-352.7200	55.0000	739584.719468
54.7137	-3.0098	0.6674	-352.7200	55.0000	739584.719468
54.8300	-3.1486	0.6851	-352.7200	55.0000	739584.719468
54.9302	-3.2677	0.7003	-352.7200	55.0000	739584.719468
55.0304	-3.3867	0.7155	-352.7200	55.0000	739584.719468
55.1471	-3.4462	0.7231	-352.7200	55.0000	739584.719468
55.2471	-3.4462	0.7231	-352.7200	55.0000	739584.719468
55.3640	-3.4462	0.7231	-361.2600	55.0000	739584.719468
55.4807	-3.4462	0.7231	-369.8000	55.0000	739584.719468
55.5808	-3.4462	0.7231	-377.1200	55.0000	739584.719468
55.6811	-3.4462	0.7231	-377.1200	55.0000	739584.719468
55.7977	-3.4462	0.7231	-377.1200	55.0000	739584.719468
55.9144	-3.5227	0.6996	-377.1200	55.0000	739584.719468
56.0311	-3.6565	0.6584	-377.1200	55.0000	739584.719468
56.1313	-3.7711	0.6230	-377.1200	55.0000	739584.719468
56.2480	-3.9049	0.5818	-377.1200	55.0000	739584.719468
56.3482	-4.0196	0.5465	-377.1200	55.0000	739584.719468
56.4489	-4.1343	0.5112	-377.1200	55.0000	739584.719468
56.5649	-4.2681	0.4700	-377.1200	55.0000	739584.719468
56.6817	-4.4019	0.4288	-377.1200	55.0000	739584.719468
56.7985	-4.5357	0.3875	-377.1200	55.0000	739584.719468
56.8987	-4.6504	0.3522	-377.1200	55.0000	739584.719468
57.0154	-4.7842	0.3110	-377.1200	55.0000	739584.719468
57.1161	-4.8989	0.2757	-377.1200	55.0000	739584.719468
57.2322	-5.0327	0.2345	-377.1200	55.0000	739584.719468
57.3323	-5.1473	0.1991	-377.1200	55.0000	739584.719468
57.4491	-5.2811	0.1579	-377.1200	55.0000	739584.719468
57.5492	-5.3863	0.1285	-377.1200	55.0000	739584.719468
57.6659	-5.4532	0.1285	-377.1200	55.0000	739584.719468
57.7662	-5.5105	0.1285	-377.1200	55.0000	739584.719468
57.8663	-5.5296	0.1285	-374.6800	55.0000	739584.719468
57.9830	-5.5296	0.1285	-366.1400	55.0000	739584.719468
58.0997	-5.5296	0.1285	-357.6000	55.0000	739584.719468
58.2000	-5.5296	0.1285	-350.2800	55.0000	739584.719468
58.3165	-5.5296	0.1285	-341.7400	55.0000	739584.719468
58.4333	-5.5296	0.1285	-333.2000	55.0000	739584.719468
58.5507	-5.5296	0.1285	-324.6600	55.0000	739584.719468
58.6666	-5.5296	0.1285	-316.1200	55.0000	739584.719468
58.7673	-5.5296	0.1285	-308.8000	55.0000	739584.719468
58.8837	-5.5296	0.1285	-300.2600	55.0000	739584.719468
58.9840	-5.5296	0.1285	-292.9400	55.0000	739584.719468
59.1007	-5.5296	0.1285	-292.9400	55.0000	739584.719468
59.2172	-5.5296	0.1285	-292.9400	55.0000	739584.719468
59.3173	-5.5296	0.1285	-292.9400	55.0000	739584.719468
59.4174	-5.5296	0.1285	-292.9400	55.0000	739584.719468
59.5177	-5.5296	0.1285	-292.9400	55.0000	739584.719468
59.6343	-5.5296	0.1285	-292.9400	55.0000	739584.719468
59.7511	-5.5296	0.1285	-289.2800	55.0000	739584.719468
59.8529	-5.5296	0.1285	-281.9600	55.0000	739584.719468
59.9679	-5.5296	0.1285	-279.5200	55.0000	739584.719468
60.0680	-5.5296	0.1285	-279.5200	55.0000	739584.719468
60.1681	-5.5296	0.1285	-279.5200	55.0000	739584.719468
60.2683	-5.5296	0.1285	-279.5200	55.0000	739584.719468
60.3683	-5.5296	0.1285	-279.5200	55.0000	739584.719468
60.4849	-5.5296	0.1285	-279.5200	55.0000	739584.719468
60.5850	-5.5362	0.1679	-279.5200	55.0000	739584.719468
60.6851	-5.5561	0.2863	-279.5200	55.0000	739584.719468
60.7853	-5.5759	0.4046	-279.5200	55.0000	739584.719468
60.9020	-5.5991	0.5427	-279.5200	55.0000	739584.719468
61.0021	-5.6189	0.6611	-279.5200	55.0000	739584.719468
61.1022	-5.6388	0.7794	-279.5200	55.0000	739584.719468
61.2189	-5.6619	0.9175	-279.5200	55.0000	739584.719468
61.3190	-5.6619	0.9175	-279.5200	55.0000	739584.719468
61.4192	-5.6619	0.9175	-279.5200	55.0000	739584.719468
61.5192	-5.6619	0.9175	-279.5200	55.0000	739584.719468
61.6194	-5.6619	0.9175	-272.2000	55.0000	739584.719468
61.7194	-5.6619	0.9175	-264.8800	55.0000	739584.719468
61.8196	-5.6619	0.9175	-257.5600	55.0000	739584.719468
61.9364	-5.6619	0.9175	-249.0200	55.0000	739584.719468
62.0532	-5.6619	0.9175	-240.4800	55.0000	739584.719468
62.1533	-5.6619	0.9175	-233.1600	55.0000	739584.719468
62.2547	-5.6619	0.9175	-225.8400	55.0000	739584.719468
62.3700	-5.6619	0.9175	-217.3000	55.0000	739584.719468
62.4701	-5.6619	0.9175	-209.9800	55.0000	739584.719468
62.5702	-5.6619	0.9175	-202.6600	55.0000	739584.719468
62.6714	-5.6619	0.9175	-197.7800	55.0000	739584.719468
62.7870	-5.6619	0.9175	-197.7800	55.0000	739584.719468
62.8872	-5.6619	0.9175	-197.7800	55.0000	739584.719468
62.9875	-5.6619	0.9175	-197.7800	55.0000	739584.719468
63.1040	-5.6619	0.9175	-192.9000	55.0000	739584.719468
63.2041	-5.6619	0.9175	-185.5800	55.0000	739584.719468
63.3208	-5.6619	0.9175	-178.2600	55.0000	739584.719468
63.4376	-5.6619	0.9175	-178.2600	55.0000	739584.719468
63.5378	-5.6619	0.9175	-178.2600	55.0000	739584.719468
63.6546	-5.6619	0.9175	-172.1600	55.0000	739584.719468
63.7713	-5.6619	0.9175	-164.8400	55.0000	739584.719468
63.8881	-5.6619	0.9175	-164.8400	55.0000	739584.719468
64.0048	-5.6619	0.9175	-164.8400	55.0000	739584.719468
64.1049	-5.6619	0.9175	-164.8400	55.0000	739584.719468
64.2051	-5.6619	0.9175	-164.8400	55.0000	739584.719468
64.3218	-5.5654	0.8913	-164.8400	55.0000	739584.719468
64.4219	-5.4496	0.8599	-164.8400	55.0000	739584.719468
64.5219	-5.3338	0.8286	-164.8400	55.0000	739584.719468
64.6388	-5.2372	0.8024	-164.8400	55.0000	739584.719468
64.7390	-5.2372	0.8024	-164.8400	55.0000	739584.719468
64.8556	-5.2372	0.8024	-164.8400	55.0000	739584.719468
64.9724	-5.2372	0.8024	-164.8400	55.0000	739584.719468
65.0891	-5.2372	0.8024	-164.8400	55.0000	739584.719468
65.1893	-5.2372	0.8024	-164.8400	55.0000	739584.719468
65.3060	-5.2372	0.8024	-164.8400	55.0000	739584.719468
65.4228	-5.2372	0.8024	-164.8400	55.0000	739584.719468
65.5230	-5.1407	0.7763	-164.8400	55.0000	739584.719468
65.6231	-5.0828	0.7606	-164.8400	55.0000	739584.719468
65.7398	-5.0828	0.7606	-164.8400	55.0000	739584.719468
65.8566	-5.0828	0.7606	-164.8400	55.0000	739584.719468
65.9732	-5.0828	0.7606	-164.8400	55.0000	739584.719468
66.0734	-5.0828	0.7606	-170.9400	55.0000	739584.719468
66.1735	-5.0828	0.7606	-178.2600	55.0000	739584.719468
66.2736	-5.0828	0.7606	-185.5800	55.0000	739584.719468
66.3903	-5.0828	0.7606	-194.1200	55.0000	739584.719468
66.4904	-5.0828	0.7606	-201.4400	55.0000	739584.719468
66.5905	-5.0828	0.7606	-208.7600	55.0000	739584.719468
66.6906	-5.0828	0.7606	-216.0800	55.0000	739584.719468
66.8073	-5.0828	0.7606	-224.6200	55.0000	739584.719468
66.9074	-5.0828	0.7606	-231.9400	55.0000	739584.719468
67.0242	-5.0828	0.7606	-233.1600	55.0000	739584.719468
67.1411	-5.0828	0.7606	-233.1600	55.0000	739584.719468
67.2412	-5.0828	0.7606	-233.1600	55.0000	739584.719468
67.3413	-5.0828	0.7606	-233.1600	55.0000	739584.719468
67.4579	-5.0828	0.7606	-233.1600	55.0000	739584.719468
67.5592	-5.0828	0.7606	-233.1600	55.0000	739584.719468
67.6747	-5.0828	0.7606	-227.0600	55.0000	739584.719468
67.7748	-5.0828	0.7606	-219.7400	55.0000	739584.719468
67.8750	-5.0828	0.7606	-212.4200	55.0000	739584.719468
67.9917	-5.0828	0.7606	-212.4200	55.0000	739584.719468
68.0919	-5.0828	0.7606	-212.4200	55.0000	739584.719468
68.2086	-5.0828	0.7606	-212.4200	55.0000	739584.719468
68.3253	-4.9646	0.8356	-212.4200	55.0000	739584.719468
68.4255	-4.8633	0.9000	-212.4200	55.0000	739584.719468
68.5255	-4.7620	0.9643	-212.4200	55.0000	739584.719468
68.6423	-4.6439	1.0394	-212.4200	55.0000	739584.719468
68.7423	-4.5426	1.1037	-212.4200	55.0000	739584.719468
68.8424	-4.4413	1.1680	-212.4200	55.0000	739584.719468
68.9425	-4.3400	1.2324	-212.4200	55.0000	739584.719468
69.0427	-4.2387	1.2967	-212.4200	55.0000	739584.719468
69.1428	-4.1543	1.3503	-212.4200	55.0000	739584.719468
69.2429	-4.1543	1.3503	-212.4200	55.0000	739584.719468
69.3597	-4.1543	1.3503	-212.4200	55.0000	739584.719468
69.4762	-4.1036	1.3825	-212.4200	55.0000	739584.719468
69.5766	-4.0023	1.4468	-212.4200	55.0000	739584.719468
69.6932	-3.8841	1.5219	-212.4200	55.0000	739584.719468
69.7934	-3.7828	1.5862	-212.4200	55.0000	739584.719468
69.8937	-3.6815	1.6505	-212.4200	55.0000	739584.719468
70.0103	-3.5971	1.7041	-212.4200	55.0000	739584.719468
70.1269	-3.5971	1.7041	-212.4200	55.0000	739584.719468
70.2271	-3.5971	1.7041	-212.4200	55.0000	739584.719468
70.3438	-3.5971	1.7041	-212.4200	55.0000	739584.719468
70.4439	-3.5971	1.7041	-212.4200	55.0000	739584.719468
70.5441	-3.5971	1.7041	-218.5200	55.0000	739584.719468
70.6607	-3.5971	1.7041	-225.8400	55.0000	739584.719468
70.7608	-3.5971	1.7041	-225.8400	55.0000	739584.719468
70.8609	-3.5971	1.7041	-225.8400	55.0000	739584.719468
70.9612	-3.5971	1.7041	-225.8400	55.0000	739584.719468
71.0777	-3.5275	1.7759	-225.8400	55.0000	739584.719468
71.1779	-3.4439	1.8620	-225.8400	55.0000	739584.719468
71.2946	-3.3463	1.9624	-225.8400	55.0000	739584.719468
71.3948	-3.2627	2.0485	-225.8400	55.0000	739584.719468
71.4949	-3.1791	2.1346	-225.8400	55.0000	739584.719468
71.5950	-3.0955	2.2207	-225.8400	55.0000	739584.719468
71.7116	-2.9980	2.3211	-225.8400	55.0000	739584.719468
71.8285	-2.9283	2.3928	-225.8400	55.0000	739584.719468
71.9288	-2.9283	2.3928	-225.8400	55.0000	739584.719468
72.0453	-2.9283	2.3928	-225.8400	55.0000	739584.719468
72.1456	-2.9283	2.3928	-229.5000	55.0000	739584.719468
72.2621	-2.9283	2.3928	-238.0400	55.0000	739584.719468
72.3623	-2.9283	2.3928	-245.3600	55.0000	739584.719468
72.4790	-2.9283	2.3928	-253.9000	55.0000	739584.719468
72.5793	-2.9283	2.3928	-253.9000	55.0000	739584.719468
72.6960	-2.9283	2.3928	-253.9000	55.0000	739584.719468
72.8126	-2.9283	2.3928	-253.9000	55.0000	739584.719468
72.9127	-2.9283	2.3928	-253.9000	55.0000	739584.719468
73.0130	-2.9006	2.4889	-253.9000	55.0000	739584.719468
73.1295	-2.8618	2.6234	-253.9000	55.0000	739584.719468
73.2298	-2.8285	2.7387	-253.9000	55.0000	739584.719468
73.3465	-2.7897	2.8732	-253.9000	55.0000	739584.719468
73.4466	-2.7564	2.9885	-253.9000	55.0000	739584.719468
73.5467	-2.7231	3.1038	-253.9000	55.0000	739584.719468
73.6467	-2.6898	3.2191	-253.9000	55.0000	739584.719468
73.7469	-2.6566	3.3344	-253.9000	55.0000	739584.719468
73.8471	-2.6233	3.4497	-253.9000	55.0000	739584.719468
73.9637	-2.6233	3.4497	-253.9000	55.0000	739584.719468
74.0638	-2.6233	3.4497	-253.9000	55.0000	739584.719468
74.1639	-2.6233	3.4497	-253.9000	55.0000	739584.719468
74.2807	-2.6233	3.4497	-253.9000	55.0000	739584.719468
74.3807	-2.6233	3.4497	-253.9000	55.0000	739584.719468
74.4974	-2.6233	3.4497	-261.2200	55.0000	739584.719468
74.5975	-2.6233	3.4497	-267.3200	55.0000	739584.719468
74.6976	-2.6233	3.4497	-267.3200	55.0000	739584.719468
74.7977	-2.6233	3.4497	-267.3200	55.0000	739584.719468
74.8978	-2.6233	3.4497	-267.3200	55.0000	739584.719468
74.9980	-2.6177	3.5696	-267.3200	55.0000	739584.719468
75.1147	-2.6111	3.7094	-267.3200	55.0000	739584.719468
75.2149	-2.6055	3.8293	-267.3200	55.0000	739584.719468
75.3150	-2.5999	3.9492	-267.3200	55.0000	739584.719468
75.4317	-2.5934	4.0890	-267.3200	55.0000	739584.719468
75.5485	-2.5868	4.2288	-267.3200	55.0000	739584.719468
75.6490	-2.5812	4.3487	-267.3200	55.0000	739584.719468
75.7653	-2.5747	4.4886	-267.3200	55.0000	739584.719468
75.8654	-2.5690	4.6084	-267.3200	55.0000	739584.719468
75.9655	-2.5634	4.7283	-267.3200	55.0000	739584.719468
76.0821	-2.5569	4.8681	-267.3200	55.0000	739584.719468
76.1823	-2.5569	4.8681	-267.3200	55.0000	739584.719468
76.2825	-2.5569	4.8681	-267.3200	55.0000	739584.719468
76.3826	-2.5569	4.8681	-267.3200	55.0000	739584.719468
76.4994	-2.5569	4.8681	-274.6400	55.0000	739584.719468
76.6163	-2.5569	4.8681	-283.1800	55.0000	739584.719468
76.7330	-2.5569	4.8681	-291.7200	55.0000	739584.719468
76.8331	-2.5569	4.8681	-299.0400	55.0000	739584.719468
76.9497	-2.5569	4.8681	-307.5800	55.0000	739584.719468
77.0499	-2.5569	4.8681	-314.9000	55.0000	739584.719468
77.1666	-2.5569	4.8681	-323.4400	55.0000	739584.719468
77.2832	-2.5569	4.8681	-323.4400	55.0000	739584.719468
77.3834	-2.5569	4.8681	-323.4400	55.0000	739584.719468
77.4839	-2.5569	4.8681	-323.4400	55.0000	739584.719468
77.6003	-2.6372	4.9277	-323.4400	55.0000	739584.719468
77.7171	-2.7497	5.0111	-323.4400	55.0000	739584.719468
77.8173	-2.8460	5.0826	-323.4400	55.0000	739584.719468
77.9338	-2.9103	5.1302	-323.4400	55.0000	739584.719468
78.0340	-2.9103	5.1302	-323.4400	55.0000	739584.719468
78.1342	-2.9103	5.1302	-325.8800	55.0000	739584.719468
78.2343	-2.9103	5.1302	-333.2000	55.0000	739584.719468
78.3515	-2.9103	5.1302	-341.7400	55.0000	739584.719468
78.4678	-2.9103	5.1302	-349.0600	55.0000	739584.719468
78.5844	-2.9103	5.1302	-349.0600	55.0000	739584.719468
78.6845	-2.9103	5.1302	-349.0600	55.0000	739584.719468
78.7847	-2.9103	5.1302	-349.0600	55.0000	739584.719468
78.8847	-2.9496	5.1378	-349.0600	55.0000	739584.719468
79.0014	-3.0870	5.1644	-349.0600	55.0000	739584.719468
79.1017	-3.2049	5.1872	-349.0600	55.0000	739584.719468
79.2185	-3.3423	5.2137	-349.0600	55.0000	739584.719468
79.3352	-3.4798	5.2403	-349.0600	55.0000	739584.719468
79.4519	-3.6172	5.2669	-349.0600	55.0000	739584.719468
79.5686	-3.7547	5.2935	-349.0600	55.0000	739584.719468
79.6689	-3.8725	5.3162	-349.0600	55.0000	739584.719468
79.7690	-3.9903	5.3390	-349.0600	55.0000	739584.719468
79.8857	-4.1278	5.3656	-349.0600	55.0000	739584.719468
80.0024	-4.2652	5.3921	-349.0600	55.0000	739584.719468
80.1026	-4.3830	5.4149	-349.0600	55.0000	739584.719468
80.2193	-4.5009	5.4377	-349.0600	55.0000	739584.719468
80.3360	-4.5009	5.4377	-349.0600	55.0000	739584.719468
80.4361	-4.5009	5.4377	-347.8400	55.0000	739584.719468
80.5362	-4.5009	5.4377	-340.5200	55.0000	739584.719468
80.6362	-4.5009	5.4377	-333.2000	55.0000	739584.719468
80.7364	-4.5009	5.4377	-331.9800	55.0000	739584.719468
80.8531	-4.5009	5.4377	-331.9800	55.0000	739584.719468
80.9533	-4.5009	5.4377	-331.9800	55.0000	739584.719468
81.0700	-4.5009	5.4377	-331.9800	55.0000	739584.719468
81.1866	-4.5891	5.4847	-331.9800	55.0000	739584.719468
81.2869	-4.6951	5.5410	-331.9800	55.0000	739584.719468
81.3883	-4.8010	5.5974	-331.9800	55.0000	739584.719468
81.4884	-4.9069	5.6538	-331.9800	55.0000	739584.719468
81.6037	-4.9952	5.7008	-331.9800	55.0000	739584.719468
81.7038	-4.9952	5.7008	-331.9800	55.0000	739584.719468
81.8053	-4.9952	5.7008	-333.2000	55.0000	739584.719468
81.9207	-4.9952	5.7008	-341.7400	55.0000	739584.719468
82.0209	-4.9952	5.7008	-347.8400	55.0000	739584.719468
82.1376	-4.9952	5.7008	-347.8400	55.0000	739584.719468
82.2377	-4.9952	5.7008	-347.8400	55.0000	739584.719468
82.3379	-5.0148	5.7050	-347.8400	55.0000	739584.719468
82.4381	-5.1321	5.7303	-347.8400	55.0000	739584.719468
82.5546	-5.2689	5.7597	-347.8400	55.0000	739584.719468
82.6550	-5.3863	5.7850	-347.8400	55.0000	739584.719468
82.7715	-5.4058	5.7892	-347.8400	55.0000	739584.719468
82.8716	-5.4058	5.7892	-347.8400	55.0000	739584.719468
82.9717	-5.4058	5.7892	-347.8400	55.0000	739584.719468
83.0718	-5.4058	5.7892	-347.8400	55.0000	739584.719468
83.1887	-5.4058	5.7892	-344.1800	55.0000	739584.719468
83.3054	-5.4058	5.7892	-335.6400	55.0000	739584.719468
83.4224	-5.4058	5.7892	-334.4200	55.0000	739584.719468
83.5388	-5.4058	5.7892	-334.4200	55.0000	739584.719468
83.6389	-5.4960	5.8324	-334.4200	55.0000	739584.719468
83.7391	-5.6042	5.8842	-334.4200	55.0000	739584.719468
83.8393	-5.7125	5.9360	-334.4200	55.0000	739584.719468
83.9559	-5.8388	5.9965	-334.4200	55.0000	739584.719468
84.0560	-5.9470	6.0483	-334.4200	55.0000	739584.719468
84.1561	-6.0552	6.1001	-334.4200	55.0000	739584.719468
0.1300	0.0000	0.0000	45.0000	55.0000	739584.770567
0.2310	0.0000	0.0000	45.0000	55.0000	739584.770567
0.3480	0.0000	0.0000	45.0000	55.0000	739584.770567
0.4640	0.0000	0.0000	45.0000	55.0000	739584.770567
0.5807	0.0000	0.0000	45.0000	55.0000	739584.770567
0.6974	0.0000	0.0000	45.0000	55.0000	739584.770567
0.7975	0.0000	0.0000	45.0000	55.0000	739584.770567
0.8975	0.0000	0.0000	45.0000	55.0000	739584.770567
0.9976	0.0000	0.0000	37.6800	55.0000	739584.770567
1.0978	0.0000	0.0000	30.3600	55.0000	739584.770567
1.1979	0.0000	0.0000	23.0400	55.0000	739584.770567
1.2980	0.0000	0.0000	18.1600	55.0000	739584.770567
1.3982	0.0000	0.0000	18.1600	55.0000	739584.770567
1.5148	0.0000	0.0000	18.1600	55.0000	739584.770567
1.6149	-0.0950	0.0312	18.1600	55.0000	739584.770567
1.7151	-0.2090	0.0686	18.1600	55.0000	739584.770567
1.8319	-0.3421	0.1122	18.1600	55.0000	739584.770567
1.9486	-0.4751	0.1558	18.1600	55.0000	739584.770567
2.0507	-0.5891	0.1932	18.1600	55.0000	739584.770567
2.1655	-0.7221	0.2369	18.1600	55.0000	739584.770567
2.2663	-0.8362	0.2743	18.1600	55.0000	739584.770567
2.3826	-0.9692	0.3179	18.1600	55.0000	739584.770567
2.4828	-1.0832	0.3553	18.1600	55.0000	739584.770567
2.5995	-1.2162	0.3989	18.1600	55.0000	739584.770567
2.7160	-1.3493	0.4426	18.1600	55.0000	739584.770567
2.8163	-1.3493	0.4426	18.1600	55.0000	739584.770567
2.9330	-1.3493	0.4426	9.6200	55.0000	739584.770567
3.0337	-1.3493	0.4426	2.3000	55.0000	739584.770567
3.1498	-1.3493	0.4426	-0.1400	55.0000	739584.770567
3.2502	-1.4093	0.4424	-0.1400	55.0000	739584.770567
3.3665	-1.5493	0.4421	-0.1400	55.0000	739584.770567
3.4666	-1.6693	0.4418	-0.1400	55.0000	739584.770567
3.5835	-1.8093	0.4414	-0.1400	55.0000	739584.770567
3.7001	-1.9493	0.4411	-0.1400	55.0000	739584.770567
3.8003	-2.0693	0.4408	-0.1400	55.0000	739584.770567
3.9170	-2.2093	0.4405	-0.1400	55.0000	739584.770567
4.0171	-2.3293	0.4402	-0.1400	55.0000	739584.770567
4.1173	-2.4493	0.4399	-0.1400	55.0000	739584.770567
4.2341	-2.5893	0.4395	-0.1400	55.0000	739584.770567
4.3508	-2.7293	0.4392	-0.1400	55.0000	739584.770567
4.4675	-2.8693	0.4389	-0.1400	55.0000	739584.770567
4.5677	-2.9093	0.4388	3.5200	55.0000	739584.770567
4.6843	-2.9093	0.4388	12.0600	55.0000	739584.770567
4.7846	-2.9093	0.4388	19.3800	55.0000	739584.770567
4.8847	-2.9093	0.4388	26.7000	55.0000	739584.770567
5.0013	-2.9093	0.4388	35.2400	55.0000	739584.770567
5.1181	-2.9093	0.4388	43.7800	55.0000	739584.770567
5.2182	-2.9093	0.4388	49.8800	55.0000	739584.770567
5.3350	-2.9093	0.4388	49.8800	55.0000	739584.770567
5.4517	-2.9093	0.4388	49.8800	55.0000	739584.770567
5.5518	-2.9093	0.4388	49.8800	55.0000	739584.770567
5.6686	-2.9093	0.4388	52.3200	55.0000	739584.770567
5.7686	-2.9093	0.4388	59.6400	55.0000	739584.770567
5.8687	-2.9093	0.4388	66.9600	55.0000	739584.770567
5.9873	-2.9093	0.4388	71.8400	55.0000	739584.770567
6.1025	-2.9093	0.4388	71.8400	55.0000	739584.770567
6.2190	-2.9093	0.4388	71.8400	55.0000	739584.770567
6.3192	-2.9093	0.4388	71.8400	55.0000	739584.770567
6.4359	-2.9280	0.4958	71.8400	55.0000	739584.770567
6.5360	-2.9654	0.6098	71.8400	55.0000	739584.770567
6.6361	-3.0028	0.7238	71.8400	55.0000	739584.770567
6.7362	-3.0402	0.8378	71.8400	55.0000	739584.770567
6.8529	-3.0710	0.8891	71.8400	55.0000	739584.770567
6.9696	-3.1017	0.9170	71.8400	55.0000	739584.770567
7.0699	-3.1371	1.0070	71.8400	55.0000	739584.770567
7.1865	-3.1807	1.1400	71.8400	55.0000	739584.770567
7.2873	-3.2181	1.2540	71.8400	55.0000	739584.770567
7.4035	-3.2306	1.2920	71.8400	55.0000	739584.770567
7.5202	-3.2306	1.2920	71.8400	55.0000	739584.770567
7.6370	-3.2306	1.2920	71.8400	55.0000	739584.770567
7.7372	-3.2306	1.2920	71.8400	55.0000	739584.770567
7.8539	-3.2493	1.3490	71.8400	55.0000	739584.770567
7.9706	-3.2929	1.4821	71.8400	55.0000	739584.770567
8.0874	-3.3365	1.6151	71.8400	55.0000	739584.770567
8.1875	-3.3739	1.7291	71.8400	55.0000	739584.770567
8.3042	-3.4176	1.8621	71.8400	55.0000	739584.770567
8.4210	-3.4612	1.9952	71.8400	55.0000	739584.770567
8.5211	-3.4986	2.1092	71.8400	55.0000	739584.770567
8.6379	-3.5422	2.2422	71.8400	55.0000	739584.770567
8.7381	-3.5796	2.3562	71.8400	55.0000	739584.770567
8.8549	-3.6233	2.4893	71.8400	55.0000	739584.770567
8.9715	-3.6669	2.6223	71.8400	55.0000	739584.770567
9.0716	-3.7043	2.7363	71.8400	55.0000	739584.770567
9.1885	-3.7479	2.8693	71.8400	55.0000	739584.770567
9.3051	-3.7916	3.0024	71.8400	55.0000	739584.770567
9.4053	-3.8290	3.1164	71.8400	55.0000	739584.770567
9.5220	-3.8726	3.2494	71.8400	55.0000	739584.770567
9.6222	-3.9038	3.3444	71.8400	55.0000	739584.770567
9.7388	-3.9038	3.3444	64.5200	55.0000	739584.770567
9.8390	-3.9038	3.3444	57.2000	55.0000	739584.770567
9.9559	-3.9038	3.3444	48.6600	55.0000	739584.770567
10.0724	-3.9038	3.3444	40.1200	55.0000	739584.770567
10.1725	-3.9038	3.3444	32.8000	55.0000	739584.770567
10.2726	-3.9038	3.3444	25.4800	55.0000	739584.770567
10.3728	-3.9038	3.3444	18.1600	55.0000	739584.770567
10.4730	-3.9038	3.3444	10.8400	55.0000	739584.770567
10.5896	-3.9038	3.3444	2.3000	55.0000	739584.770567
10.7064	-3.9038	3.3444	-1.3600	55.0000	739584.770567
10.8064	-3.9038	3.3444	-1.3600	55.0000	739584.770567
10.9233	-3.9038	3.3444	-1.3600	55.0000	739584.770567
11.0400	-3.9038	3.3444	-9.9000	55.0000	739584.770567
11.1402	-3.9038	3.3444	-17.2200	55.0000	739584.770567
11.2569	-3.9038	3.3444	-25.7600	55.0000	739584.770567
11.3570	-3.9038	3.3444	-33.0800	55.0000	739584.770567
11.4737	-3.9038	3.3444	-41.6200	55.0000	739584.770567
11.5905	-3.9038	3.3444	-50.1600	55.0000	739584.770567
11.7074	-3.9038	3.3444	-58.7000	55.0000	739584.770567
11.8240	-3.9038	3.3444	-67.2400	55.0000	739584.770567
11.9241	-3.9038	3.3444	-67.2400	55.0000	739584.770567
12.0242	-3.9038	3.3444	-67.2400	55.0000	739584.770567
12.1243	-3.9038	3.3444	-67.2400	55.0000	739584.770567
12.2243	-3.9038	3.3444	-70.9000	55.0000	739584.770567
12.3245	-3.9038	3.3444	-78.2200	55.0000	739584.770567
12.4246	-3.9038	3.3444	-85.5400	55.0000	739584.770567
12.5413	-3.9038	3.3444	-94.0800	55.0000	739584.770567
12.6415	-3.9038	3.3444	-101.4000	55.0000	739584.770567
12.7582	-3.9038	3.3444	-101.4000	55.0000	739584.770567
12.8582	-3.9038	3.3444	-101.4000	55.0000	739584.770567
12.9750	-3.9038	3.3444	-101.4000	55.0000	739584.770567
13.0752	-3.9038	3.3444	-101.4000	55.0000	739584.770567
13.1754	-3.8801	3.2268	-101.4000	55.0000	739584.770567
13.2919	-3.8524	3.0896	-101.4000	55.0000	739584.770567
13.3921	-3.8287	2.9719	-101.4000	55.0000	739584.770567
13.4922	-3.8050	2.8543	-101.4000	55.0000	739584.770567
13.5924	-3.7812	2.7367	-101.4000	55.0000	739584.770567
13.7091	-3.7536	2.5994	-101.4000	55.0000	739584.770567
13.8093	-3.7338	2.5014	-101.4000	55.0000	739584.770567
13.9260	-3.7338	2.5014	-109.9400	55.0000	739584.770567
14.0427	-3.7338	2.5014	-118.4800	55.0000	739584.770567
14.1428	-3.7338	2.5014	-125.8000	55.0000	739584.770567
14.2434	-3.7338	2.5014	-133.1200	55.0000	739584.770567
14.3598	-3.7338	2.5014	-141.6600	55.0000	739584.770567
14.4764	-3.7338	2.5014	-150.2000	55.0000	739584.770567
14.5767	-3.7338	2.5014	-157.5200	55.0000	739584.770567
14.6932	-3.7338	2.5014	-166.0600	55.0000	739584.770567
14.7934	-3.7338	2.5014	-170.9400	55.0000	739584.770567
14.9101	-3.7338	2.5014	-170.9400	55.0000	739584.770567
15.0103	-3.7338	2.5014	-170.9400	55.0000	739584.770567
15.1269	-3.7338	2.5014	-170.9400	55.0000	739584.770567
15.2272	-3.6943	2.4951	-170.9400	55.0000	739584.770567
15.3441	-3.5560	2.4730	-170.9400	55.0000	739584.770567
15.4606	-3.4178	2.4510	-170.9400	55.0000	739584.770567
15.5609	-3.2993	2.4321	-170.9400	55.0000	739584.770567
15.6776	-3.1610	2.4101	-170.9400	55.0000	739584.770567
15.7943	-3.0425	2.3912	-170.9400	55.0000	739584.770567
15.8945	-3.0425	2.3912	-170.9400	55.0000	739584.770567
16.0111	-3.0425	2.3912	-174.6000	55.0000	739584.770567
16.1112	-3.0425	2.3912	-181.9200	55.0000	739584.770567
16.2282	-3.0425	2.3912	-190.4600	55.0000	739584.770567
16.3447	-3.0425	2.3912	-199.0000	55.0000	739584.770567
16.4449	-3.0425	2.3912	-206.3200	55.0000	739584.770567
16.5450	-3.0425	2.3912	-213.6400	55.0000	739584.770567
16.6616	-3.0425	2.3912	-222.1800	55.0000	739584.770567
16.7617	-3.0425	2.3912	-229.5000	55.0000	739584.770567
16.8620	-3.0425	2.3912	-234.3800	55.0000	739584.770567
16.9786	-3.0425	2.3912	-234.3800	55.0000	739584.770567
17.0787	-3.0425	2.3912	-234.3800	55.0000	739584.770567
17.1788	-3.0425	2.3912	-234.3800	55.0000	739584.770567
17.2955	-3.0309	2.4074	-234.3800	55.0000	739584.770567
17.3956	-2.9610	2.5050	-234.3800	55.0000	739584.770567
17.4958	-2.8911	2.6025	-234.3800	55.0000	739584.770567
17.6125	-2.8096	2.7163	-234.3800	55.0000	739584.770567
17.7128	-2.7397	2.8139	-234.3800	55.0000	739584.770567
17.8293	-2.6581	2.9277	-234.3800	55.0000	739584.770567
17.9295	-2.6115	2.9927	-234.3800	55.0000	739584.770567
18.0463	-2.6115	2.9927	-242.9200	55.0000	739584.770567
18.1630	-2.6115	2.9927	-251.4600	55.0000	739584.770567
18.2631	-2.6115	2.9927	-258.7800	55.0000	739584.770567
18.3799	-2.6115	2.9927	-260.0000	55.0000	739584.770567
18.4800	-2.6011	3.0518	-260.0000	55.0000	739584.770567
18.5968	-2.5768	3.1897	-260.0000	55.0000	739584.770567
18.6969	-2.5560	3.3078	-260.0000	55.0000	739584.770567
18.7969	-2.5351	3.4260	-260.0000	55.0000	739584.770567
18.9135	-2.5108	3.5639	-260.0000	55.0000	739584.770567
19.0137	-2.4900	3.6821	-260.0000	55.0000	739584.770567
19.1139	-2.4692	3.8003	-260.0000	55.0000	739584.770567
19.2140	-2.4483	3.9184	-260.0000	55.0000	739584.770567
19.3141	-2.4275	4.0366	-260.0000	55.0000	739584.770567
19.4307	-2.4032	4.1745	-260.0000	55.0000	739584.770567
19.5309	-2.3823	4.2927	-260.0000	55.0000	739584.770567
19.6311	-2.3615	4.4108	-260.0000	55.0000	739584.770567
19.7478	-2.3372	4.5487	-260.0000	55.0000	739584.770567
19.8479	-2.3163	4.6669	-260.0000	55.0000	739584.770567
19.9647	-2.3009	4.8059	-267.3200	55.0000	739584.770567
20.0815	-2.3004	4.8259	-275.8600	55.0000	739584.770567
20.1982	-2.3004	4.8259	-284.4000	55.0000	739584.770567
20.2983	-2.3004	4.8259	-291.7200	55.0000	739584.770567
20.3984	-2.3004	4.8259	-299.0400	55.0000	739584.770567
20.4986	-2.3004	4.8259	-306.3600	55.0000	739584.770567
20.6152	-2.3004	4.8259	-314.9000	55.0000	739584.770567
20.7154	-2.3004	4.8259	-318.5600	55.0000	739584.770567
20.8320	-2.3004	4.8259	-318.5600	55.0000	739584.770567
20.9321	-2.3154	4.8391	-318.5600	55.0000	739584.770567
21.0496	-2.4203	4.9318	-318.5600	55.0000	739584.770567
21.1657	-2.5253	5.0244	-318.5600	55.0000	739584.770567
21.2659	-2.6152	5.1039	-318.5600	55.0000	739584.770567
21.3660	-2.7052	5.1833	-318.5600	55.0000	739584.770567
21.4827	-2.8118	5.2740	-322.2200	55.0000	739584.770567
21.5995	-2.8442	5.2975	-330.7600	55.0000	739584.770567
21.7162	-2.8442	5.2975	-339.3000	55.0000	739584.770567
21.8163	-2.8442	5.2975	-346.6200	55.0000	739584.770567
21.9329	-2.8442	5.2975	-351.5000	55.0000	739584.770567
22.0331	-2.8442	5.2975	-351.5000	55.0000	739584.770567
22.1331	-2.8442	5.2975	-351.5000	55.0000	739584.770567
22.2333	-2.8442	5.2975	-351.5000	55.0000	739584.770567
22.3333	-2.8442	5.2975	-351.5000	55.0000	739584.770567
22.4334	-2.9035	5.3063	-351.5000	55.0000	739584.770567
22.5337	-3.0222	5.3241	-351.5000	55.0000	739584.770567
22.6504	-3.1607	5.3448	-351.5000	55.0000	739584.770567
22.7505	-3.2793	5.3625	-351.5000	55.0000	739584.770567
22.8673	-3.4178	5.3832	-351.5000	55.0000	739584.770567
22.9839	-3.5563	5.4039	-351.5000	55.0000	739584.770567
23.0841	-3.6749	5.4216	-351.5000	55.0000	739584.770567
23.2008	-3.8134	5.4423	-351.5000	55.0000	739584.770567
23.3009	-3.9321	5.4601	-351.5000	55.0000	739584.770567
23.4176	-4.0706	5.4808	-351.5000	55.0000	739584.770567
23.5179	-4.1892	5.4985	-351.5000	55.0000	739584.770567
23.6345	-4.3277	5.5192	-351.5000	55.0000	739584.770567
23.7346	-4.4464	5.5369	-351.5000	55.0000	739584.770567
23.8514	-4.5848	5.5576	-351.5000	55.0000	739584.770567
23.9681	-4.7233	5.5783	-351.5000	55.0000	739584.770567
24.0683	-4.8420	5.5960	-351.5000	55.0000	739584.770567
24.1850	-4.9804	5.6167	-351.5000	55.0000	739584.770567
24.2851	-5.0991	5.6345	-351.5000	55.0000	739584.770567
24.3852	-5.2178	5.6522	-351.5000	55.0000	739584.770567
24.5019	-5.2574	5.6581	-351.5000	55.0000	739584.770567
24.6020	-5.2574	5.6581	-344.1800	55.0000	739584.770567
24.7022	-5.2574	5.6581	-336.8600	55.0000	739584.770567
24.8040	-5.2574	5.6581	-331.9800	55.0000	739584.770567
24.9190	-5.2574	5.6581	-331.9800	55.0000	739584.770567
25.0357	-5.2574	5.6581	-331.9800	55.0000	739584.770567
25.1359	-5.3280	5.6957	-331.9800	55.0000	739584.770567
25.2362	-5.4339	5.7521	-331.9800	55.0000	739584.770567
25.3529	-5.5575	5.8178	-331.9800	55.0000	739584.770567
25.4696	-5.6811	5.8836	-331.9800	55.0000	739584.770567
25.5862	-5.8047	5.9494	-331.9800	55.0000	739584.770567
25.6865	-5.9106	6.0058	-331.9800	55.0000	739584.770567
25.8032	-6.0342	6.0715	-331.9800	55.0000	739584.770567
25.9197	-6.1578	6.1373	-331.9800	55.0000	739584.770567
