T	X	Y	HEADING	PERPSECTIVE_ANGLE	NOW_NUM
0.1302	0.0000	0.0000	45.0000	55.0000	739554.623986
0.2501	0.0000	0.0000	45.0000	55.0000	739554.623986
0.3666	0.0000	0.0000	45.0000	55.0000	739554.623986
0.4666	0.0000	0.0000	45.0000	55.0000	739554.623986
0.5667	0.0000	0.0000	45.0000	55.0000	739554.623986
0.6668	0.0000	0.0000	45.0000	55.0000	739554.623986
0.7669	0.0000	0.0000	45.0000	55.0000	739554.623986
0.8670	0.0000	0.0000	45.0000	55.0000	739554.623986
0.9671	0.0000	0.0000	45.0000	55.0000	739554.623986
1.0673	0.0000	0.0000	45.0000	55.0000	739554.623986
1.1840	0.0000	0.0000	51.1000	55.0000	739554.623986
1.3007	0.0000	0.0000	59.6400	55.0000	739554.623986
1.4009	0.0000	0.0000	62.0800	55.0000	739554.623986
1.5176	0.0000	0.0000	62.0800	55.0000	739554.623986
1.6345	0.0000	0.0000	62.0800	55.0000	739554.623986
1.7512	0.0000	0.0000	62.0800	55.0000	739554.623986
1.8513	-0.0094	0.0177	62.0800	55.0000	739554.623986
1.9514	-0.0656	0.1237	62.0800	55.0000	739554.623986
2.0681	-0.1311	0.2474	62.0800	55.0000	739554.623986
2.1848	-0.1967	0.3711	62.0800	55.0000	739554.623986
2.2849	-0.2060	0.3888	62.0800	55.0000	739554.623986
2.4017	-0.2060	0.3888	59.6400	55.0000	739554.623986
2.5018	-0.2060	0.3888	52.3200	55.0000	739554.623986
2.6186	-0.2060	0.3888	43.7800	55.0000	739554.623986
2.7353	-0.2060	0.3888	35.2400	55.0000	739554.623986
2.8354	-0.2060	0.3888	27.9200	55.0000	739554.623986
2.9355	-0.2060	0.3888	26.7000	55.0000	739554.623986
3.0356	-0.2060	0.3888	26.7000	55.0000	739554.623986
3.1358	-0.2060	0.3888	26.7000	55.0000	739554.623986
3.2358	-0.2060	0.3888	26.7000	55.0000	739554.623986
3.3525	-0.2060	0.3888	29.1400	55.0000	739554.623986
3.4527	-0.2060	0.3888	36.4600	55.0000	739554.623986
3.5695	-0.2060	0.3888	45.0000	55.0000	739554.623986
3.6862	-0.2060	0.3888	53.5400	55.0000	739554.623986
3.8029	-0.2060	0.3888	62.0800	55.0000	739554.623986
3.9030	-0.2060	0.3888	64.5200	55.0000	739554.623986
4.0031	-0.2060	0.3888	64.5200	55.0000	739554.623986
4.1032	-0.2060	0.3888	64.5200	55.0000	739554.623986
4.2033	-0.2060	0.3888	64.5200	55.0000	739554.623986
4.3035	-0.2060	0.3888	64.5200	55.0000	739554.623986
4.4036	-0.2060	0.3888	64.5200	55.0000	739554.623986
4.5038	-0.2060	0.3888	64.5200	55.0000	739554.623986
4.6203	-0.2060	0.3888	71.8400	55.0000	739554.623986
4.7204	-0.2060	0.3888	75.5000	55.0000	739554.623986
4.8206	-0.2060	0.3888	75.5000	55.0000	739554.623986
4.9373	-0.2311	0.4856	75.5000	55.0000	739554.623986
5.0374	-0.2611	0.6018	75.5000	55.0000	739554.623986
5.1375	-0.2912	0.7180	75.5000	55.0000	739554.623986
5.2376	-0.3212	0.8341	75.5000	55.0000	739554.623986
5.3378	-0.3512	0.9503	75.5000	55.0000	739554.623986
5.4543	-0.3863	1.0859	75.5000	55.0000	739554.623986
5.5545	-0.4163	1.2020	75.5000	55.0000	739554.623986
5.6714	-0.4514	1.3376	75.5000	55.0000	739554.623986
5.7879	-0.4865	1.4731	75.5000	55.0000	739554.623986
5.8881	-0.5165	1.5893	75.5000	55.0000	739554.623986
5.9882	-0.5465	1.7055	75.5000	55.0000	739554.623986
6.1051	-0.5707	1.7817	66.9600	55.0000	739554.623986
6.2218	-0.5707	1.7817	58.4200	55.0000	739554.623986
6.3387	-0.5707	1.7817	49.8800	55.0000	739554.623986
6.4552	-0.5707	1.7817	41.3400	55.0000	739554.623986
6.5553	-0.5707	1.7817	40.1200	55.0000	739554.623986
6.6722	-0.5707	1.7817	40.1200	55.0000	739554.623986
6.7723	-0.5707	1.7817	40.1200	55.0000	739554.623986
6.8890	-0.5707	1.7817	40.1200	55.0000	739554.623986
6.9891	-0.5707	1.7817	40.1200	55.0000	739554.623986
7.0892	-0.5707	1.7817	40.1200	55.0000	739554.623986
7.2059	-0.5707	1.7817	40.1200	55.0000	739554.623986
7.3060	-0.5707	1.7817	40.1200	55.0000	739554.623986
7.4061	-0.5707	1.7817	45.0000	55.0000	739554.623986
7.5228	-0.5707	1.7817	53.5400	55.0000	739554.623986
7.6229	-0.5707	1.7817	54.7600	55.0000	739554.623986
7.7231	-0.5707	1.7817	54.7600	55.0000	739554.623986
7.8232	-0.6053	1.8307	54.7600	55.0000	739554.623986
7.9233	-0.6745	1.9287	54.7600	55.0000	739554.623986
8.0233	-0.7438	2.0267	54.7600	55.0000	739554.623986
8.1235	-0.8130	2.1248	54.7600	55.0000	739554.623986
8.2401	-0.8941	2.2388	53.5400	55.0000	739554.623986
8.3403	-0.9724	2.3297	46.2200	55.0000	739554.623986
8.4404	-1.0616	2.4099	38.9000	55.0000	739554.623986
8.5572	-1.1775	2.4881	30.3600	55.0000	739554.623986
8.6572	-1.2852	2.5409	23.0400	55.0000	739554.623986
8.7575	-1.3987	2.5795	15.7200	55.0000	739554.623986
8.8740	-1.5361	2.6058	7.1800	55.0000	739554.623986
8.9742	-1.6559	2.6119	-0.1400	55.0000	739554.623986
9.0743	-1.7754	2.6026	-7.4600	55.0000	739554.623986
9.1927	-1.9121	2.5727	-16.0000	55.0000	739554.623986
9.3096	-2.0428	2.5229	-24.5400	55.0000	739554.623986
9.4246	-2.1646	2.4542	-33.0800	55.0000	739554.623986
9.5414	-2.2749	2.3682	-41.6200	55.0000	739554.623986
9.6415	-2.3646	2.2884	-41.6200	55.0000	739554.623986
9.7582	-2.4693	2.1955	-41.6200	55.0000	739554.623986
9.8583	-2.5590	2.1158	-41.6200	55.0000	739554.623986
9.9751	-2.6636	2.0228	-41.6200	55.0000	739554.623986
10.0919	-2.7683	1.9298	-41.6200	55.0000	739554.623986
10.2086	-2.8729	1.8368	-41.6200	55.0000	739554.623986
10.3089	-2.9627	1.7571	-41.6200	55.0000	739554.623986
10.4096	-3.0461	1.6710	-48.9400	55.0000	739554.623986
10.5256	-3.1287	1.5581	-57.4800	55.0000	739554.623986
10.6257	-3.1855	1.4525	-64.8000	55.0000	739554.623986
10.7425	-3.2340	1.3213	-73.3400	55.0000	739554.623986
10.8425	-3.2598	1.2042	-80.6600	55.0000	739554.623986
10.9592	-3.2706	1.0647	-89.2000	55.0000	739554.623986
11.0593	-3.2634	0.9450	-96.5200	55.0000	739554.623986
11.1594	-3.2409	0.8272	-103.8400	55.0000	739554.623986
11.2762	-3.1960	0.6947	-112.3800	55.0000	739554.623986
11.3929	-3.1320	0.5704	-120.9200	55.0000	739554.623986
11.4932	-3.0629	0.4724	-128.2400	55.0000	739554.623986
11.6098	-2.9673	0.3703	-136.7800	55.0000	739554.623986
11.7100	-2.8740	0.2949	-144.1000	55.0000	739554.623986
11.8268	-2.7543	0.2225	-151.4200	55.0000	739554.623986
11.9435	-2.7543	0.2225	-151.4200	55.0000	739554.623986
12.0602	-2.7543	0.2225	-151.4200	55.0000	739554.623986
12.1603	-2.7368	0.2129	-151.4200	55.0000	739554.623986
12.2605	-2.6275	0.1635	-158.7400	55.0000	739554.623986
12.3772	-2.5030	0.1285	-167.2800	55.0000	739554.623986
12.4773	-2.4338	0.1253	-174.6000	55.0000	739554.623986
12.5774	-2.3439	0.1261	-181.9200	55.0000	739554.623986
12.6941	-2.2050	0.1426	-190.4600	55.0000	739554.623986
12.7942	-2.0890	0.1731	-197.7800	55.0000	739554.623986
12.8943	-1.9779	0.2181	-205.1000	55.0000	739554.623986
13.0111	-1.8511	0.2775	-205.1000	55.0000	739554.623986
13.1278	-1.7243	0.3369	-205.1000	55.0000	739554.623986
13.2279	-1.6157	0.3878	-205.1000	55.0000	739554.623986
13.3281	-1.5070	0.4387	-205.1000	55.0000	739554.623986
13.4448	-1.3802	0.4981	-205.1000	55.0000	739554.623986
13.5615	-1.2540	0.5586	-207.5400	55.0000	739554.623986
13.6616	-1.1521	0.6218	-214.8600	55.0000	739554.623986
13.7784	-1.0445	0.7113	-223.4000	55.0000	739554.623986
13.8952	-0.9514	0.8157	-231.9400	55.0000	739554.623986
13.9954	-0.8847	0.9153	-239.2600	55.0000	739554.623986
14.1122	-0.8237	1.0412	-247.8000	55.0000	739554.623986
14.2289	-0.7821	1.1747	-256.3400	55.0000	739554.623986
14.3289	-0.7625	1.2930	-263.6600	55.0000	739554.623986
14.4291	-0.7582	1.4129	-270.9800	55.0000	739554.623986
14.5457	-0.7712	1.5522	-277.0800	55.0000	739554.623986
14.6459	-0.7860	1.6713	-277.0800	55.0000	739554.623986
14.7460	-0.8012	1.7903	-278.3000	55.0000	739554.623986
14.8461	-0.8273	1.9074	-285.6200	55.0000	739554.623986
14.9463	-0.8681	2.0201	-292.9400	55.0000	739554.623986
15.0630	-0.9334	2.1438	-301.4800	55.0000	739554.623986
15.1631	-1.0035	2.2412	-308.8000	55.0000	739554.623986
15.2797	-1.1001	2.3423	-317.3400	55.0000	739554.623986
15.3798	-1.1941	2.4168	-324.6600	55.0000	739554.623986
15.4799	-1.2968	2.4787	-331.9800	55.0000	739554.623986
15.5801	-1.4065	2.5270	-339.3000	55.0000	739554.623986
15.6969	-1.5411	2.5651	-347.8400	55.0000	739554.623986
15.7970	-1.6599	2.5816	-355.1600	55.0000	739554.623986
15.9137	-1.7998	2.5815	-363.7000	55.0000	739554.623986
16.0138	-1.9185	2.5649	-371.0200	55.0000	739554.623986
16.1139	-2.0342	2.5332	-378.3400	55.0000	739554.623986
16.2305	-2.1628	2.4781	-386.8800	55.0000	739554.623986
16.3306	-2.2654	2.4161	-394.2000	55.0000	739554.623986
16.4307	-2.3593	2.3414	-401.5200	55.0000	739554.623986
16.5309	-2.4429	2.2555	-408.8400	55.0000	739554.623986
16.6310	-2.5149	2.1596	-416.1600	55.0000	739554.623986
16.7477	-2.5849	2.0384	-421.0400	55.0000	739554.623986
16.8479	-2.6344	1.9515	-417.3800	55.0000	739554.623986
16.9646	-2.6344	1.9515	-408.8400	55.0000	739554.623986
17.0647	-2.6344	1.9515	-401.5200	55.0000	739554.623986
17.1649	-2.6344	1.9515	-394.2000	55.0000	739554.623986
17.2815	-2.6675	1.9290	-394.2000	55.0000	739554.623986
17.3816	-2.7667	1.8616	-394.2000	55.0000	739554.623986
17.4817	-2.8660	1.7941	-394.2000	55.0000	739554.623986
17.5985	-2.9810	1.7144	-396.6400	55.0000	739554.623986
17.6987	-3.0717	1.6359	-403.9600	55.0000	739554.623986
17.8152	-3.0717	1.6359	-412.5000	55.0000	739554.623986
17.9155	-3.0921	1.6015	-419.8200	55.0000	739554.623986
18.0322	-3.1519	1.4751	-428.3600	55.0000	739554.623986
18.1324	-3.1877	1.3606	-435.6800	55.0000	739554.623986
18.2489	-3.2107	1.2226	-444.2200	55.0000	739554.623986
18.3491	-3.2138	1.1027	-451.5400	55.0000	739554.623986
18.4493	-3.2017	0.9834	-458.8600	55.0000	739554.623986
18.5494	-3.1744	0.8667	-466.1800	55.0000	739554.623986
18.6495	-3.1325	0.7543	-473.5000	55.0000	739554.623986
18.7662	-3.0660	0.6312	-482.0400	55.0000	739554.623986
18.8829	-2.9820	0.5194	-490.5800	55.0000	739554.623986
18.9831	-2.8975	0.4344	-497.9000	55.0000	739554.623986
19.0998	-2.7861	0.3498	-506.4400	55.0000	739554.623986
19.1999	-2.6815	0.2911	-513.7600	55.0000	739554.623986
19.3166	-2.5512	0.2402	-522.3000	55.0000	739554.623986
19.4167	-2.4346	0.2123	-529.6200	55.0000	739554.623986
19.5168	-2.3153	0.1995	-536.9400	55.0000	739554.623986
19.6170	-2.1954	0.2017	-543.0400	55.0000	739554.623986
19.7338	-2.0556	0.2091	-543.0400	55.0000	739554.623986
19.8506	-1.9158	0.2165	-543.0400	55.0000	739554.623986
19.9673	-1.7760	0.2239	-543.0400	55.0000	739554.623986
20.0842	-1.6362	0.2314	-543.0400	55.0000	739554.623986
20.2008	-1.4964	0.2388	-543.0400	55.0000	739554.623986
20.3010	-1.3766	0.2451	-543.0400	55.0000	739554.623986
20.4176	-1.2368	0.2526	-543.0400	55.0000	739554.623986
20.5178	-1.1169	0.2589	-543.0400	55.0000	739554.623986
20.6179	-0.9971	0.2653	-543.0400	55.0000	739554.623986
20.7348	-0.8573	0.2727	-543.0400	55.0000	739554.623986
20.8350	-0.7374	0.2727	-536.9400	55.0000	739554.623986
20.9515	-0.6777	0.2669	-528.4000	55.0000	739554.623986
21.0683	-0.6777	0.2669	-519.8600	55.0000	739554.623986
21.1850	-0.6777	0.2669	-511.3200	55.0000	739554.623986
21.2851	-0.6777	0.2669	-504.0000	55.0000	739554.623986
21.3852	-0.6777	0.2669	-496.6800	55.0000	739554.623986
21.5019	-0.6777	0.2669	-489.3600	55.0000	739554.623986
21.6019	-0.6777	0.2669	-489.3600	55.0000	739554.623986
21.7021	-0.6777	0.2669	-493.0200	55.0000	739554.623986
21.8022	-0.6777	0.2669	-500.3400	55.0000	739554.623986
21.9025	-0.6777	0.2669	-507.6600	55.0000	739554.623986
22.0191	-0.6777	0.2669	-516.2000	55.0000	739554.623986
22.1193	-0.6777	0.2669	-523.5200	55.0000	739554.623986
22.2360	-0.6777	0.2669	-532.0600	55.0000	739554.623986
22.3528	-0.6777	0.2669	-540.6000	55.0000	739554.623986
22.4528	-0.6777	0.2669	-547.9200	55.0000	739554.623986
22.5696	-0.6777	0.2669	-556.4600	55.0000	739554.623986
22.6861	-0.6777	0.2669	-565.0000	55.0000	739554.623986
22.7865	-0.6777	0.2669	-572.3200	55.0000	739554.623986
22.9031	-0.6777	0.2669	-580.8600	55.0000	739554.623986
23.0033	-0.6777	0.2669	-588.1800	55.0000	739554.623986
23.1033	-0.6777	0.2669	-595.5000	55.0000	739554.623986
23.2035	-0.6777	0.2669	-602.8200	55.0000	739554.623986
23.3203	-0.6777	0.2669	-611.3600	55.0000	739554.623986
23.4369	-0.6777	0.2669	-619.9000	55.0000	739554.623986
23.5372	-0.6777	0.2669	-621.1200	55.0000	739554.623986
23.6539	-0.6777	0.2669	-621.1200	55.0000	739554.623986
23.7706	-0.6715	0.3065	-621.1200	55.0000	739554.623986
23.8707	-0.6530	0.4250	-621.1200	55.0000	739554.623986
23.9875	-0.6314	0.5634	-621.1200	55.0000	739554.623986
24.1042	-0.6097	0.7017	-621.1200	55.0000	739554.623986
24.2043	-0.5912	0.8202	-621.1200	55.0000	739554.623986
24.3049	-0.5727	0.9388	-621.1200	55.0000	739554.623986
24.4216	-0.5511	1.0771	-621.1200	55.0000	739554.623986
24.5379	-0.5299	1.2155	-622.3400	55.0000	739554.623986
24.6387	-0.5228	1.3352	-629.6600	55.0000	739554.623986
24.7547	-0.5339	1.4746	-638.2000	55.0000	739554.623986
24.8550	-0.5339	1.4746	-645.5200	55.0000	739554.623986
24.9717	-0.5339	1.4746	-652.8400	55.0000	739554.623986
25.0718	-0.5339	1.4746	-652.8400	55.0000	739554.623986
25.1885	-0.5494	1.5115	-652.8400	55.0000	739554.623986
25.3052	-0.6037	1.6405	-652.8400	55.0000	739554.623986
25.4056	-0.6503	1.7511	-652.8400	55.0000	739554.623986
25.5221	-0.6503	1.7511	-652.8400	55.0000	739554.623986
25.6224	-0.6503	1.7511	-652.8400	55.0000	739554.623986
25.7389	-0.6503	1.7511	-657.7200	55.0000	739554.623986
25.8391	-0.6503	1.7511	-665.0400	55.0000	739554.623986
25.9559	-0.6503	1.7511	-673.5800	55.0000	739554.623986
26.0560	-0.6503	1.7511	-676.0200	55.0000	739554.623986
26.1560	-0.6503	1.7511	-676.0200	55.0000	739554.623986
26.2561	-0.7079	1.8067	-676.0200	55.0000	739554.623986
26.3563	-0.7942	1.8900	-676.0200	55.0000	739554.623986
26.4729	-0.8618	1.9722	-676.0200	55.0000	739554.623986
26.5730	-0.8574	1.9785	-676.0200	55.0000	739554.623986
26.6898	-0.8574	1.9785	-676.0200	55.0000	739554.623986
26.7899	-0.8671	2.0366	-676.0200	55.0000	739554.623986
26.8901	-0.9204	2.1012	-676.0200	55.0000	739554.623986
27.0068	-0.9204	2.1012	-676.0200	55.0000	739554.623986
27.1068	-0.9923	2.1706	-676.0200	55.0000	739554.623986
27.2070	-1.0643	2.2401	-676.0200	55.0000	739554.623986
27.3070	-1.0643	2.2401	-678.4600	55.0000	739554.623986
27.4072	-1.0643	2.2401	-685.7800	55.0000	739554.623986
27.5073	-1.0643	2.2401	-690.6600	55.0000	739554.623986
27.6076	-1.0643	2.2401	-691.8800	55.0000	739554.623986
27.7257	-1.0643	2.2401	-700.4200	55.0000	739554.623986
27.8408	-1.0643	2.2401	-700.4200	55.0000	739554.623986
27.9410	-1.0643	2.2401	-704.0800	55.0000	739554.623986
28.0577	-1.0643	2.2401	-710.1800	55.0000	739554.623986
28.1579	-1.0643	2.2401	-710.1800	55.0000	739554.623986
28.2746	-1.0643	2.2401	-710.1800	55.0000	739554.623986
28.3914	-1.1037	2.2469	-710.1800	55.0000	739554.623986
28.4915	-1.2219	2.2673	-710.1800	55.0000	739554.623986
28.6082	-1.3599	2.2912	-710.1800	55.0000	739554.623986
28.7083	-1.4781	2.3117	-710.1800	55.0000	739554.623986
28.8084	-1.5964	2.3322	-710.1800	55.0000	739554.623986
28.9085	-1.7146	2.3526	-710.1800	55.0000	739554.623986
29.0087	-1.8329	2.3731	-710.1800	55.0000	739554.623986
29.1253	-1.9708	2.3970	-710.1800	55.0000	739554.623986
29.2258	-2.0891	2.4174	-710.1800	55.0000	739554.623986
29.3422	-2.2270	2.4413	-710.1800	55.0000	739554.623986
29.4424	-2.3452	2.4618	-710.1800	55.0000	739554.623986
29.5591	-2.4832	2.4857	-710.1800	55.0000	739554.623986
29.6758	-2.6211	2.5095	-710.1800	55.0000	739554.623986
29.7925	-2.7591	2.5334	-710.1800	55.0000	739554.623986
29.8927	-2.8754	2.5626	-702.8600	55.0000	739554.623986
29.9928	-2.9319	2.5827	-695.5400	55.0000	739554.623986
30.0929	-2.9319	2.5827	-688.2200	55.0000	739554.623986
30.1930	-2.9319	2.5827	-680.9000	55.0000	739554.623986
30.2931	-2.9319	2.5827	-673.5800	55.0000	739554.623986
30.4098	-2.9319	2.5827	-665.0400	55.0000	739554.623986
30.5266	-2.9319	2.5827	-656.5000	55.0000	739554.623986
30.6267	-2.9319	2.5827	-649.1800	55.0000	739554.623986
30.7435	-2.9319	2.5827	-641.8600	55.0000	739554.623986
30.8604	-2.9319	2.5827	-641.8600	55.0000	739554.623986
30.9770	-2.9319	2.5827	-641.8600	55.0000	739554.623986
31.0938	-2.9319	2.5827	-641.8600	55.0000	739554.623986
31.1939	-2.9319	2.5827	-645.5200	55.0000	739554.623986
31.3106	-2.9319	2.5827	-654.0600	55.0000	739554.623986
31.4107	-2.9319	2.5827	-657.7200	55.0000	739554.623986
31.5108	-2.9319	2.5827	-657.7200	55.0000	739554.623986
31.6275	-2.9505	2.6181	-657.7200	55.0000	739554.623986
31.7278	-3.0063	2.7243	-657.7200	55.0000	739554.623986
31.8445	-3.0715	2.8483	-657.7200	55.0000	739554.623986
31.9612	-3.1366	2.9722	-657.7200	55.0000	739554.623986
32.0613	-3.1366	2.9722	-657.7200	55.0000	739554.623986
32.1614	-3.1366	2.9722	-657.7200	55.0000	739554.623986
32.2614	-3.1366	2.9722	-657.7200	55.0000	739554.623986
32.3616	-3.1366	2.9722	-657.7200	55.0000	739554.623986
32.4783	-3.1366	2.9722	-657.7200	55.0000	739554.623986
32.5783	-3.1366	2.9722	-657.7200	55.0000	739554.623986
32.6784	-3.1552	3.0076	-657.7200	55.0000	739554.623986
32.7785	-3.2110	3.1138	-657.7200	55.0000	739554.623986
32.8796	-3.2668	3.2201	-657.7200	55.0000	739554.623986
32.9953	-3.2761	3.2378	-657.7200	55.0000	739554.623986
33.0955	-3.2761	3.2378	-657.7200	55.0000	739554.623986
33.1956	-3.2761	3.2378	-657.7200	55.0000	739554.623986
33.2958	-3.2761	3.2378	-651.6200	55.0000	739554.623986
33.4125	-3.2761	3.2378	-643.0800	55.0000	739554.623986
33.5126	-3.2761	3.2378	-635.7600	55.0000	739554.623986
33.6126	-3.2761	3.2378	-635.7600	55.0000	739554.623986
33.7127	-3.2781	3.2577	-635.7600	55.0000	739554.623986
33.8295	-3.2922	3.3970	-635.7600	55.0000	739554.623986
33.9297	-3.3042	3.5164	-635.7600	55.0000	739554.623986
34.0465	-3.3183	3.6557	-635.7600	55.0000	739554.623986
34.1467	-3.3303	3.7751	-635.7600	55.0000	739554.623986
34.2633	-3.3444	3.9143	-635.7600	55.0000	739554.623986
34.3801	-3.3444	3.9143	-629.6600	55.0000	739554.623986
34.4803	-3.3444	3.9143	-622.3400	55.0000	739554.623986
34.5968	-3.3444	3.9143	-613.8000	55.0000	739554.623986
34.6970	-3.3444	3.9143	-606.4800	55.0000	739554.623986
34.8137	-3.3444	3.9143	-597.9400	55.0000	739554.623986
34.9138	-3.3444	3.9143	-591.8400	55.0000	739554.623986
35.0140	-3.3444	3.9143	-591.8400	55.0000	739554.623986
35.1305	-3.3444	3.9143	-591.8400	55.0000	739554.623986
35.2308	-3.3444	3.9143	-591.8400	55.0000	739554.623986
35.3476	-3.3444	3.9143	-591.8400	55.0000	739554.623986
35.4643	-3.3444	3.9143	-590.6200	55.0000	739554.623986
35.5645	-3.3444	3.9143	-583.3000	55.0000	739554.623986
35.6812	-3.3444	3.9143	-580.8600	55.0000	739554.623986
35.7979	-3.3444	3.9143	-580.8600	55.0000	739554.623986
35.8981	-3.3444	3.9143	-580.8600	55.0000	739554.623986
36.0148	-3.2385	4.0059	-580.8600	55.0000	739554.623986
36.1150	-3.1477	4.0844	-580.8600	55.0000	739554.623986
36.2316	-3.0419	4.1760	-580.8600	55.0000	739554.623986
36.3485	-2.9360	4.2676	-580.8600	55.0000	739554.623986
36.4653	-2.8301	4.3592	-580.8600	55.0000	739554.623986
36.5654	-2.7393	4.4377	-580.8600	55.0000	739554.623986
36.6820	-2.6666	4.5063	-588.1800	55.0000	739554.623986
36.7821	-2.6666	4.5063	-595.5000	55.0000	739554.623986
36.8841	-2.6666	4.5063	-602.8200	55.0000	739554.623986
36.9989	-2.6666	4.5063	-604.0400	55.0000	739554.623986
37.0992	-2.6666	4.5063	-604.0400	55.0000	739554.623986
37.2158	-2.6666	4.5063	-604.0400	55.0000	739554.623986
37.3159	-2.6666	4.5063	-602.8200	55.0000	739554.623986
37.4160	-2.6666	4.5063	-595.5000	55.0000	739554.623986
37.5161	-2.6666	4.5063	-588.1800	55.0000	739554.623986
37.6328	-2.6666	4.5063	-579.6400	55.0000	739554.623986
37.7330	-2.6666	4.5063	-572.3200	55.0000	739554.623986
37.8497	-2.6666	4.5063	-563.7800	55.0000	739554.623986
37.9498	-2.6666	4.5063	-556.4600	55.0000	739554.623986
38.0499	-2.6666	4.5063	-549.1400	55.0000	739554.623986
38.1500	-2.6666	4.5063	-541.8200	55.0000	739554.623986
38.2668	-2.6666	4.5063	-533.2800	55.0000	739554.623986
38.3669	-2.6666	4.5063	-525.9600	55.0000	739554.623986
38.4836	-2.6666	4.5063	-517.4200	55.0000	739554.623986
38.5837	-2.6666	4.5063	-510.1000	55.0000	739554.623986
38.6838	-2.6666	4.5063	-502.7800	55.0000	739554.623986
38.7839	-2.6666	4.5063	-495.4600	55.0000	739554.623986
38.8840	-2.6666	4.5063	-488.1400	55.0000	739554.623986
38.9842	-2.6666	4.5063	-480.8200	55.0000	739554.623986
39.1009	-2.6666	4.5063	-472.2800	55.0000	739554.623986
39.2177	-2.6666	4.5063	-469.8400	55.0000	739554.623986
39.3344	-2.6666	4.5063	-469.8400	55.0000	739554.623986
39.4345	-2.6666	4.5063	-469.8400	55.0000	739554.623986
39.5346	-2.6666	4.5063	-467.4000	55.0000	739554.623986
39.6347	-2.6666	4.5063	-460.0800	55.0000	739554.623986
39.7515	-2.6666	4.5063	-455.2000	55.0000	739554.623986
39.8516	-2.6666	4.5063	-455.2000	55.0000	739554.623986
39.9683	-2.6575	4.4067	-455.2000	55.0000	739554.623986
40.0851	-2.6448	4.2673	-455.2000	55.0000	739554.623986
40.1860	-2.6340	4.1477	-455.2000	55.0000	739554.623986
40.3020	-2.6213	4.0083	-455.2000	55.0000	739554.623986
40.4188	-2.6086	3.8689	-455.2000	55.0000	739554.623986
40.5189	-2.5952	3.7497	-458.8600	55.0000	739554.623986
40.6189	-2.5679	3.6329	-466.1800	55.0000	739554.623986
40.7358	-2.5416	3.5574	-474.7200	55.0000	739554.623986
40.8524	-2.5416	3.5574	-483.2600	55.0000	739554.623986
40.9525	-2.5416	3.5574	-490.5800	55.0000	739554.623986
41.0694	-2.5416	3.5574	-499.1200	55.0000	739554.623986
41.1861	-2.5416	3.5574	-507.6600	55.0000	739554.623986
41.3028	-2.5416	3.5574	-516.2000	55.0000	739554.623986
41.4029	-2.5416	3.5574	-522.3000	55.0000	739554.623986
41.5030	-2.5416	3.5574	-522.3000	55.0000	739554.623986
41.6033	-2.5416	3.5574	-522.3000	55.0000	739554.623986
41.7199	-2.4463	3.5270	-522.3000	55.0000	739554.623986
41.8366	-2.3129	3.4844	-522.3000	55.0000	739554.623986
41.9534	-2.1796	3.4419	-522.3000	55.0000	739554.623986
42.0535	-2.0649	3.4066	-524.7400	55.0000	739554.623986
42.1702	-1.9867	3.3897	-533.2800	55.0000	739554.623986
42.2705	-1.9867	3.3897	-540.6000	55.0000	739554.623986
42.3873	-1.9472	3.3956	-549.1400	55.0000	739554.623986
42.5039	-1.8115	3.4295	-557.6800	55.0000	739554.623986
42.6206	-1.6823	3.4832	-566.2200	55.0000	739554.623986
42.7209	-1.5790	3.5440	-573.5400	55.0000	739554.623986
42.8375	-1.4694	3.6309	-582.0800	55.0000	739554.623986
42.9542	-1.3739	3.7332	-590.6200	55.0000	739554.623986
43.0542	-1.3049	3.8313	-597.9400	55.0000	739554.623986
43.1544	-1.2490	3.9373	-605.2600	55.0000	739554.623986
43.2548	-1.2410	3.9557	-607.7000	55.0000	739554.623986
43.3551	-1.2410	3.9557	-607.7000	55.0000	739554.623986
43.4716	-1.2410	3.9557	-613.8000	55.0000	739554.623986
43.5882	-1.2410	3.9557	-622.3400	55.0000	739554.623986
43.6883	-1.2410	3.9557	-629.6600	55.0000	739554.623986
43.8051	-1.2410	3.9557	-638.2000	55.0000	739554.623986
43.9219	-1.2410	3.9557	-646.7400	55.0000	739554.623986
44.0385	-1.2410	3.9557	-655.2800	55.0000	739554.623986
44.1387	-1.2410	3.9557	-662.6000	55.0000	739554.623986
44.2554	-1.2410	3.9557	-671.1400	55.0000	739554.623986
44.3556	-1.2410	3.9557	-678.4600	55.0000	739554.623986
44.4723	-1.2410	3.9557	-687.0000	55.0000	739554.623986
44.5724	-1.2410	3.9557	-694.3200	55.0000	739554.623986
44.6725	-1.2410	3.9557	-701.6400	55.0000	739554.623986
44.7892	-1.2410	3.9557	-710.1800	55.0000	739554.623986
44.8893	-1.2410	3.9557	-717.5000	55.0000	739554.623986
44.9894	-1.2410	3.9557	-724.8200	55.0000	739554.623986
45.1063	-1.3792	3.9334	-730.9200	55.0000	739554.623986
45.2229	-1.3792	3.9334	-730.9200	55.0000	739554.623986
45.3396	-1.3792	3.9334	-730.9200	55.0000	739554.623986
45.4398	-1.3988	3.9296	-730.9200	55.0000	739554.623986
45.5400	-1.5166	3.9068	-730.9200	55.0000	739554.623986
45.6566	-1.6345	3.8841	-730.9200	55.0000	739554.623986
45.7567	-1.7327	3.8652	-730.9200	55.0000	739554.623986
45.8735	-1.8701	3.8386	-730.9200	55.0000	739554.623986
45.9737	-1.9879	3.8159	-730.9200	55.0000	739554.623986
46.0903	-2.1254	3.7894	-730.9200	55.0000	739554.623986
46.1904	-2.2432	3.7667	-730.9200	55.0000	739554.623986
46.2905	-2.2629	3.7629	-724.8200	55.0000	739554.623986
46.3907	-2.2629	3.7629	-717.5000	55.0000	739554.623986
46.4909	-2.2629	3.7629	-710.1800	55.0000	739554.623986
46.6075	-2.2629	3.7629	-701.6400	55.0000	739554.623986
46.7244	-2.2629	3.7629	-693.1000	55.0000	739554.623986
46.8408	-2.2629	3.7629	-684.5600	55.0000	739554.623986
46.9411	-2.2629	3.7629	-677.2400	55.0000	739554.623986
47.0413	-2.2629	3.7629	-669.9200	55.0000	739554.623986
47.1414	-2.2629	3.7629	-662.6000	55.0000	739554.623986
47.2580	-2.2629	3.7629	-654.0600	55.0000	739554.623986
47.3581	-2.2629	3.7629	-647.9600	55.0000	739554.623986
47.4750	-2.2629	3.7629	-647.9600	55.0000	739554.623986
47.5917	-2.2629	3.7629	-647.9600	55.0000	739554.623986
47.6919	-2.2690	3.7819	-647.9600	55.0000	739554.623986
47.8086	-2.3122	3.9151	-647.9600	55.0000	739554.623986
47.9253	-2.3554	4.0483	-647.9600	55.0000	739554.623986
48.0256	-2.3924	4.1624	-647.9600	55.0000	739554.623986
48.1421	-2.4356	4.2956	-647.9600	55.0000	739554.623986
48.2423	-2.4726	4.4097	-647.9600	55.0000	739554.623986
48.3425	-2.5096	4.5239	-647.9600	55.0000	739554.623986
48.4591	-2.5527	4.6571	-647.9600	55.0000	739554.623986
48.5592	-2.5897	4.7712	-647.9600	55.0000	739554.623986
48.6759	-2.6333	4.9043	-649.1800	55.0000	739554.623986
48.7761	-2.6810	5.0143	-656.5000	55.0000	739554.623986
48.8762	-2.7205	5.0839	-663.8200	55.0000	739554.623986
48.9763	-2.7205	5.0839	-671.1400	55.0000	739554.623986
49.0930	-2.7205	5.0839	-679.6800	55.0000	739554.623986
49.1931	-2.7205	5.0839	-687.0000	55.0000	739554.623986
49.3099	-2.7205	5.0839	-695.5400	55.0000	739554.623986
49.4267	-2.7205	5.0839	-701.6400	55.0000	739554.623986
49.5434	-2.7205	5.0839	-701.6400	55.0000	739554.623986
49.6603	-2.7205	5.0839	-701.6400	55.0000	739554.623986
49.7604	-2.7205	5.0839	-701.6400	55.0000	739554.623986
49.8771	-2.7205	5.0839	-701.6400	55.0000	739554.623986
49.9772	-2.7205	5.0839	-701.6400	55.0000	739554.623986
50.0939	-2.7584	5.0965	-701.6400	55.0000	739554.623986
50.2106	-2.8913	5.1406	-701.6400	55.0000	739554.623986
50.3108	-3.0052	5.1784	-701.6400	55.0000	739554.623986
50.4276	-3.1381	5.2224	-701.6400	55.0000	739554.623986
50.5443	-3.2709	5.2665	-701.6400	55.0000	739554.623986
50.6444	-3.3850	5.3039	-702.8600	55.0000	739554.623986
50.7445	-3.4430	5.3192	-710.1800	55.0000	739554.623986
50.8446	-3.4430	5.3192	-717.5000	55.0000	739554.623986
50.9614	-3.4430	5.3192	-726.0400	55.0000	739554.623986
51.0615	-3.5610	5.2977	-733.3600	55.0000	739554.623986
51.1782	-3.6938	5.2539	-741.9000	55.0000	739554.623986
51.2783	-3.8015	5.2010	-749.2200	55.0000	739554.623986
51.3783	-3.9062	5.1425	-749.2200	55.0000	739554.623986
51.4785	-3.9673	5.1327	-749.2200	55.0000	739554.623986
51.5786	-3.9968	5.1321	-749.2200	55.0000	739554.623986
51.6956	-4.0702	5.1075	-749.2200	55.0000	739554.623986
51.8120	-4.1924	5.0391	-749.2200	55.0000	739554.623986
51.9122	-4.2971	4.9805	-749.2200	55.0000	739554.623986
52.0289	-4.4193	4.9122	-749.2200	55.0000	739554.623986
52.1291	-4.5241	4.8536	-749.2200	55.0000	739554.623986
52.2457	-4.6462	4.7853	-749.2200	55.0000	739554.623986
52.3459	-4.7510	4.7267	-749.2200	55.0000	739554.623986
52.4460	-4.8555	4.6678	-750.4400	55.0000	739554.623986
52.5627	-4.9696	4.5869	-758.9800	55.0000	739554.623986
52.6629	-5.0290	4.5333	-766.3000	55.0000	739554.623986
52.7630	-5.0290	4.5333	-773.6200	55.0000	739554.623986
52.8630	-5.0290	4.5333	-780.9400	55.0000	739554.623986
52.9632	-5.0290	4.5333	-785.8200	55.0000	739554.623986
53.0798	-5.0290	4.5333	-785.8200	55.0000	739554.623986
53.1801	-5.0290	4.5333	-790.7000	55.0000	739554.623986
53.2803	-5.0290	4.5333	-798.0200	55.0000	739554.623986
53.3970	-5.0290	4.5333	-806.5600	55.0000	739554.623986
53.4971	-5.0290	4.5333	-811.4400	55.0000	739554.623986
53.6137	-5.0290	4.5333	-811.4400	55.0000	739554.623986
53.7139	-5.0290	4.5333	-811.4400	55.0000	739554.623986
53.8307	-5.0285	4.5133	-811.4400	55.0000	739554.623986
53.9474	-5.0250	4.3734	-811.4400	55.0000	739554.623986
54.0475	-5.0230	4.2934	-811.4400	55.0000	739554.623986
54.1642	-5.0230	4.2934	-811.4400	55.0000	739554.623986
54.2810	-5.0230	4.2934	-811.4400	55.0000	739554.623986
54.3811	-5.0230	4.2934	-813.8800	55.0000	739554.623986
54.4812	-5.0230	4.2934	-821.2000	55.0000	739554.623986
54.5813	-5.0230	4.2934	-828.5200	55.0000	739554.623986
54.6980	-5.0230	4.2934	-837.0600	55.0000	739554.623986
54.7982	-5.0230	4.2934	-844.3800	55.0000	739554.623986
54.8982	-5.0230	4.2934	-851.7000	55.0000	739554.623986
54.9983	-5.0230	4.2934	-857.8000	55.0000	739554.623986
55.1150	-4.9785	4.2531	-857.8000	55.0000	739554.623986
55.2151	-4.8896	4.1725	-857.8000	55.0000	739554.623986
55.3152	-4.8007	4.0919	-857.8000	55.0000	739554.623986
55.4153	-4.7119	4.0113	-857.8000	55.0000	739554.623986
55.5322	-4.6683	3.9701	-850.4800	55.0000	739554.623986
55.6322	-4.6683	3.9701	-843.1600	55.0000	739554.623986
55.7489	-4.6683	3.9701	-834.6200	55.0000	739554.623986
55.8493	-4.6683	3.9701	-827.3000	55.0000	739554.623986
55.9659	-4.6683	3.9701	-818.7600	55.0000	739554.623986
56.0825	-4.6683	3.9701	-813.8800	55.0000	739554.623986
56.1827	-4.6683	3.9701	-813.8800	55.0000	739554.623986
56.2828	-4.6683	3.9701	-813.8800	55.0000	739554.623986
56.3996	-4.6683	3.9701	-813.8800	55.0000	739554.623986
56.4997	-4.6683	3.9701	-813.8800	55.0000	739554.623986
56.6163	-4.6588	3.8304	-813.8800	55.0000	739554.623986
56.7164	-4.6507	3.7107	-813.8800	55.0000	739554.623986
56.8167	-4.6426	3.5909	-813.8800	55.0000	739554.623986
56.9167	-4.6344	3.4712	-813.8800	55.0000	739554.623986
57.0334	-4.6250	3.3315	-813.8800	55.0000	739554.623986
57.1335	-4.6168	3.2118	-813.8800	55.0000	739554.623986
57.2336	-4.6087	3.0921	-813.8800	55.0000	739554.623986
57.3504	-4.5993	2.9524	-813.8800	55.0000	739554.623986
57.4505	-4.5911	2.8327	-813.8800	55.0000	739554.623986
57.5673	-4.5817	2.6930	-813.8800	55.0000	739554.623986
57.6839	-4.5722	2.5533	-813.8800	55.0000	739554.623986
57.7841	-4.5653	2.4335	-811.4400	55.0000	739554.623986
57.8843	-4.5713	2.3137	-804.1200	55.0000	739554.623986
58.0010	-4.5932	2.1755	-800.4600	55.0000	739554.623986
58.1011	-4.6131	2.0572	-800.4600	55.0000	739554.623986
58.2012	-4.6330	1.9388	-800.4600	55.0000	739554.623986
58.3179	-4.6562	1.8007	-800.4600	55.0000	739554.623986
58.4180	-4.6761	1.6824	-800.4600	55.0000	739554.623986
58.5348	-4.6993	1.5443	-800.4600	55.0000	739554.623986
58.6516	-4.7225	1.4063	-800.4600	55.0000	739554.623986
58.7517	-4.7424	1.2879	-800.4600	55.0000	739554.623986
58.8683	-4.7523	1.2288	-800.4600	55.0000	739554.623986
58.9684	-4.7523	1.2288	-793.1400	55.0000	739554.623986
59.0685	-4.7523	1.2288	-785.8200	55.0000	739554.623986
59.1854	-4.7523	1.2288	-777.2800	55.0000	739554.623986
59.3021	-4.7523	1.2288	-768.7400	55.0000	739554.623986
59.4024	-4.7523	1.2288	-767.5200	55.0000	739554.623986
59.5191	-4.7523	1.2288	-768.7400	55.0000	739554.623986
59.6357	-4.7523	1.2288	-777.2800	55.0000	739554.623986
59.7526	-4.7523	1.2288	-779.7200	55.0000	739554.623986
59.8693	-4.7927	1.1597	-779.7200	55.0000	739554.623986
59.9695	-4.8532	1.0561	-779.7200	55.0000	739554.623986
60.0861	-4.8642	1.0090	-779.7200	55.0000	739554.623986
60.1862	-4.8698	0.9709	-778.5000	55.0000	739554.623986
60.3032	-4.8698	0.9709	-769.9600	55.0000	739554.623986
60.4198	-4.8698	0.9709	-761.4200	55.0000	739554.623986
60.5199	-4.8698	0.9709	-754.1000	55.0000	739554.623986
60.6366	-4.8698	0.9709	-746.7800	55.0000	739554.623986
60.7367	-4.8698	0.9709	-746.7800	55.0000	739554.623986
60.8535	-4.8697	0.9504	-746.7800	55.0000	739554.623986
60.9702	-4.9079	0.8994	-746.7800	55.0000	739554.623986
61.0703	-5.0150	0.8453	-746.7800	55.0000	739554.623986
61.1705	-5.1201	0.7875	-751.6600	55.0000	739554.623986
61.2706	-5.2197	0.7206	-754.1000	55.0000	739554.623986
61.3873	-5.3357	0.6421	-754.1000	55.0000	739554.623986
61.5040	-5.4516	0.5636	-754.1000	55.0000	739554.623986
61.6041	-5.5510	0.4963	-754.1000	55.0000	739554.623986
61.7207	-5.6669	0.4178	-754.1000	55.0000	739554.623986
61.8211	-5.7663	0.3505	-754.1000	55.0000	739554.623986
61.9377	-5.8822	0.2721	-754.1000	55.0000	739554.623986
62.0378	-5.9816	0.2048	-754.1000	55.0000	739554.623986
62.1380	-6.0809	0.1375	-754.1000	55.0000	739554.623986
62.2546	-6.1968	0.0590	-754.1000	55.0000	739554.623986
62.3549	-6.2962	-0.0083	-754.1000	55.0000	739554.623986
0.1139	0.0000	0.0000	45.0000	55.0000	739554.652536
0.2169	0.0000	0.0000	45.0000	55.0000	739554.652536
0.3230	0.0000	0.0000	45.0000	55.0000	739554.652536
0.4398	0.0000	0.0000	45.0000	55.0000	739554.652536
0.5564	0.0000	0.0000	45.0000	55.0000	739554.652536
0.6732	0.0000	0.0000	45.0000	55.0000	739554.652536
0.7899	0.0000	0.0000	45.0000	55.0000	739554.652536
0.8900	0.0000	0.0000	45.0000	55.0000	739554.652536
0.9901	0.0000	0.0000	45.0000	55.0000	739554.652536
1.1068	0.0000	0.0000	47.4400	55.0000	739554.652536
1.2070	0.0000	0.0000	54.7600	55.0000	739554.652536
1.3237	0.0000	0.0000	63.3000	55.0000	739554.652536
1.4240	0.0000	0.0000	64.5200	55.0000	739554.652536
1.5407	0.0000	0.0000	64.5200	55.0000	739554.652536
1.6573	-0.0172	0.0361	64.5200	55.0000	739554.652536
1.7574	-0.0688	0.1444	64.5200	55.0000	739554.652536
1.8575	-0.1205	0.2528	64.5200	55.0000	739554.652536
1.9576	-0.1721	0.3611	64.5200	55.0000	739554.652536
2.0745	-0.1979	0.4153	64.5200	55.0000	739554.652536
2.1912	-0.1979	0.4153	59.6400	55.0000	739554.652536
2.2913	-0.1979	0.4153	52.3200	55.0000	739554.652536
2.4084	-0.1979	0.4153	43.7800	55.0000	739554.652536
2.5252	-0.1979	0.4153	35.2400	55.0000	739554.652536
2.6416	-0.1979	0.4153	26.7000	55.0000	739554.652536
2.7420	-0.1979	0.4153	25.4800	55.0000	739554.652536
2.8590	-0.1979	0.4153	25.4800	55.0000	739554.652536
2.9590	-0.1979	0.4153	19.3800	55.0000	739554.652536
3.0756	-0.1979	0.4153	10.8400	55.0000	739554.652536
3.1924	-0.1979	0.4153	2.3000	55.0000	739554.652536
3.3088	-0.2377	0.4118	-5.0200	55.0000	739554.652536
3.4092	-0.3573	0.4013	-5.0200	55.0000	739554.652536
3.5258	-0.4967	0.3890	-5.0200	55.0000	739554.652536
3.6423	-0.6362	0.3768	-5.0200	55.0000	739554.652536
3.7425	-0.7557	0.3663	-5.0200	55.0000	739554.652536
3.8592	-0.8952	0.3540	-5.0200	55.0000	739554.652536
3.9593	-1.0147	0.3435	-5.0200	55.0000	739554.652536
4.0594	-1.1343	0.3330	-5.0200	55.0000	739554.652536
4.1597	-1.2541	0.3268	-0.1400	55.0000	739554.652536
4.2763	-1.3935	0.3383	8.4000	55.0000	739554.652536
4.3930	-1.5315	0.3617	9.6200	55.0000	739554.652536
4.4931	-1.6498	0.3818	9.6200	55.0000	739554.652536
4.5933	-1.7681	0.4018	9.6200	55.0000	739554.652536
4.6934	-1.8864	0.4219	9.6200	55.0000	739554.652536
4.8101	-2.0245	0.4453	9.6200	55.0000	739554.652536
4.9270	-2.1625	0.4687	9.6200	55.0000	739554.652536
5.0437	-2.3005	0.4921	9.6200	55.0000	739554.652536
5.1439	-2.4188	0.5121	9.6200	55.0000	739554.652536
5.2605	-2.5569	0.5355	9.6200	55.0000	739554.652536
5.3606	-2.6752	0.5556	9.6200	55.0000	739554.652536
5.4609	-2.7933	0.5769	12.0600	55.0000	739554.652536
5.5777	-2.9271	0.6176	20.6000	55.0000	739554.652536
5.6942	-3.0533	0.6778	29.1400	55.0000	739554.652536
5.7944	-3.1534	0.7438	36.4600	55.0000	739554.652536
5.9111	-3.2584	0.8362	45.0000	55.0000	739554.652536
6.0114	-3.3367	0.9271	52.3200	55.0000	739554.652536
6.1304	-3.4125	1.0447	60.8600	55.0000	739554.652536
6.2451	-3.4699	1.1722	69.4000	55.0000	739554.652536
6.3614	-3.5078	1.3068	77.9400	55.0000	739554.652536
6.4615	-3.5241	1.4256	85.2600	55.0000	739554.652536
6.5616	-3.5251	1.5456	92.5800	55.0000	739554.652536
6.6618	-3.5108	1.6646	99.9000	55.0000	739554.652536
6.7785	-3.4751	1.7999	108.4400	55.0000	739554.652536
6.8953	-3.4236	1.9300	112.1000	55.0000	739554.652536
7.0120	-3.3709	2.0598	112.1000	55.0000	739554.652536
7.1122	-3.3318	2.1731	106.0000	55.0000	739554.652536
7.2291	-3.3048	2.3104	97.4600	55.0000	739554.652536
7.3457	-3.2985	2.4501	88.9200	55.0000	739554.652536
7.4459	-3.3008	2.5701	88.9200	55.0000	739554.652536
7.5625	-3.3034	2.7100	88.9200	55.0000	739554.652536
7.6627	-3.3057	2.8300	88.9200	55.0000	739554.652536
7.7794	-3.3083	2.9700	88.9200	55.0000	739554.652536
7.8795	-3.3106	3.0900	88.9200	55.0000	739554.652536
7.9796	-3.3128	3.2100	88.9200	55.0000	739554.652536
8.0797	-3.3151	3.3299	88.9200	55.0000	739554.652536
8.1798	-3.3084	3.4497	96.2400	55.0000	739554.652536
8.2965	-3.2815	3.5869	104.7800	55.0000	739554.652536
8.3966	-3.2423	3.7003	112.1000	55.0000	739554.652536
8.4967	-3.1890	3.8077	119.4200	55.0000	739554.652536
8.6135	-3.1345	3.9074	127.9600	55.0000	739554.652536
8.7136	-3.1345	3.9518	135.2800	55.0000	739554.652536
8.8137	-3.1324	3.9947	142.6000	55.0000	739554.652536
8.9304	-3.1214	4.0460	151.1400	55.0000	739554.652536
9.0305	-3.1011	4.0885	158.4600	55.0000	739554.652536
9.1472	-3.0108	4.1304	167.0000	55.0000	739554.652536
9.2475	-2.8922	4.1486	174.3200	55.0000	739554.652536
9.3640	-2.8523	4.1513	182.8600	55.0000	739554.652536
9.4641	-2.8523	4.1513	190.1800	55.0000	739554.652536
9.5643	-2.8523	4.1513	197.5000	55.0000	739554.652536
9.6643	-2.8523	4.1513	204.8200	55.0000	739554.652536
9.7645	-2.8523	4.1513	212.1400	55.0000	739554.652536
9.8812	-2.8523	4.1513	220.6800	55.0000	739554.652536
9.9816	-2.8523	4.1513	228.0000	55.0000	739554.652536
10.0981	-2.8523	4.1513	236.5400	55.0000	739554.652536
10.1982	-2.8523	4.1513	243.8600	55.0000	739554.652536
10.2983	-2.8523	4.1513	243.8600	55.0000	739554.652536
10.3984	-2.8523	4.1513	237.7600	55.0000	739554.652536
10.5152	-2.8523	4.1513	229.2200	55.0000	739554.652536
10.6319	-2.8523	4.1513	220.6800	55.0000	739554.652536
10.7486	-2.8523	4.1513	215.8000	55.0000	739554.652536
10.8488	-2.8523	4.1513	215.8000	55.0000	739554.652536
10.9489	-2.8523	4.1513	215.8000	55.0000	739554.652536
11.0490	-2.8523	4.1513	210.9200	55.0000	739554.652536
11.1659	-2.8523	4.1513	202.3800	55.0000	739554.652536
11.2825	-2.8523	4.1513	193.8400	55.0000	739554.652536
11.3826	-2.8523	4.1513	186.5200	55.0000	739554.652536
11.4995	-2.8523	4.1513	177.9800	55.0000	739554.652536
11.6161	-2.8523	4.1513	169.4400	55.0000	739554.652536
11.7163	-2.8523	4.1513	162.1200	55.0000	739554.652536
11.8330	-2.8523	4.1513	153.5800	55.0000	739554.652536
11.9498	-2.8523	4.1513	145.0400	55.0000	739554.652536
12.0499	-2.8523	4.1513	142.6000	55.0000	739554.652536
12.1667	-2.8523	4.1513	145.0400	55.0000	739554.652536
12.2833	-2.8523	4.1513	153.5800	55.0000	739554.652536
12.3834	-2.8523	4.1513	160.9000	55.0000	739554.652536
12.4836	-2.8523	4.1513	168.2200	55.0000	739554.652536
12.6004	-2.8523	4.1513	176.7600	55.0000	739554.652536
12.7005	-2.8523	4.1513	184.0800	55.0000	739554.652536
12.8174	-2.8523	4.1513	192.6200	55.0000	739554.652536
12.9340	-2.8523	4.1513	201.1600	55.0000	739554.652536
13.0506	-2.8523	4.1513	209.7000	55.0000	739554.652536
13.1508	-2.8523	4.1513	212.1400	55.0000	739554.652536
13.2510	-2.8184	4.1300	212.1400	55.0000	739554.652536
13.3677	-2.6999	4.0555	212.1400	55.0000	739554.652536
13.4678	-2.5983	3.9917	212.1400	55.0000	739554.652536
13.5680	-2.4967	3.9279	212.1400	55.0000	739554.652536
13.6846	-2.3749	3.8589	206.0400	55.0000	739554.652536
13.7846	-2.2636	3.8144	198.7200	55.0000	739554.652536
13.8848	-2.1475	3.7845	191.4000	55.0000	739554.652536
13.9850	-2.0285	3.7696	184.0800	55.0000	739554.652536
14.1016	-1.8886	3.7716	175.5400	55.0000	739554.652536
14.2018	-1.7701	3.7898	168.2200	55.0000	739554.652536
14.3186	-1.6361	3.8299	159.6800	55.0000	739554.652536
14.4353	-1.5095	3.8894	151.1400	55.0000	739554.652536
14.5521	-1.3932	3.9671	142.6000	55.0000	739554.652536
14.6689	-1.2897	4.0612	134.0600	55.0000	739554.652536
14.7857	-1.2013	4.1697	125.5200	55.0000	739554.652536
14.8860	-1.1391	4.2722	118.2000	55.0000	739554.652536
15.0025	-1.1301	4.3453	109.6600	55.0000	739554.652536
15.1026	-1.1254	4.4128	102.3400	55.0000	739554.652536
15.2194	-1.1254	4.4822	93.8000	55.0000	739554.652536
15.3362	-1.1294	4.6020	85.2600	55.0000	739554.652536
15.4363	-1.1482	4.7205	77.9400	55.0000	739554.652536
15.5531	-1.1889	4.8543	69.4000	55.0000	739554.652536
15.6697	-1.1889	4.8543	60.8600	55.0000	739554.652536
15.7699	-1.1889	4.8543	53.5400	55.0000	739554.652536
15.8700	-1.1889	4.8543	46.2200	55.0000	739554.652536
15.9868	-1.1889	4.8543	37.6800	55.0000	739554.652536
16.1035	-1.1889	4.8543	29.1400	55.0000	739554.652536
16.2036	-1.1889	4.8543	21.8200	55.0000	739554.652536
16.3203	-1.1889	4.8543	13.2800	55.0000	739554.652536
16.4370	-1.1889	4.8543	4.7400	55.0000	739554.652536
16.5372	-1.1889	4.8543	-2.5800	55.0000	739554.652536
16.6375	-1.1889	4.8543	-9.9000	55.0000	739554.652536
16.7540	-1.1889	4.8543	-18.4400	55.0000	739554.652536
16.8709	-1.1889	4.8543	-26.9800	55.0000	739554.652536
16.9876	-1.1889	4.8543	-35.5200	55.0000	739554.652536
17.0879	-1.1889	4.8543	-39.1800	55.0000	739554.652536
17.2045	-1.1889	4.8543	-39.1800	55.0000	739554.652536
17.3212	-1.1889	4.8543	-39.1800	55.0000	739554.652536
17.4213	-1.2354	4.8164	-39.1800	55.0000	739554.652536
17.5214	-1.3284	4.7406	-39.1800	55.0000	739554.652536
17.6381	-1.4370	4.6521	-39.1800	55.0000	739554.652536
17.7383	-1.5300	4.5763	-39.1800	55.0000	739554.652536
17.8551	-1.6385	4.4879	-39.1800	55.0000	739554.652536
17.9718	-1.7468	4.3991	-40.4000	55.0000	739554.652536
18.0719	-1.8320	4.3148	-47.7200	55.0000	739554.652536
18.1887	-1.8705	4.2362	-56.2600	55.0000	739554.652536
18.2888	-1.8705	4.1840	-63.5800	55.0000	739554.652536
18.4055	-1.8705	4.1189	-72.1200	55.0000	739554.652536
18.5225	-1.8704	4.0428	-77.0000	55.0000	739554.652536
18.6390	-1.8830	3.9258	-77.0000	55.0000	739554.652536
18.7391	-1.9100	3.8089	-77.0000	55.0000	739554.652536
18.8392	-1.9456	3.6944	-69.6800	55.0000	739554.652536
18.9393	-1.9773	3.6210	-62.3600	55.0000	739554.652536
19.0394	-1.9773	3.6210	-55.0400	55.0000	739554.652536
19.1395	-1.9773	3.6210	-47.7200	55.0000	739554.652536
19.2397	-1.9773	3.6210	-40.4000	55.0000	739554.652536
19.3563	-1.9773	3.6210	-31.8600	55.0000	739554.652536
19.4565	-1.9773	3.6210	-24.5400	55.0000	739554.652536
19.5732	-1.9773	3.6210	-16.0000	55.0000	739554.652536
19.6901	-1.9773	3.6210	-7.4600	55.0000	739554.652536
19.8067	-1.9773	3.6210	1.0800	55.0000	739554.652536
19.9068	-1.9773	3.6210	8.4000	55.0000	739554.652536
20.0069	-1.9773	3.6210	15.7200	55.0000	739554.652536
20.1070	-1.9773	3.6210	23.0400	55.0000	739554.652536
20.2070	-1.9773	3.6210	30.3600	55.0000	739554.652536
20.3071	-1.9773	3.6210	37.6800	55.0000	739554.652536
20.4073	-1.9773	3.6210	45.0000	55.0000	739554.652536
20.5076	-1.9773	3.6210	51.1000	55.0000	739554.652536
20.6241	-1.9773	3.6210	51.1000	55.0000	739554.652536
20.7408	-1.9773	3.6210	51.1000	55.0000	739554.652536
20.8409	-1.9773	3.6210	51.1000	55.0000	739554.652536
20.9411	-1.9773	3.6210	51.1000	55.0000	739554.652536
21.0412	-2.0527	3.7144	51.1000	55.0000	739554.652536
21.1588	-2.1406	3.8233	51.1000	55.0000	739554.652536
21.2611	-2.2159	3.9167	51.1000	55.0000	739554.652536
21.3752	-2.3038	4.0257	51.1000	55.0000	739554.652536
21.4917	-2.3918	4.1346	51.1000	55.0000	739554.652536
21.5918	-2.4294	4.1813	51.1000	55.0000	739554.652536
21.7085	-2.4294	4.1813	59.6400	55.0000	739554.652536
21.8086	-2.4294	4.1813	66.9600	55.0000	739554.652536
21.9252	-2.4294	4.1813	64.5200	55.0000	739554.652536
22.0255	-2.4294	4.1813	57.2000	55.0000	739554.652536
22.1423	-2.4294	4.1813	51.1000	55.0000	739554.652536
22.2588	-2.4294	4.1813	51.1000	55.0000	739554.652536
22.3590	-2.4294	4.1813	46.2200	55.0000	739554.652536
22.4591	-2.4294	4.1813	38.9000	55.0000	739554.652536
22.5758	-2.4294	4.1813	30.3600	55.0000	739554.652536
22.6759	-2.4294	4.1813	23.0400	55.0000	739554.652536
22.7926	-2.4294	4.1813	15.7200	55.0000	739554.652536
22.8928	-2.4872	4.1976	15.7200	55.0000	739554.652536
22.9929	-2.6027	4.2301	15.7200	55.0000	739554.652536
23.0929	-2.7182	4.2626	15.7200	55.0000	739554.652536
23.1931	-2.8337	4.2951	15.7200	55.0000	739554.652536
23.3098	-2.9688	4.3318	13.2800	55.0000	739554.652536
23.4099	-2.9884	4.3360	5.9600	55.0000	739554.652536
23.5266	-2.9884	4.3360	-2.5800	55.0000	739554.652536
23.6269	-2.9884	4.3360	-9.9000	55.0000	739554.652536
23.7437	-2.9884	4.3360	-18.4400	55.0000	739554.652536
23.8603	-2.9884	4.3360	-26.9800	55.0000	739554.652536
23.9604	-2.9884	4.3360	-34.3000	55.0000	739554.652536
24.0772	-2.9884	4.3360	-42.8400	55.0000	739554.652536
24.1939	-2.9884	4.3360	-51.3800	55.0000	739554.652536
24.2940	-2.9884	4.3360	-57.4800	55.0000	739554.652536
24.3941	-2.9884	4.3360	-57.4800	55.0000	739554.652536
24.4942	-2.9884	4.3360	-57.4800	55.0000	739554.652536
24.5943	-2.9884	4.3360	-57.4800	55.0000	739554.652536
24.6943	-2.9884	4.3360	-57.4800	55.0000	739554.652536
24.7945	-2.9884	4.3360	-57.4800	55.0000	739554.652536
24.9113	-2.9884	4.3360	-55.0400	55.0000	739554.652536
25.0279	-2.9884	4.3360	-46.5000	55.0000	739554.652536
25.1280	-2.9884	4.3360	-39.1800	55.0000	739554.652536
25.2449	-2.9884	4.3360	-30.6400	55.0000	739554.652536
25.3450	-2.9884	4.3360	-23.3200	55.0000	739554.652536
25.4451	-2.9884	4.3360	-16.0000	55.0000	739554.652536
25.5453	-2.9884	4.3360	-8.6800	55.0000	739554.652536
25.6618	-2.9884	4.3360	-0.1400	55.0000	739554.652536
25.7621	-2.9884	4.3360	7.1800	55.0000	739554.652536
25.8622	-2.9884	4.3360	14.5000	55.0000	739554.652536
25.9628	-2.9884	4.3360	21.8200	55.0000	739554.652536
26.0789	-2.9884	4.3360	30.3600	55.0000	739554.652536
26.1790	-2.9884	4.3360	37.6800	55.0000	739554.652536
26.2959	-2.9884	4.3360	46.2200	55.0000	739554.652536
26.4127	-2.9884	4.3360	54.7600	55.0000	739554.652536
26.5292	-2.9884	4.3360	63.3000	55.0000	739554.652536
26.6296	-2.9884	4.3360	70.6200	55.0000	739554.652536
26.7461	-2.9884	4.3360	79.1600	55.0000	739554.652536
26.8463	-2.9884	4.3360	86.4800	55.0000	739554.652536
26.9465	-2.9884	4.3360	93.8000	55.0000	739554.652536
27.0632	-2.9884	4.3360	102.3400	55.0000	739554.652536
27.1633	-2.9884	4.3360	109.6600	55.0000	739554.652536
27.2802	-2.9884	4.3360	118.2000	55.0000	739554.652536
27.3967	-2.9884	4.3360	120.6400	55.0000	739554.652536
27.4969	-2.9680	4.3704	120.6400	55.0000	739554.652536
27.5970	-2.9068	4.4736	120.6400	55.0000	739554.652536
27.7139	-2.8355	4.5941	120.6400	55.0000	739554.652536
27.8307	-2.7641	4.7146	120.6400	55.0000	739554.652536
27.9308	-2.7041	4.8184	118.2000	55.0000	739554.652536
28.0474	-2.6487	4.9469	109.6600	55.0000	739554.652536
28.1474	-2.6169	5.0625	102.3400	55.0000	739554.652536
28.2644	-2.5987	5.2012	93.8000	55.0000	739554.652536
28.3810	-2.6014	5.3410	85.2600	55.0000	739554.652536
28.4811	-2.6201	5.4595	77.9400	55.0000	739554.652536
28.5823	-2.6539	5.5746	70.6200	55.0000	739554.652536
28.6979	-2.7113	5.7021	62.0800	55.0000	739554.652536
28.7980	-2.7752	5.8036	54.7600	55.0000	739554.652536
28.8981	-2.8381	5.8663	47.4400	55.0000	739554.652536
28.9982	-2.8819	5.8663	40.1200	55.0000	739554.652536
29.1151	-2.9390	5.8663	31.5800	55.0000	739554.652536
29.2317	-3.0105	5.8749	23.0400	55.0000	739554.652536
29.3318	-3.0291	5.8749	16.9400	55.0000	739554.652536
29.4319	-3.0291	5.8749	16.9400	55.0000	739554.652536
29.5321	-3.0291	5.8749	16.9400	55.0000	739554.652536
29.6487	-3.0291	5.8749	16.9400	55.0000	739554.652536
29.7488	-3.0291	5.8749	16.9400	55.0000	739554.652536
29.8489	-3.0291	5.8749	16.9400	55.0000	739554.652536
29.9490	-3.0291	5.8749	13.2800	55.0000	739554.652536
30.0657	-3.0291	5.8749	4.7400	55.0000	739554.652536
30.1658	-3.0291	5.8749	-2.5800	55.0000	739554.652536
30.2659	-3.0291	5.8749	-9.9000	55.0000	739554.652536
30.3661	-3.0291	5.8749	-17.2200	55.0000	739554.652536
30.4663	-3.0291	5.8749	-24.5400	55.0000	739554.652536
30.5829	-3.0291	5.8749	-33.0800	55.0000	739554.652536
30.6831	-3.0291	5.8749	-40.4000	55.0000	739554.652536
30.7833	-3.0291	5.8749	-47.7200	55.0000	739554.652536
30.9001	-3.0291	5.8749	-47.7200	55.0000	739554.652536
31.0167	-3.0291	5.8749	-47.7200	55.0000	739554.652536
31.1172	-3.0291	5.8749	-47.7200	55.0000	739554.652536
31.2335	-3.0291	5.8749	-47.7200	55.0000	739554.652536
31.3338	-3.0291	5.8749	-47.7200	55.0000	739554.652536
31.4505	-3.0291	5.8749	-45.2800	55.0000	739554.652536
31.5671	-3.0291	5.8749	-36.7400	55.0000	739554.652536
31.6674	-3.0291	5.8749	-29.4200	55.0000	739554.652536
31.7840	-3.0291	5.8749	-28.2000	55.0000	739554.652536
31.8842	-3.0291	5.8749	-28.2000	55.0000	739554.652536
32.0008	-3.0468	5.8655	-28.2000	55.0000	739554.652536
32.1011	-3.1525	5.8088	-28.2000	55.0000	739554.652536
32.2178	-3.2759	5.7426	-28.2000	55.0000	739554.652536
32.3344	-3.3993	5.6765	-28.2000	55.0000	739554.652536
32.4346	-3.5051	5.6198	-28.2000	55.0000	739554.652536
32.5349	-3.6108	5.5631	-28.2000	55.0000	739554.652536
32.6514	-3.7342	5.4969	-28.2000	55.0000	739554.652536
32.7515	-3.8399	5.4402	-28.2000	55.0000	739554.652536
32.8516	-3.9457	5.3835	-28.2000	55.0000	739554.652536
32.9517	-4.0513	5.3264	-29.4200	55.0000	739554.652536
33.0684	-4.1668	5.2476	-37.9600	55.0000	739554.652536
33.1686	-4.2556	5.1670	-45.2800	55.0000	739554.652536
33.2686	-4.3334	5.0757	-52.6000	55.0000	739554.652536
33.3699	-4.3452	5.0596	-56.2600	55.0000	739554.652536
33.4855	-4.3452	5.0596	-56.2600	55.0000	739554.652536
33.6024	-4.3452	5.0596	-56.2600	55.0000	739554.652536
33.7024	-4.3452	5.0596	-51.3800	55.0000	739554.652536
33.8025	-4.3452	5.0596	-44.0600	55.0000	739554.652536
33.9193	-4.3452	5.0596	-40.4000	55.0000	739554.652536
34.0360	-4.3452	5.0596	-40.4000	55.0000	739554.652536
34.1361	-4.3452	5.0596	-47.7200	55.0000	739554.652536
34.2363	-4.3452	5.0596	-55.0400	55.0000	739554.652536
34.3529	-4.3452	5.0596	-63.5800	55.0000	739554.652536
34.4530	-4.3452	5.0596	-70.9000	55.0000	739554.652536
34.5531	-4.3452	5.0596	-78.2200	55.0000	739554.652536
34.6698	-4.3479	5.0197	-86.7600	55.0000	739554.652536
34.7699	-4.3547	4.8999	-86.7600	55.0000	739554.652536
34.8701	-4.3615	4.7801	-86.7600	55.0000	739554.652536
34.9869	-4.3694	4.6403	-86.7600	55.0000	739554.652536
35.1035	-4.3773	4.5005	-86.7600	55.0000	739554.652536
35.2037	-4.3841	4.3807	-86.7600	55.0000	739554.652536
35.3206	-4.3920	4.2409	-86.7600	55.0000	739554.652536
35.4206	-4.3988	4.1211	-86.7600	55.0000	739554.652536
35.5372	-4.4067	3.9813	-86.7600	55.0000	739554.652536
35.6374	-4.4135	3.8615	-86.7600	55.0000	739554.652536
35.7542	-4.4214	3.7218	-86.7600	55.0000	739554.652536
35.8543	-4.4281	3.6020	-86.7600	55.0000	739554.652536
35.9711	-4.4361	3.4622	-86.7600	55.0000	739554.652536
36.0712	-4.4428	3.3424	-86.7600	55.0000	739554.652536
36.1879	-4.4508	3.2026	-86.7600	55.0000	739554.652536
36.3049	-4.4587	3.0628	-86.7600	55.0000	739554.652536
36.4214	-4.4666	2.9230	-86.7600	55.0000	739554.652536
36.5216	-4.4734	2.8032	-86.7600	55.0000	739554.652536
36.6217	-4.4801	2.6834	-86.7600	55.0000	739554.652536
36.7386	-4.4881	2.5436	-86.7600	55.0000	739554.652536
36.8551	-4.4960	2.4039	-86.7600	55.0000	739554.652536
36.9553	-4.5028	2.2841	-86.7600	55.0000	739554.652536
37.0553	-4.5095	2.1643	-86.7600	55.0000	739554.652536
37.1554	-4.5163	2.0444	-86.7600	55.0000	739554.652536
37.2556	-4.5231	1.9246	-86.7600	55.0000	739554.652536
37.3723	-4.5310	1.7849	-86.7600	55.0000	739554.652536
37.4724	-4.5378	1.6651	-86.7600	55.0000	739554.652536
37.5891	-4.5457	1.5253	-86.7600	55.0000	739554.652536
37.7059	-4.5536	1.3855	-86.7600	55.0000	739554.652536
37.8060	-4.5668	1.2663	-80.6600	55.0000	739554.652536
37.9228	-4.6011	1.1307	-72.1200	55.0000	739554.652536
38.0395	-4.6552	1.0017	-63.5800	55.0000	739554.652536
38.1563	-4.7279	0.8822	-55.0400	55.0000	739554.652536
38.2564	-4.8037	0.7893	-47.7200	55.0000	739554.652536
38.3730	-4.9063	0.6942	-39.1800	55.0000	739554.652536
38.4733	-5.0046	0.6256	-31.8600	55.0000	739554.652536
38.5905	-5.1293	0.5621	-23.3200	55.0000	739554.652536
38.7068	-5.2620	0.5179	-14.7800	55.0000	739554.652536
38.8068	-5.3799	0.4960	-7.4600	55.0000	739554.652536
38.9070	-5.4996	0.4893	-0.1400	55.0000	739554.652536
39.0071	-5.5396	0.4905	7.1800	55.0000	739554.652536
39.1238	-5.5396	0.4905	15.7200	55.0000	739554.652536
39.2408	-5.5396	0.4905	9.6200	55.0000	739554.652536
39.3573	-5.5396	0.4905	1.0800	55.0000	739554.652536
39.4576	-5.5396	0.4905	-6.2400	55.0000	739554.652536
39.5742	-5.5396	0.4905	-14.7800	55.0000	739554.652536
39.6743	-5.5396	0.4905	-22.1000	55.0000	739554.652536
39.7744	-5.5396	0.4905	-29.4200	55.0000	739554.652536
39.8911	-5.5396	0.4905	-37.9600	55.0000	739554.652536
39.9912	-5.5827	0.4488	-45.2800	55.0000	739554.652536
40.0919	-5.6672	0.3635	-45.2800	55.0000	739554.652536
40.2080	-5.7657	0.2641	-45.2800	55.0000	739554.652536
40.3085	-5.8501	0.1788	-45.2800	55.0000	739554.652536
40.4086	-5.9345	0.0935	-45.2800	55.0000	739554.652536
40.5251	-6.0331	-0.0060	-45.2800	55.0000	739554.652536
40.6422	-6.1316	-0.1054	-45.2800	55.0000	739554.652536
