T	X	Y	HEADING	PERPSECTIVE_ANGLE	NOW_NUM
0.1317	0.0000	0.0000	45.0000	55.0000	739554.623986
0.2328	0.0000	0.0000	45.0000	55.0000	739554.623986
0.3329	0.0000	0.0000	45.0000	55.0000	739554.623986
0.4495	0.0000	0.0000	45.0000	55.0000	739554.623986
0.5496	0.0000	0.0000	45.0000	55.0000	739554.623986
0.6663	0.0000	0.0000	45.0000	55.0000	739554.623986
0.7665	0.0000	0.0000	45.0000	55.0000	739554.623986
0.8666	0.0000	0.0000	45.0000	55.0000	739554.623986
0.9833	0.0000	0.0000	45.0000	55.0000	739554.623986
1.0835	0.0000	0.0000	45.0000	55.0000	739554.623986
1.2003	0.0000	0.0000	47.4400	55.0000	739554.623986
1.3170	0.0000	0.0000	55.9800	55.0000	739554.623986
1.4171	0.0000	0.0000	63.3000	55.0000	739554.623986
1.5339	0.0000	0.0000	63.3000	55.0000	739554.623986
1.6505	0.0000	0.0000	63.3000	55.0000	739554.623986
1.7506	0.0000	0.0000	63.3000	55.0000	739554.623986
1.8509	0.0000	0.0000	63.3000	55.0000	739554.623986
1.9676	0.0000	0.0000	63.3000	55.0000	739554.623986
2.0844	-0.0449	0.0893	63.3000	55.0000	739554.623986
2.2010	-0.1078	0.2144	63.3000	55.0000	739554.623986
2.3014	-0.1618	0.3216	63.3000	55.0000	739554.623986
2.4180	-0.2247	0.4467	63.3000	55.0000	739554.623986
2.5346	-0.2876	0.5718	63.3000	55.0000	739554.623986
2.6348	-0.3415	0.6790	63.3000	55.0000	739554.623986
2.7349	-0.3954	0.7862	63.3000	55.0000	739554.623986
2.8350	-0.4489	0.8936	64.5200	55.0000	739554.623986
2.9351	-0.4650	0.9302	71.8400	55.0000	739554.623986
3.0520	-0.4650	0.9302	80.3800	55.0000	739554.623986
3.1686	-0.4650	0.9302	88.9200	55.0000	739554.623986
3.2688	-0.4650	0.9302	95.0200	55.0000	739554.623986
3.3689	-0.4650	0.9302	95.0200	55.0000	739554.623986
3.4856	-0.4650	0.9302	95.0200	55.0000	739554.623986
3.6025	-0.4650	0.9302	95.0200	55.0000	739554.623986
3.7191	-0.4650	0.9302	95.0200	55.0000	739554.623986
3.8357	-0.4650	0.9302	95.0200	55.0000	739554.623986
3.9360	-0.4650	0.9302	93.8000	55.0000	739554.623986
4.0361	-0.4650	0.9302	86.4800	55.0000	739554.623986
4.1370	-0.4650	0.9302	79.1600	55.0000	739554.623986
4.2529	-0.4650	0.9302	70.6200	55.0000	739554.623986
4.3530	-0.4650	0.9302	63.3000	55.0000	739554.623986
4.4697	-0.4650	0.9302	54.7600	55.0000	739554.623986
4.5698	-0.4650	0.9302	47.4400	55.0000	739554.623986
4.6699	-0.4650	0.9302	46.2200	55.0000	739554.623986
4.7700	-0.4650	0.9302	46.2200	55.0000	739554.623986
4.8703	-0.4650	0.9302	46.2200	55.0000	739554.623986
4.9868	-0.4650	0.9302	49.8800	55.0000	739554.623986
5.1037	-0.4650	0.9302	58.4200	55.0000	739554.623986
5.2038	-0.4650	0.9302	65.7400	55.0000	739554.623986
5.3205	-0.4650	0.9302	74.2800	55.0000	739554.623986
5.4373	-0.4650	0.9302	74.2800	55.0000	739554.623986
5.5540	-0.4650	0.9302	74.2800	55.0000	739554.623986
5.6542	-0.4812	0.9880	74.2800	55.0000	739554.623986
5.7709	-0.5192	1.1227	74.2800	55.0000	739554.623986
5.8876	-0.5571	1.2575	74.2800	55.0000	739554.623986
5.9877	-0.5896	1.3730	74.2800	55.0000	739554.623986
6.1046	-0.6275	1.5078	74.2800	55.0000	739554.623986
6.2046	-0.6601	1.6233	74.2800	55.0000	739554.623986
6.3214	-0.6980	1.7580	74.2800	55.0000	739554.623986
6.4215	-0.7305	1.8735	74.2800	55.0000	739554.623986
6.5215	-0.7630	1.9891	74.2800	55.0000	739554.623986
6.6217	-0.7955	2.1046	74.2800	55.0000	739554.623986
6.7220	-0.8280	2.2201	74.2800	55.0000	739554.623986
6.8385	-0.8660	2.3548	74.2800	55.0000	739554.623986
6.9552	-0.9039	2.4896	74.2800	55.0000	739554.623986
7.0554	-0.9364	2.6051	74.2800	55.0000	739554.623986
7.1722	-0.9768	2.7391	70.6200	55.0000	739554.623986
7.2889	-1.0343	2.8666	62.0800	55.0000	739554.623986
7.3891	-1.0981	2.9681	54.7600	55.0000	739554.623986
7.5057	-1.1883	3.0751	46.2200	55.0000	739554.623986
7.6058	-1.2746	3.1584	43.7800	55.0000	739554.623986
7.7227	-1.3670	3.2634	52.3200	55.0000	739554.623986
7.8394	-1.4016	3.3124	60.8600	55.0000	739554.623986
7.9561	-1.4016	3.3124	69.4000	55.0000	739554.623986
8.0562	-1.4016	3.3124	76.7200	55.0000	739554.623986
8.1730	-1.4016	3.3124	85.2600	55.0000	739554.623986
8.2733	-1.4016	3.3124	92.5800	55.0000	739554.623986
8.3898	-1.4016	3.3124	101.1200	55.0000	739554.623986
8.5066	-1.3931	3.3515	102.3400	55.0000	739554.623986
8.6068	-1.3674	3.4687	102.3400	55.0000	739554.623986
8.7235	-1.3375	3.6055	102.3400	55.0000	739554.623986
8.8236	-1.3119	3.7227	102.3400	55.0000	739554.623986
8.9238	-1.2862	3.8400	102.3400	55.0000	739554.623986
9.0406	-1.2588	3.9772	98.6800	55.0000	739554.623986
9.1574	-1.2495	4.1168	90.1400	55.0000	739554.623986
9.2577	-1.2582	4.2364	82.8200	55.0000	739554.623986
9.3740	-1.2874	4.3732	74.2800	55.0000	739554.623986
9.4742	-1.3284	4.4859	66.9600	55.0000	739554.623986
9.5909	-1.3939	4.6095	58.4200	55.0000	739554.623986
9.6912	-1.4641	4.7067	51.1000	55.0000	739554.623986
9.8077	-1.5609	4.8077	42.5600	55.0000	739554.623986
9.9079	-1.6550	4.8820	35.2400	55.0000	739554.623986
10.0246	-1.7757	4.9527	26.7000	55.0000	739554.623986
10.1247	-1.8630	4.9911	19.3800	55.0000	739554.623986
10.2248	-1.8590	4.9939	12.0600	55.0000	739554.623986
10.3248	-1.8554	4.9955	4.7400	55.0000	739554.623986
10.4251	-1.8527	4.9947	-2.5800	55.0000	739554.623986
10.5252	-1.8738	4.9875	-9.9000	55.0000	739554.623986
10.6419	-1.8695	4.9750	-16.0000	55.0000	739554.623986
10.7421	-1.8695	4.9750	-9.9000	55.0000	739554.623986
10.8422	-1.8695	4.9750	-2.5800	55.0000	739554.623986
10.9590	-1.8695	4.9750	5.9600	55.0000	739554.623986
11.0759	-1.8695	4.9750	14.5000	55.0000	739554.623986
11.1924	-1.8695	4.9750	23.0400	55.0000	739554.623986
11.3092	-1.8695	4.9750	31.5800	55.0000	739554.623986
11.4093	-1.8695	4.9750	38.9000	55.0000	739554.623986
11.5094	-1.8695	4.9750	46.2200	55.0000	739554.623986
11.6261	-1.8695	4.9750	54.7600	55.0000	739554.623986
11.7262	-1.8695	4.9750	62.0800	55.0000	739554.623986
11.8263	-1.8695	4.9750	69.4000	55.0000	739554.623986
11.9430	-1.8695	4.9750	77.9400	55.0000	739554.623986
12.0598	-1.8695	4.9750	86.4800	55.0000	739554.623986
12.1767	-1.8695	4.9750	95.0200	55.0000	739554.623986
12.2936	-1.8695	4.9750	103.5600	55.0000	739554.623986
12.3939	-1.8695	4.9750	110.8800	55.0000	739554.623986
12.5101	-1.8695	4.9750	119.4200	55.0000	739554.623986
12.6103	-1.8695	4.9750	123.0800	55.0000	739554.623986
12.7104	-1.8695	4.9750	123.0800	55.0000	739554.623986
12.8271	-1.8695	4.9750	123.0800	55.0000	739554.623986
12.9272	-1.8695	4.9750	123.0800	55.0000	739554.623986
13.0274	-1.8150	5.0588	123.0800	55.0000	739554.623986
13.1441	-1.7385	5.1761	123.0800	55.0000	739554.623986
13.2452	-1.6731	5.2766	123.0800	55.0000	739554.623986
13.3609	-1.6185	5.3604	123.0800	55.0000	739554.623986
13.4777	-1.6185	5.3604	127.9600	55.0000	739554.623986
13.5778	-1.6185	5.3604	135.2800	55.0000	739554.623986
13.6945	-1.6185	5.3604	143.8200	55.0000	739554.623986
13.7946	-1.6185	5.3604	151.1400	55.0000	739554.623986
13.9115	-1.6185	5.3604	159.6800	55.0000	739554.623986
14.0283	-1.6185	5.3604	168.2200	55.0000	739554.623986
14.1450	-1.6185	5.3604	176.7600	55.0000	739554.623986
14.2462	-1.6185	5.3604	184.0800	55.0000	739554.623986
14.3619	-1.6185	5.3604	192.6200	55.0000	739554.623986
14.4621	-1.6185	5.3604	199.9400	55.0000	739554.623986
14.5788	-1.6185	5.3604	202.3800	55.0000	739554.623986
14.6955	-1.6185	5.3604	202.3800	55.0000	739554.623986
14.8123	-1.6000	5.3528	202.3800	55.0000	739554.623986
14.9124	-1.4890	5.3071	202.3800	55.0000	739554.623986
15.0291	-1.3596	5.2538	202.3800	55.0000	739554.623986
15.1460	-1.2301	5.2005	202.3800	55.0000	739554.623986
15.2626	-1.1007	5.1472	202.3800	55.0000	739554.623986
15.3627	-1.0504	5.1265	202.3800	55.0000	739554.623986
15.4628	-1.0402	5.1232	202.3800	55.0000	739554.623986
15.5629	-1.0451	5.1247	209.7000	55.0000	739554.623986
15.6629	-1.0451	5.1247	217.0200	55.0000	739554.623986
15.7630	-1.0451	5.1247	224.3400	55.0000	739554.623986
15.8631	-1.0451	5.1247	231.6600	55.0000	739554.623986
15.9632	-1.0451	5.1247	238.9800	55.0000	739554.623986
16.0633	-1.0451	5.1247	246.3000	55.0000	739554.623986
16.1634	-1.0451	5.1247	253.6200	55.0000	739554.623986
16.2802	-1.0451	5.1247	262.1600	55.0000	739554.623986
16.3803	-1.0451	5.1247	269.4800	55.0000	739554.623986
16.4803	-1.0451	5.1247	276.8000	55.0000	739554.623986
16.5805	-1.0451	5.1247	284.1200	55.0000	739554.623986
16.6806	-1.0451	5.1247	291.4400	55.0000	739554.623986
16.7973	-1.0451	5.1247	299.9800	55.0000	739554.623986
16.8974	-1.0451	5.1247	307.3000	55.0000	739554.623986
16.9976	-1.0451	5.1247	314.6200	55.0000	739554.623986
17.1146	-1.0451	5.1247	323.1600	55.0000	739554.623986
17.2312	-1.0451	5.1247	331.7000	55.0000	739554.623986
17.3478	-1.0451	5.1247	340.2400	55.0000	739554.623986
17.4479	-1.0451	5.1247	346.3400	55.0000	739554.623986
17.5480	-1.0451	5.1247	346.3400	55.0000	739554.623986
17.6648	-1.0451	5.1247	346.3400	55.0000	739554.623986
17.7650	-1.0451	5.1247	347.5600	55.0000	739554.623986
17.8818	-1.0451	5.1247	356.1000	55.0000	739554.623986
17.9984	-1.0451	5.1247	364.6400	55.0000	739554.623986
18.0986	-1.0451	5.1247	365.8600	55.0000	739554.623986
18.2153	-1.0451	5.1247	365.8600	55.0000	739554.623986
18.3154	-1.0451	5.1247	365.8600	55.0000	739554.623986
18.4155	-1.0451	5.1247	367.0800	55.0000	739554.623986
18.5156	-1.0451	5.1247	374.4000	55.0000	739554.623986
18.6159	-1.0451	5.1247	374.4000	55.0000	739554.623986
18.7323	-1.0839	5.1347	374.4000	55.0000	739554.623986
18.8324	-1.2001	5.1645	374.4000	55.0000	739554.623986
18.9325	-1.3163	5.1944	374.4000	55.0000	739554.623986
19.0327	-1.4325	5.2242	374.4000	55.0000	739554.623986
19.1327	-1.5488	5.2541	374.4000	55.0000	739554.623986
19.2328	-1.6650	5.2839	374.4000	55.0000	739554.623986
19.3330	-1.7812	5.3137	374.4000	55.0000	739554.623986
19.4330	-1.8975	5.3436	374.4000	55.0000	739554.623986
19.5332	-2.0137	5.3734	374.4000	55.0000	739554.623986
19.6498	-2.1299	5.4033	374.4000	55.0000	739554.623986
19.7501	-2.1299	5.4033	374.4000	55.0000	739554.623986
19.8667	-2.1299	5.4033	374.4000	55.0000	739554.623986
19.9669	-2.1299	5.4033	367.0800	55.0000	739554.623986
20.0670	-2.1299	5.4033	359.7600	55.0000	739554.623986
20.1836	-2.1299	5.4033	351.2200	55.0000	739554.623986
20.2839	-2.1299	5.4033	343.9000	55.0000	739554.623986
20.4005	-2.1299	5.4033	335.3600	55.0000	739554.623986
20.5006	-2.1299	5.4033	328.0400	55.0000	739554.623986
20.6174	-2.1299	5.4033	319.5000	55.0000	739554.623986
20.7174	-2.1299	5.4033	312.1800	55.0000	739554.623986
20.8176	-2.1299	5.4033	304.8600	55.0000	739554.623986
20.9343	-2.1299	5.4033	296.3200	55.0000	739554.623986
21.0511	-2.1299	5.4033	287.7800	55.0000	739554.623986
21.1678	-2.1299	5.4033	279.2400	55.0000	739554.623986
21.2680	-2.1299	5.4033	271.9200	55.0000	739554.623986
21.3847	-2.1299	5.4033	263.3800	55.0000	739554.623986
21.4848	-2.1299	5.4033	256.0600	55.0000	739554.623986
21.6016	-2.1299	5.4033	247.5200	55.0000	739554.623986
21.7017	-2.1299	5.4033	240.2000	55.0000	739554.623986
21.8185	-2.1299	5.4033	231.6600	55.0000	739554.623986
21.9358	-2.1299	5.4033	223.1200	55.0000	739554.623986
22.0520	-2.1299	5.4033	214.5800	55.0000	739554.623986
22.1522	-2.1299	5.4033	207.2600	55.0000	739554.623986
22.2689	-2.1299	5.4033	201.1600	55.0000	739554.623986
22.3690	-2.1299	5.4033	201.1600	55.0000	739554.623986
22.4691	-2.1299	5.4033	201.1600	55.0000	739554.623986
22.5858	-2.1299	5.4033	201.1600	55.0000	739554.623986
22.7025	-2.1299	5.4033	201.1600	55.0000	739554.623986
22.8027	-2.1299	5.4033	208.4800	55.0000	739554.623986
22.9194	-2.1299	5.4033	217.0200	55.0000	739554.623986
23.0196	-2.1299	5.4033	224.3400	55.0000	739554.623986
23.1196	-2.1299	5.4033	231.6600	55.0000	739554.623986
23.2364	-2.1299	5.4033	235.3200	55.0000	739554.623986
23.3364	-2.1299	5.4033	235.3200	55.0000	739554.623986
23.4365	-2.1299	5.4033	235.3200	55.0000	739554.623986
23.5367	-2.0958	5.3539	235.3200	55.0000	739554.623986
23.6368	-2.0275	5.2553	235.3200	55.0000	739554.623986
23.7535	-1.9478	5.1401	235.3200	55.0000	739554.623986
23.8536	-1.8876	5.0650	235.3200	55.0000	739554.623986
23.9537	-1.8193	4.9663	235.3200	55.0000	739554.623986
24.0539	-1.7510	4.8676	235.3200	55.0000	739554.623986
24.1704	-1.6714	4.7525	235.3200	55.0000	739554.623986
24.2705	-1.6031	4.6538	235.3200	55.0000	739554.623986
24.3707	-1.5352	4.5549	236.5400	55.0000	739554.623986
24.4875	-1.5245	4.5380	245.0800	55.0000	739554.623986
24.6042	-1.5245	4.5380	253.6200	55.0000	739554.623986
24.7043	-1.5245	4.5380	260.9400	55.0000	739554.623986
24.8044	-1.5245	4.5380	262.1600	55.0000	739554.623986
24.9046	-1.5218	4.5181	262.1600	55.0000	739554.623986
25.0047	-1.5054	4.3993	262.1600	55.0000	739554.623986
25.1047	-1.4890	4.2804	262.1600	55.0000	739554.623986
25.2215	-1.4700	4.1417	262.1600	55.0000	739554.623986
25.3383	-1.4509	4.0030	262.1600	55.0000	739554.623986
25.4384	-1.4345	3.8841	262.1600	55.0000	739554.623986
25.5552	-1.4154	3.7454	262.1600	55.0000	739554.623986
25.6718	-1.3846	3.6090	253.6200	55.0000	739554.623986
25.7720	-1.3423	3.4968	246.3000	55.0000	739554.623986
25.8721	-1.2883	3.3896	242.6400	55.0000	739554.623986
25.9723	-1.2331	3.2831	242.6400	55.0000	739554.623986
26.0890	-1.1688	3.1587	242.6400	55.0000	739554.623986
26.1892	-1.1175	3.0503	247.5200	55.0000	739554.623986
26.3057	-1.0969	2.9940	256.0600	55.0000	739554.623986
26.4058	-1.0969	2.9940	263.3800	55.0000	739554.623986
26.5060	-1.0969	2.9940	270.7000	55.0000	739554.623986
26.6227	-1.0969	2.9940	270.7000	55.0000	739554.623986
26.7228	-1.0969	2.9940	264.6000	55.0000	739554.623986
26.8396	-1.0969	2.9940	256.0600	55.0000	739554.623986
26.9396	-1.0969	2.9940	249.9600	55.0000	739554.623986
27.0397	-1.0764	2.9376	249.9600	55.0000	739554.623986
27.1564	-1.0284	2.8061	249.9600	55.0000	739554.623986
27.2566	-0.9873	2.6933	249.9600	55.0000	739554.623986
27.3567	-0.9462	2.5806	249.9600	55.0000	739554.623986
27.4568	-0.9050	2.4679	249.9600	55.0000	739554.623986
27.5569	-0.8639	2.3551	249.9600	55.0000	739554.623986
27.6736	-0.8159	2.2236	249.9600	55.0000	739554.623986
27.7739	-0.7748	2.1109	249.9600	55.0000	739554.623986
27.8907	-0.7361	1.9973	254.8400	55.0000	739554.623986
28.0072	-0.7361	1.9973	263.3800	55.0000	739554.623986
28.1076	-0.7361	1.9973	270.7000	55.0000	739554.623986
28.2094	-0.7361	1.9973	278.0200	55.0000	739554.623986
28.3242	-0.7361	1.9973	286.5600	55.0000	739554.623986
28.4244	-0.7361	1.9973	293.8800	55.0000	739554.623986
28.5411	-0.7361	1.9973	302.4200	55.0000	739554.623986
28.6412	-0.7361	1.9973	309.7400	55.0000	739554.623986
28.7580	-0.7361	1.9973	318.2800	55.0000	739554.623986
28.8747	-0.7361	1.9973	326.8200	55.0000	739554.623986
28.9749	-0.7361	1.9973	334.1400	55.0000	739554.623986
29.0917	-0.7361	1.9973	342.6800	55.0000	739554.623986
29.2083	-0.7361	1.9973	351.2200	55.0000	739554.623986
29.3084	-0.7361	1.9973	358.5400	55.0000	739554.623986
29.4085	-0.7361	1.9973	365.8600	55.0000	739554.623986
29.5253	-0.7361	1.9973	374.4000	55.0000	739554.623986
29.6420	-0.7361	1.9973	382.9400	55.0000	739554.623986
29.7589	-0.7361	1.9973	391.4800	55.0000	739554.623986
29.8756	-0.7361	1.9973	400.0200	55.0000	739554.623986
29.9923	-0.7361	1.9973	402.4600	55.0000	739554.623986
30.0924	-0.7361	1.9973	402.4600	55.0000	739554.623986
30.1926	-0.7361	1.9973	402.4600	55.0000	739554.623986
30.2927	-0.7656	2.0243	402.4600	55.0000	739554.623986
30.4095	-0.8689	2.1188	402.4600	55.0000	739554.623986
30.5261	-0.9722	2.2133	402.4600	55.0000	739554.623986
30.6263	-1.0607	2.2943	402.4600	55.0000	739554.623986
30.7430	-1.1640	2.3889	402.4600	55.0000	739554.623986
30.8431	-1.2525	2.4699	402.4600	55.0000	739554.623986
30.9436	-1.3414	2.5506	401.2400	55.0000	739554.623986
31.0604	-1.4540	2.6335	392.7000	55.0000	739554.623986
31.1769	-1.5777	2.6988	384.1600	55.0000	739554.623986
31.2771	-1.6905	2.7396	376.8400	55.0000	739554.623986
31.3939	-1.8253	2.7773	375.6200	55.0000	739554.623986
31.5103	-1.9573	2.8234	382.9400	55.0000	739554.623986
31.6110	-2.0640	2.8783	390.2600	55.0000	739554.623986
31.7274	-2.1784	2.9588	398.8000	55.0000	739554.623986
31.8297	-2.2660	3.0407	406.1200	55.0000	739554.623986
31.9441	-2.3540	3.1494	414.6600	55.0000	739554.623986
32.0608	-2.4249	3.2699	423.2000	55.0000	739554.623986
32.1610	-2.4709	3.3807	430.5200	55.0000	739554.623986
32.2776	-2.5061	3.5161	439.0600	55.0000	739554.623986
32.3778	-2.5251	3.6345	439.0600	55.0000	739554.623986
32.4779	-2.5339	3.6735	431.7400	55.0000	739554.623986
32.5946	-2.5339	3.6735	423.2000	55.0000	739554.623986
32.7113	-2.5339	3.6735	414.6600	55.0000	739554.623986
32.8115	-2.5339	3.6735	407.3400	55.0000	739554.623986
32.9282	-2.5339	3.6735	398.8000	55.0000	739554.623986
33.0285	-2.5823	3.7091	396.3600	55.0000	739554.623986
33.1452	-2.6950	3.7921	396.3600	55.0000	739554.623986
33.2618	-2.8078	3.8751	396.3600	55.0000	739554.623986
33.3620	-2.9044	3.9463	396.3600	55.0000	739554.623986
33.4621	-3.0010	4.0174	396.3600	55.0000	739554.623986
33.5622	-3.0977	4.0885	396.3600	55.0000	739554.623986
33.6789	-3.2104	4.1715	396.3600	55.0000	739554.623986
33.7790	-3.3070	4.2427	396.3600	55.0000	739554.623986
33.8791	-3.4037	4.3138	396.3600	55.0000	739554.623986
33.9792	-3.5006	4.3846	395.1400	55.0000	739554.623986
34.0793	-3.6035	4.4462	387.8200	55.0000	739554.623986
34.1796	-3.7134	4.4941	380.5000	55.0000	739554.623986
34.2961	-3.8481	4.5317	371.9600	55.0000	739554.623986
34.3963	-3.9670	4.5478	364.6400	55.0000	739554.623986
34.5130	-4.1068	4.5472	356.1000	55.0000	739554.623986
34.6297	-4.2451	4.5258	347.5600	55.0000	739554.623986
34.7301	-4.3599	4.4914	340.2400	55.0000	739554.623986
34.8311	-4.4695	4.4425	332.9200	55.0000	739554.623986
34.9466	-4.5881	4.3685	324.3800	55.0000	739554.623986
35.0636	-4.6945	4.2776	315.8400	55.0000	739554.623986
35.1637	-4.7741	4.1879	308.5200	55.0000	739554.623986
35.2803	-4.8516	4.0715	299.9800	55.0000	739554.623986
35.3971	-4.8704	3.9905	291.4400	55.0000	739554.623986
35.4972	-4.8704	3.9332	284.1200	55.0000	739554.623986
35.5973	-4.8749	3.8644	276.8000	55.0000	739554.623986
35.7141	-4.8741	3.7745	268.2600	55.0000	739554.623986
35.8308	-4.8580	3.6356	259.7200	55.0000	739554.623986
35.9309	-4.8303	3.5188	256.0600	55.0000	739554.623986
36.0310	-4.8014	3.4024	256.0600	55.0000	739554.623986
36.1311	-4.7725	3.2859	256.0600	55.0000	739554.623986
36.2312	-4.7436	3.1694	256.0600	55.0000	739554.623986
36.3313	-4.7147	3.0530	256.0600	55.0000	739554.623986
36.4314	-4.6858	2.9365	256.0600	55.0000	739554.623986
36.5317	-4.6569	2.8200	256.0600	55.0000	739554.623986
36.6482	-4.6231	2.6841	256.0600	55.0000	739554.623986
36.7497	-4.5942	2.5677	256.0600	55.0000	739554.623986
36.8651	-4.5605	2.4318	256.0600	55.0000	739554.623986
36.9652	-4.5316	2.3153	256.0600	55.0000	739554.623986
37.0819	-4.5041	2.1782	262.1600	55.0000	739554.623986
37.1820	-4.4974	2.0985	269.4800	55.0000	739554.623986
37.2821	-4.4974	2.0985	276.8000	55.0000	739554.623986
37.3823	-4.4974	2.0985	284.1200	55.0000	739554.623986
37.4991	-4.4974	2.0985	286.5600	55.0000	739554.623986
37.5993	-4.5145	2.0410	286.5600	55.0000	739554.623986
37.6995	-4.5487	1.9259	286.5600	55.0000	739554.623986
37.8159	-4.5771	1.7890	278.0200	55.0000	739554.623986
37.9162	-4.5849	1.6693	270.7000	55.0000	739554.623986
38.0329	-4.5747	1.5298	262.1600	55.0000	739554.623986
38.1496	-4.5527	1.3915	260.9400	55.0000	739554.623986
38.2498	-4.5342	1.2730	262.1600	55.0000	739554.623986
38.3664	-4.5270	1.1333	270.7000	55.0000	739554.623986
38.4666	-4.5374	1.0138	278.0200	55.0000	739554.623986
38.5833	-4.5686	0.8775	286.5600	55.0000	739554.623986
38.6834	-4.6112	0.7654	293.8800	55.0000	739554.623986
38.8001	-4.6785	0.6428	302.4200	55.0000	739554.623986
38.9002	-4.7502	0.5466	309.7400	55.0000	739554.623986
39.0004	-4.8188	0.4740	317.0600	55.0000	739554.623986
39.1174	-4.8188	0.4740	325.6000	55.0000	739554.623986
39.2341	-4.8188	0.4740	334.1400	55.0000	739554.623986
39.3507	-4.8188	0.4740	342.6800	55.0000	739554.623986
39.4508	-4.8188	0.4740	350.0000	55.0000	739554.623986
39.5509	-4.8188	0.4740	357.3200	55.0000	739554.623986
39.6510	-4.8188	0.4740	364.6400	55.0000	739554.623986
39.7679	-4.8188	0.4740	373.1800	55.0000	739554.623986
39.8845	-4.8188	0.4740	381.7200	55.0000	739554.623986
40.0013	-4.8188	0.4740	390.2600	55.0000	739554.623986
40.1014	-4.8188	0.4740	397.5800	55.0000	739554.623986
40.2182	-4.8188	0.4740	406.1200	55.0000	739554.623986
40.3348	-4.8188	0.4740	406.1200	55.0000	739554.623986
40.4349	-4.8188	0.4740	406.1200	55.0000	739554.623986
40.5351	-4.8188	0.4740	404.9000	55.0000	739554.623986
40.6352	-4.8188	0.4740	397.5800	55.0000	739554.623986
40.7519	-4.8188	0.4740	389.0400	55.0000	739554.623986
40.8520	-4.8188	0.4740	387.8200	55.0000	739554.623986
40.9521	-4.9250	0.5300	387.8200	55.0000	739554.623986
41.0522	-5.0311	0.5860	387.8200	55.0000	739554.623986
41.1690	-5.1549	0.6513	387.8200	55.0000	739554.623986
41.2858	-5.2421	0.7002	393.9200	55.0000	739554.623986
41.4027	-5.2421	0.7002	402.4600	55.0000	739554.623986
41.5193	-5.2421	0.7002	411.0000	55.0000	739554.623986
41.6361	-5.2421	0.7002	419.5400	55.0000	739554.623986
41.7527	-5.2421	0.7002	428.0800	55.0000	739554.623986
41.8529	-5.2421	0.7002	435.4000	55.0000	739554.623986
41.9530	-5.2421	0.7002	442.7200	55.0000	739554.623986
42.0531	-5.2421	0.7002	442.7200	55.0000	739554.623986
42.1699	-5.2421	0.7002	442.7200	55.0000	739554.623986
42.2868	-5.2548	0.7994	442.7200	55.0000	739554.623986
42.4033	-5.2725	0.9383	442.7200	55.0000	739554.623986
42.5202	-5.2903	1.0772	442.7200	55.0000	739554.623986
42.6205	-5.3055	1.1962	442.7200	55.0000	739554.623986
42.7369	-5.3232	1.3351	442.7200	55.0000	739554.623986
42.8371	-5.3384	1.4541	442.7200	55.0000	739554.623986
42.9372	-5.3536	1.5731	442.7200	55.0000	739554.623986
43.0539	-5.3714	1.7120	442.7200	55.0000	739554.623986
43.1707	-5.3891	1.8509	442.7200	55.0000	739554.623986
43.2875	-5.4069	1.9897	442.7200	55.0000	739554.623986
43.3877	-5.4221	2.1088	442.7200	55.0000	739554.623986
43.4879	-5.4373	2.2278	442.7200	55.0000	739554.623986
43.6043	-5.4550	2.3667	442.7200	55.0000	739554.623986
43.7046	-5.4702	2.4857	442.7200	55.0000	739554.623986
43.8212	-5.4880	2.6246	442.7200	55.0000	739554.623986
43.9214	-5.5019	2.7438	445.1600	55.0000	739554.623986
44.0381	-5.5018	2.8836	453.7000	55.0000	739554.623986
44.1383	-5.4852	3.0024	461.0200	55.0000	739554.623986
44.2552	-5.4584	3.1398	461.0200	55.0000	739554.623986
44.3718	-5.4469	3.1987	461.0200	55.0000	739554.623986
44.4886	-5.4316	3.2772	461.0200	55.0000	739554.623986
44.6053	-5.4091	3.4153	456.1400	55.0000	739554.623986
44.7055	-5.4052	3.5352	448.8200	55.0000	739554.623986
44.8222	-5.4077	3.5951	447.6000	55.0000	739554.623986
44.9224	-5.4077	3.5951	447.6000	55.0000	739554.623986
45.0390	-5.4119	3.6950	447.6000	55.0000	739554.623986
45.1392	-5.4169	3.8149	447.6000	55.0000	739554.623986
45.2558	-5.4228	3.9548	447.6000	55.0000	739554.623986
45.3561	-5.4278	4.0747	447.6000	55.0000	739554.623986
45.4567	-5.4328	4.1946	447.6000	55.0000	739554.623986
45.5729	-5.4387	4.3345	447.6000	55.0000	739554.623986
45.6896	-5.4509	4.4738	441.5000	55.0000	739554.623986
45.7897	-5.4774	4.5908	434.1800	55.0000	739554.623986
45.9064	-5.5156	4.7255	434.1800	55.0000	739554.623986
46.0066	-5.5483	4.8410	434.1800	55.0000	739554.623986
46.1236	-5.5865	4.9757	434.1800	55.0000	739554.623986
46.2402	-5.6246	5.1103	434.1800	55.0000	739554.623986
46.3570	-5.6628	5.2450	434.1800	55.0000	739554.623986
46.4737	-5.7010	5.3797	434.1800	55.0000	739554.623986
46.5738	-5.7421	5.4924	426.8600	55.0000	739554.623986
46.6739	-5.7974	5.5988	419.5400	55.0000	739554.623986
46.7906	-5.8187	5.6326	411.0000	55.0000	739554.623986
46.8907	-5.8187	5.6326	411.0000	55.0000	739554.623986
47.0075	-5.8187	5.6326	411.0000	55.0000	739554.623986
47.1243	-5.8187	5.6326	411.0000	55.0000	739554.623986
47.2244	-5.8439	5.6637	411.0000	55.0000	739554.623986
47.3411	-5.9320	5.7725	411.0000	55.0000	739554.623986
47.4579	-6.0201	5.8813	411.0000	55.0000	739554.623986
47.5747	-6.1082	5.9901	411.0000	55.0000	739554.623986
47.6748	-6.1837	6.0834	411.0000	55.0000	739554.623986
0.1287	0.0000	0.0000	45.0000	55.0000	739554.652536
0.2454	0.0000	0.0000	45.0000	55.0000	739554.652536
0.3455	0.0000	0.0000	45.0000	55.0000	739554.652536
0.4457	0.0000	0.0000	45.0000	55.0000	739554.652536
0.5623	0.0000	0.0000	45.0000	55.0000	739554.652536
0.6790	0.0000	0.0000	45.0000	55.0000	739554.652536
0.7795	0.0000	0.0000	45.0000	55.0000	739554.652536
0.8959	0.0000	0.0000	45.0000	55.0000	739554.652536
1.0130	0.0000	0.0000	45.0000	55.0000	739554.652536
1.1295	0.0000	0.0000	53.5400	55.0000	739554.652536
1.2463	0.0000	0.0000	57.2000	55.0000	739554.652536
1.3630	0.0000	0.0000	57.2000	55.0000	739554.652536
1.4631	0.0000	0.0000	57.2000	55.0000	739554.652536
1.5633	-0.0433	0.0672	57.2000	55.0000	739554.652536
1.6800	-0.1192	0.1849	57.2000	55.0000	739554.652536
1.7967	-0.1950	0.3026	57.2000	55.0000	739554.652536
1.8969	-0.2600	0.4035	57.2000	55.0000	739554.652536
2.0135	-0.3359	0.5212	57.2000	55.0000	739554.652536
2.1138	-0.4009	0.6220	57.2000	55.0000	739554.652536
2.2306	-0.4767	0.7397	57.2000	55.0000	739554.652536
2.3472	-0.5200	0.8069	57.2000	55.0000	739554.652536
2.4473	-0.5200	0.8069	54.7600	55.0000	739554.652536
2.5475	-0.5200	0.8069	47.4400	55.0000	739554.652536
2.6642	-0.5659	0.8456	38.9000	55.0000	739554.652536
2.7643	-0.6142	0.8813	32.8000	55.0000	739554.652536
2.8812	-0.6142	0.8813	32.8000	55.0000	739554.652536
2.9978	-0.6142	0.8813	34.0200	55.0000	739554.652536
3.1146	-0.6142	0.8813	42.5600	55.0000	739554.652536
3.2313	-0.6142	0.8813	48.6600	55.0000	739554.652536
3.3481	-0.6142	0.8813	48.6600	55.0000	739554.652536
3.4482	-0.6670	0.9413	48.6600	55.0000	739554.652536
3.5484	-0.7463	1.0314	48.6600	55.0000	739554.652536
3.6490	-0.8255	1.1215	48.6600	55.0000	739554.652536
3.7504	-0.9051	1.2113	47.4400	55.0000	739554.652536
3.8652	-0.9051	1.2113	38.9000	55.0000	739554.652536
3.9654	-0.9051	1.2113	35.2400	55.0000	739554.652536
4.0821	-0.9051	1.2113	35.2400	55.0000	739554.652536
4.1990	-0.9051	1.2113	35.2400	55.0000	739554.652536
4.2991	-0.9051	1.2113	40.1200	55.0000	739554.652536
4.4157	-0.9051	1.2113	48.6600	55.0000	739554.652536
4.5158	-0.9051	1.2113	55.9800	55.0000	739554.652536
4.6326	-0.9051	1.2113	64.5200	55.0000	739554.652536
4.7494	-0.9051	1.2113	73.0600	55.0000	739554.652536
4.8495	-0.9051	1.2113	80.3800	55.0000	739554.652536
4.9663	-0.9051	1.2113	88.9200	55.0000	739554.652536
5.0831	-0.9051	1.2113	97.4600	55.0000	739554.652536
5.1998	-0.9051	1.2113	106.0000	55.0000	739554.652536
5.2999	-0.9051	1.2113	110.8800	55.0000	739554.652536
5.4166	-0.9051	1.2113	110.8800	55.0000	739554.652536
5.5336	-0.8552	1.3421	110.8800	55.0000	739554.652536
5.6502	-0.8053	1.4729	110.8800	55.0000	739554.652536
5.7504	-0.7625	1.5851	110.8800	55.0000	739554.652536
5.8671	-0.7126	1.7159	110.8800	55.0000	739554.652536
5.9838	-0.7126	1.7159	108.4400	55.0000	739554.652536
6.0839	-0.7126	1.7159	101.1200	55.0000	739554.652536
6.1842	-0.7126	1.7159	93.8000	55.0000	739554.652536
6.3008	-0.7126	1.7159	85.2600	55.0000	739554.652536
6.4175	-0.7126	1.7159	76.7200	55.0000	739554.652536
6.5176	-0.7126	1.7159	69.4000	55.0000	739554.652536
6.6177	-0.7126	1.7159	62.0800	55.0000	739554.652536
6.7178	-0.7126	1.7159	60.8600	55.0000	739554.652536
6.8179	-0.7126	1.7159	60.8600	55.0000	739554.652536
6.9179	-0.7126	1.7159	64.5200	55.0000	739554.652536
7.0346	-0.7126	1.7159	73.0600	55.0000	739554.652536
7.1348	-0.7126	1.7159	79.1600	55.0000	739554.652536
7.2349	-0.7164	1.7355	79.1600	55.0000	739554.652536
7.3350	-0.7390	1.8534	79.1600	55.0000	739554.652536
7.4517	-0.7653	1.9909	79.1600	55.0000	739554.652536
7.5519	-0.7804	2.0694	79.1600	55.0000	739554.652536
7.6520	-0.7804	2.0694	79.1600	55.0000	739554.652536
7.7686	-0.7804	2.0694	73.0600	55.0000	739554.652536
7.8688	-0.7804	2.0694	65.7400	55.0000	739554.652536
7.9855	-0.7804	2.0694	57.2000	55.0000	739554.652536
8.0857	-0.7804	2.0694	49.8800	55.0000	739554.652536
8.2023	-0.7804	2.0694	45.0000	55.0000	739554.652536
8.3024	-0.7804	2.0694	42.5600	55.0000	739554.652536
8.4026	-0.7804	2.0694	35.2400	55.0000	739554.652536
8.5027	-0.7804	2.0694	27.9200	55.0000	739554.652536
8.6028	-0.7804	2.0694	25.4800	55.0000	739554.652536
8.7029	-0.7804	2.0694	25.4800	55.0000	739554.652536
8.8197	-0.8706	2.1125	25.4800	55.0000	739554.652536
8.9365	-0.9970	2.1727	25.4800	55.0000	739554.652536
9.0366	-1.1053	2.2243	25.4800	55.0000	739554.652536
9.1533	-1.2317	2.2845	25.4800	55.0000	739554.652536
9.2535	-1.3400	2.3362	25.4800	55.0000	739554.652536
9.3536	-1.4484	2.3878	25.4800	55.0000	739554.652536
9.4702	-1.5748	2.4480	25.4800	55.0000	739554.652536
9.5703	-1.6831	2.4996	25.4800	55.0000	739554.652536
9.6874	-1.8095	2.5599	25.4800	55.0000	739554.652536
9.8038	-1.9359	2.6201	25.4800	55.0000	739554.652536
9.9040	-2.0442	2.6717	25.4800	55.0000	739554.652536
10.0209	-2.1525	2.7233	25.4800	55.0000	739554.652536
10.1375	-2.1525	2.7233	34.0200	55.0000	739554.652536
10.2377	-2.1525	2.7233	41.3400	55.0000	739554.652536
10.3543	-2.1525	2.7233	49.8800	55.0000	739554.652536
10.4546	-2.1525	2.7233	52.3200	55.0000	739554.652536
10.5712	-2.1647	2.7392	52.3200	55.0000	739554.652536
10.6714	-2.2381	2.8341	52.3200	55.0000	739554.652536
10.7881	-2.3237	2.9449	52.3200	55.0000	739554.652536
10.8883	-2.3970	3.0399	52.3200	55.0000	739554.652536
11.0049	-2.4826	3.1507	52.3200	55.0000	739554.652536
11.1071	-2.5559	3.2457	52.3200	55.0000	739554.652536
11.2217	-2.6415	3.3565	52.3200	55.0000	739554.652536
11.3219	-2.7149	3.4515	52.3200	55.0000	739554.652536
11.4386	-2.8004	3.5623	52.3200	55.0000	739554.652536
11.5388	-2.8738	3.6572	52.3200	55.0000	739554.652536
11.6557	-2.9594	3.7680	52.3200	55.0000	739554.652536
11.7724	-3.0449	3.8788	52.3200	55.0000	739554.652536
11.8724	-3.1232	3.9697	46.2200	55.0000	739554.652536
11.9892	-3.2282	4.0621	37.6800	55.0000	739554.652536
12.0894	-3.3283	4.1281	30.3600	55.0000	739554.652536
12.2060	-3.4546	4.1883	21.8200	55.0000	739554.652536
12.3227	-3.5884	4.2291	13.2800	55.0000	739554.652536
12.4229	-3.7068	4.2478	5.9600	55.0000	739554.652536
12.5396	-3.8467	4.2505	-2.5800	55.0000	739554.652536
12.6398	-3.9460	4.2396	-9.9000	55.0000	739554.652536
12.7565	-3.9460	4.2396	-18.4400	55.0000	739554.652536
12.8733	-3.9460	4.2396	-26.9800	55.0000	739554.652536
12.9735	-3.9460	4.2396	-34.3000	55.0000	739554.652536
13.0902	-3.9460	4.2396	-42.8400	55.0000	739554.652536
13.1904	-3.9992	4.1799	-50.1600	55.0000	739554.652536
13.3070	-4.0571	4.1116	-58.7000	55.0000	739554.652536
13.4237	-4.0607	4.1095	-62.3600	55.0000	739554.652536
13.5240	-4.0607	4.1095	-62.3600	55.0000	739554.652536
13.6406	-4.0607	4.1095	-62.3600	55.0000	739554.652536
13.7574	-4.0773	4.0983	-62.3600	55.0000	739554.652536
13.8742	-4.1087	4.0631	-62.3600	55.0000	739554.652536
13.9910	-4.1736	3.9391	-62.3600	55.0000	739554.652536
14.1076	-4.2386	3.8151	-62.3600	55.0000	739554.652536
14.2078	-4.2861	3.7050	-69.6800	55.0000	739554.652536
14.3079	-4.3193	3.5898	-77.0000	55.0000	739554.652536
14.4080	-4.3375	3.4712	-84.3200	55.0000	739554.652536
14.5248	-4.3394	3.3314	-92.8600	55.0000	739554.652536
14.6415	-4.3219	3.1926	-98.9600	55.0000	739554.652536
14.7416	-4.3032	3.0740	-98.9600	55.0000	739554.652536
14.8583	-4.2870	2.9552	-94.0800	55.0000	739554.652536
14.9752	-4.2870	2.9552	-85.5400	55.0000	739554.652536
15.0919	-4.2870	2.9552	-78.2200	55.0000	739554.652536
15.1921	-4.2870	2.9552	-78.2200	55.0000	739554.652536
15.3088	-4.3156	2.8181	-78.2200	55.0000	739554.652536
15.4255	-4.3442	2.6811	-78.2200	55.0000	739554.652536
15.5257	-4.3687	2.5636	-78.2200	55.0000	739554.652536
15.6423	-4.3973	2.4265	-78.2200	55.0000	739554.652536
15.7426	-4.4217	2.3091	-78.2200	55.0000	739554.652536
15.8592	-4.4503	2.1720	-78.2200	55.0000	739554.652536
15.9760	-4.4789	2.0350	-78.2200	55.0000	739554.652536
16.0927	-4.5075	1.8979	-78.2200	55.0000	739554.652536
16.1929	-4.5320	1.7804	-78.2200	55.0000	739554.652536
16.2930	-4.5565	1.6630	-78.2200	55.0000	739554.652536
16.4098	-4.5851	1.5259	-78.2200	55.0000	739554.652536
16.5099	-4.6096	1.4084	-78.2200	55.0000	739554.652536
16.6100	-4.6341	1.2910	-78.2200	55.0000	739554.652536
16.7105	-4.6586	1.1735	-78.2200	55.0000	739554.652536
16.8268	-4.6913	1.0374	-73.3400	55.0000	739554.652536
16.9437	-4.7341	0.9254	-64.8000	55.0000	739554.652536
17.0441	-4.7341	0.9254	-57.4800	55.0000	739554.652536
17.1606	-4.7341	0.9254	-48.9400	55.0000	739554.652536
17.2771	-4.8212	0.8430	-40.4000	55.0000	739554.652536
17.3772	-4.9180	0.7723	-33.0800	55.0000	739554.652536
17.4939	-5.0413	0.7062	-24.5400	55.0000	739554.652536
17.5942	-5.1538	0.6646	-17.2200	55.0000	739554.652536
17.7109	-5.2904	0.6347	-8.6800	55.0000	739554.652536
17.8277	-5.3302	0.6299	-0.1400	55.0000	739554.652536
17.9444	-5.3302	0.6299	8.4000	55.0000	739554.652536
18.0613	-5.3302	0.6299	16.9400	55.0000	739554.652536
18.1614	-5.3302	0.6299	24.2600	55.0000	739554.652536
18.2781	-5.3302	0.6299	32.8000	55.0000	739554.652536
18.3782	-5.3302	0.6299	40.1200	55.0000	739554.652536
18.4783	-5.3302	0.6299	47.4400	55.0000	739554.652536
18.5949	-5.3302	0.6299	55.9800	55.0000	739554.652536
18.6952	-5.3302	0.6299	63.3000	55.0000	739554.652536
18.8120	-5.3302	0.6299	71.8400	55.0000	739554.652536
18.9121	-5.3302	0.6299	79.1600	55.0000	739554.652536
19.0288	-5.3302	0.6299	85.2600	55.0000	739554.652536
19.1453	-5.3302	0.6299	85.2600	55.0000	739554.652536
19.2456	-5.3384	0.7296	85.2600	55.0000	739554.652536
19.3624	-5.3500	0.8691	85.2600	55.0000	739554.652536
19.4627	-5.3599	0.9887	85.2600	55.0000	739554.652536
19.5630	-5.3698	1.1083	85.2600	55.0000	739554.652536
19.6797	-5.3814	1.2478	85.2600	55.0000	739554.652536
19.7963	-5.3930	1.3873	85.2600	55.0000	739554.652536
19.9127	-5.4045	1.5269	85.2600	55.0000	739554.652536
20.0130	-5.4144	1.6465	85.2600	55.0000	739554.652536
20.1131	-5.4244	1.7660	85.2600	55.0000	739554.652536
20.2296	-5.4359	1.9056	85.2600	55.0000	739554.652536
20.3299	-5.4458	2.0252	85.2600	55.0000	739554.652536
20.4465	-5.4574	2.1647	85.2600	55.0000	739554.652536
20.5467	-5.4673	2.2843	85.2600	55.0000	739554.652536
20.6467	-5.4773	2.4039	85.2600	55.0000	739554.652536
20.7468	-5.4829	2.5237	90.1400	55.0000	739554.652536
20.8469	-5.4737	2.6432	97.4600	55.0000	739554.652536
20.9470	-5.4672	2.6827	99.9000	55.0000	739554.652536
21.0472	-5.4672	2.6827	99.9000	55.0000	739554.652536
21.1638	-5.4569	2.7418	99.9000	55.0000	739554.652536
21.2639	-5.4367	2.8601	98.6800	55.0000	739554.652536
21.3641	-5.4275	2.9797	91.3600	55.0000	739554.652536
21.4642	-5.4315	3.0795	84.0400	55.0000	739554.652536
21.5643	-5.4315	3.0795	84.0400	55.0000	739554.652536
21.6810	-5.4315	3.0795	84.0400	55.0000	739554.652536
21.7978	-5.4440	3.1989	84.0400	55.0000	739554.652536
21.9145	-5.4585	3.3381	84.0400	55.0000	739554.652536
22.0314	-5.4730	3.4774	84.0400	55.0000	739554.652536
22.1315	-5.4855	3.5967	84.0400	55.0000	739554.652536
22.2481	-5.5000	3.7360	84.0400	55.0000	739554.652536
22.3483	-5.5125	3.8553	84.0400	55.0000	739554.652536
22.4652	-5.5270	3.9946	84.0400	55.0000	739554.652536
22.5653	-5.5395	4.1139	84.0400	55.0000	739554.652536
22.6819	-5.5540	4.2532	84.0400	55.0000	739554.652536
22.7987	-5.5686	4.3924	84.0400	55.0000	739554.652536
22.8988	-5.5810	4.5117	84.0400	55.0000	739554.652536
22.9991	-5.5935	4.6311	84.0400	55.0000	739554.652536
23.1157	-5.6080	4.7703	84.0400	55.0000	739554.652536
23.2324	-5.6226	4.9096	84.0400	55.0000	739554.652536
23.3327	-5.6350	5.0289	84.0400	55.0000	739554.652536
23.4493	-5.6496	5.1682	84.0400	55.0000	739554.652536
23.5495	-5.6620	5.2875	84.0400	55.0000	739554.652536
23.6661	-5.6765	5.4268	84.0400	55.0000	739554.652536
23.7663	-5.6903	5.5460	81.6000	55.0000	739554.652536
23.8830	-5.7224	5.6821	73.0600	55.0000	739554.652536
23.9839	-5.7658	5.7939	65.7400	55.0000	739554.652536
24.0998	-5.8339	5.9161	57.2000	55.0000	739554.652536
24.2000	-5.9062	6.0118	49.8800	55.0000	739554.652536
24.3166	-6.0051	6.1107	41.3400	55.0000	739554.652536
24.4167	-6.1008	6.1829	34.0200	55.0000	739554.652536
