T	X	Y	HEADING	PERPSECTIVE_ANGLE	NOW_NUM
0.1317	0.0000	0.0000	45.0000	55.0000	739554.623986
0.2485	0.0000	0.0000	45.0000	55.0000	739554.623986
0.3487	0.0000	0.0000	45.0000	55.0000	739554.623986
0.4488	0.0000	0.0000	45.0000	55.0000	739554.623986
0.5489	0.0000	0.0000	45.0000	55.0000	739554.623986
0.6656	0.0000	0.0000	45.0000	55.0000	739554.623986
0.7657	0.0000	0.0000	45.0000	55.0000	739554.623986
0.8658	0.0000	0.0000	45.0000	55.0000	739554.623986
0.9826	0.0000	0.0000	45.0000	55.0000	739554.623986
1.0827	0.0000	0.0000	45.0000	55.0000	739554.623986
1.1994	0.0000	0.0000	45.0000	55.0000	739554.623986
1.3008	0.0000	0.0000	46.2200	55.0000	739554.623986
1.4163	0.0000	0.0000	54.7600	55.0000	739554.623986
1.5331	0.0000	0.0000	63.3000	55.0000	739554.623986
1.6497	0.0000	0.0000	68.1800	55.0000	739554.623986
1.7499	0.0000	0.0000	68.1800	55.0000	739554.623986
1.8500	0.0000	0.0000	68.1800	55.0000	739554.623986
1.9668	0.0000	0.0000	68.1800	55.0000	739554.623986
2.0834	0.0000	0.0000	68.1800	55.0000	739554.623986
2.1836	-0.0372	0.0928	68.1800	55.0000	739554.623986
2.2837	-0.0818	0.2042	68.1800	55.0000	739554.623986
2.3839	-0.1264	0.3156	68.1800	55.0000	739554.623986
2.4839	-0.1710	0.4270	68.1800	55.0000	739554.623986
2.6006	-0.2230	0.5570	68.1800	55.0000	739554.623986
2.7008	-0.2676	0.6684	68.1800	55.0000	739554.623986
2.8019	-0.3122	0.7798	68.1800	55.0000	739554.623986
2.9176	-0.3643	0.9098	68.1800	55.0000	739554.623986
3.0177	-0.4089	1.0212	68.1800	55.0000	739554.623986
3.1178	-0.4237	1.0583	68.1800	55.0000	739554.623986
3.2180	-0.4237	1.0583	73.0600	55.0000	739554.623986
3.3346	-0.4237	1.0583	81.6000	55.0000	739554.623986
3.4349	-0.4237	1.0583	86.4800	55.0000	739554.623986
3.5515	-0.4237	1.0583	86.4800	55.0000	739554.623986
3.6516	-0.4299	1.1581	86.4800	55.0000	739554.623986
3.7518	-0.4372	1.2779	86.4800	55.0000	739554.623986
3.8686	-0.4458	1.4176	86.4800	55.0000	739554.623986
3.9854	-0.4544	1.5574	86.4800	55.0000	739554.623986
4.1021	-0.4630	1.6971	86.4800	55.0000	739554.623986
4.2187	-0.4716	1.8369	86.4800	55.0000	739554.623986
4.3189	-0.4790	1.9566	86.4800	55.0000	739554.623986
4.4190	-0.4864	2.0764	86.4800	55.0000	739554.623986
4.5379	-0.4949	2.2161	86.4800	55.0000	739554.623986
4.6523	-0.5035	2.3559	86.4800	55.0000	739554.623986
4.7527	-0.5109	2.4756	86.4800	55.0000	739554.623986
4.8693	-0.5284	2.6144	79.1600	55.0000	739554.623986
4.9694	-0.5597	2.7302	71.8400	55.0000	739554.623986
5.0696	-0.6054	2.8410	64.5200	55.0000	739554.623986
5.1864	-0.6761	2.9617	55.9800	55.0000	739554.623986
5.3031	-0.7639	3.0706	47.4400	55.0000	739554.623986
5.4197	-0.8670	3.1652	38.9000	55.0000	739554.623986
5.5200	-0.9656	3.2333	31.5800	55.0000	739554.623986
5.6367	-1.0906	3.2962	23.0400	55.0000	739554.623986
5.7534	-1.2235	3.3398	14.5000	55.0000	739554.623986
5.8535	-1.3415	3.3611	7.1800	55.0000	739554.623986
5.9537	-1.4613	3.3672	-0.1400	55.0000	739554.623986
6.0538	-1.5809	3.3580	-7.4600	55.0000	739554.623986
6.1704	-1.6595	3.3434	-14.7800	55.0000	739554.623986
6.2706	-1.6595	3.3434	-14.7800	55.0000	739554.623986
6.3874	-1.6595	3.3434	-14.7800	55.0000	739554.623986
6.5041	-1.7949	3.3076	-14.7800	55.0000	739554.623986
6.6043	-1.9109	3.2770	-14.7800	55.0000	739554.623986
6.7209	-2.0463	3.2413	-14.7800	55.0000	739554.623986
6.8211	-2.1623	3.2107	-14.7800	55.0000	739554.623986
6.9213	-2.2206	3.1966	-8.6800	55.0000	739554.623986
7.0380	-2.2206	3.1966	-0.1400	55.0000	739554.623986
7.1380	-2.2206	3.1966	7.1800	55.0000	739554.623986
7.2548	-2.2206	3.1966	7.1800	55.0000	739554.623986
7.3717	-2.2801	3.2041	7.1800	55.0000	739554.623986
7.4718	-2.3992	3.2191	7.1800	55.0000	739554.623986
7.5884	-2.5381	3.2366	7.1800	55.0000	739554.623986
7.6885	-2.6572	3.2516	7.1800	55.0000	739554.623986
7.8054	-2.7961	3.2691	7.1800	55.0000	739554.623986
7.9221	-2.9350	3.2862	5.9600	55.0000	739554.623986
8.0222	-3.0549	3.2897	-1.3600	55.0000	739554.623986
8.1388	-3.1939	3.2745	-9.9000	55.0000	739554.623986
8.2390	-3.3102	3.2452	-17.2200	55.0000	739554.623986
8.3557	-3.4398	3.1926	-25.7600	55.0000	739554.623986
8.4558	-3.5436	3.1325	-33.0800	55.0000	739554.623986
8.5559	-3.6389	3.0598	-40.4000	55.0000	739554.623986
8.6727	-3.7495	2.9741	-34.3000	55.0000	739554.623986
8.7895	-3.7495	2.9741	-25.7600	55.0000	739554.623986
8.8897	-3.7495	2.9741	-18.4400	55.0000	739554.623986
9.0065	-3.7495	2.9741	-9.9000	55.0000	739554.623986
9.1232	-3.7495	2.9741	-6.2400	55.0000	739554.623986
9.2399	-3.8091	2.9676	-6.2400	55.0000	739554.623986
9.3401	-3.9284	2.9545	-6.2400	55.0000	739554.623986
9.4568	-4.0676	2.9393	-6.2400	55.0000	739554.623986
9.5735	-4.2068	2.9241	-6.2400	55.0000	739554.623986
9.6736	-4.3261	2.9110	-6.2400	55.0000	739554.623986
9.7737	-4.4454	2.8980	-6.2400	55.0000	739554.623986
9.8907	-4.5845	2.8828	-6.2400	55.0000	739554.623986
10.0072	-4.7237	2.8676	-6.2400	55.0000	739554.623986
10.1073	-4.8430	2.8545	-6.2400	55.0000	739554.623986
10.2241	-4.9824	2.8418	-2.5800	55.0000	739554.623986
10.3242	-5.0424	2.8417	4.7400	55.0000	739554.623986
10.4409	-5.0424	2.8417	13.2800	55.0000	739554.623986
10.5410	-5.0424	2.8417	20.6000	55.0000	739554.623986
10.6578	-5.0424	2.8417	29.1400	55.0000	739554.623986
10.7745	-5.0424	2.8417	37.6800	55.0000	739554.623986
10.8746	-5.0424	2.8417	45.0000	55.0000	739554.623986
10.9914	-5.0424	2.8417	53.5400	55.0000	739554.623986
11.0914	-5.0424	2.8417	60.8600	55.0000	739554.623986
11.2083	-5.0424	2.8417	69.4000	55.0000	739554.623986
11.3083	-5.0424	2.8417	69.4000	55.0000	739554.623986
11.4084	-5.0424	2.8417	69.4000	55.0000	739554.623986
11.5252	-5.0424	2.8417	69.4000	55.0000	739554.623986
11.6422	-5.0424	2.8417	69.4000	55.0000	739554.623986
11.7588	-5.0424	2.8417	69.4000	55.0000	739554.623986
11.8589	-5.0424	2.8417	69.4000	55.0000	739554.623986
11.9759	-5.0424	2.8417	69.4000	55.0000	739554.623986
12.0923	-5.0424	2.8417	69.4000	55.0000	739554.623986
12.1924	-5.0424	2.8417	71.8400	55.0000	739554.623986
12.2926	-5.0424	2.8417	79.1600	55.0000	739554.623986
12.4093	-5.0424	2.8417	87.7000	55.0000	739554.623986
12.5094	-5.0424	2.8417	95.0200	55.0000	739554.623986
12.6095	-5.0424	2.8417	102.3400	55.0000	739554.623986
12.7096	-5.0424	2.8417	109.6600	55.0000	739554.623986
12.8097	-5.0424	2.8417	116.9800	55.0000	739554.623986
12.9264	-5.0424	2.8417	125.5200	55.0000	739554.623986
13.0431	-5.0424	2.8417	134.0600	55.0000	739554.623986
13.1435	-5.0424	2.8417	134.0600	55.0000	739554.623986
13.2601	-5.0424	2.8417	134.0600	55.0000	739554.623986
13.3602	-5.0424	2.8417	134.0600	55.0000	739554.623986
13.4783	-5.0158	2.8746	134.0600	55.0000	739554.623986
13.5936	-5.0235	2.8772	134.0600	55.0000	739554.623986
13.6938	-5.0332	2.8793	134.0600	55.0000	739554.623986
13.7943	-5.0465	2.8837	134.0600	55.0000	739554.623986
13.9107	-5.0547	2.8873	134.0600	55.0000	739554.623986
14.0275	-5.0547	2.8873	134.0600	55.0000	739554.623986
14.1442	-5.0547	2.8873	138.9400	55.0000	739554.623986
14.2609	-5.0547	2.8873	147.4800	55.0000	739554.623986
14.3610	-5.0547	2.8873	154.8000	55.0000	739554.623986
14.4612	-5.0547	2.8873	157.2400	55.0000	739554.623986
14.5784	-5.0594	2.8859	157.2400	55.0000	739554.623986
14.6947	-5.0768	2.8838	157.2400	55.0000	739554.623986
14.7948	-5.0717	2.8905	157.2400	55.0000	739554.623986
14.8949	-5.0887	2.8907	157.2400	55.0000	739554.623986
14.9950	-5.0887	2.8907	157.2400	55.0000	739554.623986
15.1117	-5.0887	2.8907	157.2400	55.0000	739554.623986
15.2119	-5.0887	2.8907	159.6800	55.0000	739554.623986
15.3287	-5.0887	2.8907	168.2200	55.0000	739554.623986
15.4453	-5.0887	2.8907	176.7600	55.0000	739554.623986
15.5455	-5.0887	2.8907	184.0800	55.0000	739554.623986
15.6622	-5.0887	2.8907	186.5200	55.0000	739554.623986
15.7787	-5.0713	2.8832	186.5200	55.0000	739554.623986
15.8792	-4.9732	2.8659	186.5200	55.0000	739554.623986
15.9958	-4.8341	2.8500	186.5200	55.0000	739554.623986
16.0960	-4.7148	2.8377	184.0800	55.0000	739554.623986
16.2127	-4.6748	2.8361	175.5400	55.0000	739554.623986
16.3129	-4.6748	2.8361	168.2200	55.0000	739554.623986
16.4295	-4.6748	2.8361	159.6800	55.0000	739554.623986
16.5298	-4.6748	2.8361	152.3600	55.0000	739554.623986
16.6463	-4.6748	2.8361	143.8200	55.0000	739554.623986
16.7466	-4.6748	2.8361	136.5000	55.0000	739554.623986
16.8633	-4.6748	2.8361	127.9600	55.0000	739554.623986
16.9634	-4.6748	2.8361	125.5200	55.0000	739554.623986
17.0802	-4.6748	2.8361	125.5200	55.0000	739554.623986
17.1804	-4.6748	2.8361	123.0800	55.0000	739554.623986
17.2987	-4.6748	2.8361	114.5400	55.0000	739554.623986
17.4137	-4.6748	2.8361	109.6600	55.0000	739554.623986
17.5139	-4.6748	2.8361	109.6600	55.0000	739554.623986
17.6306	-4.6748	2.8361	109.6600	55.0000	739554.623986
17.7307	-4.6345	2.9491	109.6600	55.0000	739554.623986
17.8308	-4.5941	3.0621	109.6600	55.0000	739554.623986
17.9309	-4.5537	3.1751	109.6600	55.0000	739554.623986
18.0477	-4.5066	3.3069	109.6600	55.0000	739554.623986
18.1644	-4.4599	3.4389	108.4400	55.0000	739554.623986
18.2812	-4.4271	3.5749	99.9000	55.0000	739554.623986
18.3980	-4.4149	3.7142	91.3600	55.0000	739554.623986
18.4982	-4.4210	3.8340	84.0400	55.0000	739554.623986
18.6147	-4.4355	3.9732	84.0400	55.0000	739554.623986
18.7315	-4.4500	4.1125	84.0400	55.0000	739554.623986
18.8317	-4.4625	4.2318	84.0400	55.0000	739554.623986
18.9484	-4.4770	4.3711	84.0400	55.0000	739554.623986
19.0486	-4.4895	4.4904	84.0400	55.0000	739554.623986
19.1652	-4.4921	4.6303	92.5800	55.0000	739554.623986
19.2653	-4.4908	4.6502	99.9000	55.0000	739554.623986
19.3654	-4.4908	4.6502	107.2200	55.0000	739554.623986
19.4657	-4.4908	4.6502	114.5400	55.0000	739554.623986
19.5823	-4.4908	4.6502	123.0800	55.0000	739554.623986
19.6824	-4.4908	4.6502	129.1800	55.0000	739554.623986
19.7828	-4.4908	4.6502	129.1800	55.0000	739554.623986
19.8993	-4.4782	4.6657	129.1800	55.0000	739554.623986
19.9995	-4.4024	4.7587	129.1800	55.0000	739554.623986
20.0996	-4.3265	4.8518	129.1800	55.0000	739554.623986
20.2164	-4.2381	4.9603	129.1800	55.0000	739554.623986
20.3330	-4.1497	5.0688	129.1800	55.0000	739554.623986
20.4331	-4.0738	5.1618	129.1800	55.0000	739554.623986
20.5346	-3.9914	5.2489	136.5000	55.0000	739554.623986
20.6501	-3.8985	5.3247	145.0400	55.0000	739554.623986
20.7667	-3.8280	5.3626	153.5800	55.0000	739554.623986
20.8668	-3.7170	5.4078	160.9000	55.0000	739554.623986
20.9836	-3.5814	5.4422	169.4400	55.0000	739554.623986
21.0838	-3.4622	5.4553	176.7600	55.0000	739554.623986
21.2004	-3.3224	5.4513	185.3000	55.0000	739554.623986
21.3006	-3.2041	5.4314	192.6200	55.0000	739554.623986
21.4172	-3.0707	5.3893	201.1600	55.0000	739554.623986
21.5173	-2.9624	5.3378	208.4800	55.0000	739554.623986
21.6175	-2.9450	5.3279	215.8000	55.0000	739554.623986
21.7342	-2.9450	5.3279	224.3400	55.0000	739554.623986
21.8343	-2.9450	5.3279	231.6600	55.0000	739554.623986
21.9344	-2.9450	5.3279	238.9800	55.0000	739554.623986
22.0346	-2.9450	5.3279	246.3000	55.0000	739554.623986
22.1512	-2.9450	5.3279	254.8400	55.0000	739554.623986
22.2513	-2.9450	5.3279	262.1600	55.0000	739554.623986
22.3681	-2.9450	5.3279	270.7000	55.0000	739554.623986
22.4682	-2.9450	5.3279	278.0200	55.0000	739554.623986
22.5684	-2.9450	5.3279	285.3400	55.0000	739554.623986
22.6850	-2.9450	5.3279	293.8800	55.0000	739554.623986
22.7851	-2.9450	5.3279	301.2000	55.0000	739554.623986
22.8852	-2.9450	5.3279	308.5200	55.0000	739554.623986
22.9853	-2.9450	5.3279	315.8400	55.0000	739554.623986
23.0855	-2.9450	5.3279	323.1600	55.0000	739554.623986
23.1857	-2.9450	5.3279	330.4800	55.0000	739554.623986
23.3023	-2.9450	5.3279	339.0200	55.0000	739554.623986
23.4025	-2.9450	5.3279	346.3400	55.0000	739554.623986
23.5026	-2.9450	5.3279	353.6600	55.0000	739554.623986
23.6194	-2.9450	5.3279	362.2000	55.0000	739554.623986
23.7360	-2.9450	5.3279	362.2000	55.0000	739554.623986
23.8362	-2.9450	5.3279	362.2000	55.0000	739554.623986
23.9529	-3.0649	5.3325	362.2000	55.0000	739554.623986
24.0531	-3.1849	5.3371	362.2000	55.0000	739554.623986
24.1698	-3.3247	5.3425	362.2000	55.0000	739554.623986
24.2865	-3.4646	5.3479	362.2000	55.0000	739554.623986
24.4033	-3.6045	5.3532	362.2000	55.0000	739554.623986
24.5034	-3.7245	5.3578	362.2000	55.0000	739554.623986
24.6036	-3.8444	5.3624	362.2000	55.0000	739554.623986
24.7204	-3.9842	5.3589	354.8800	55.0000	739554.623986
24.8371	-4.1219	5.3346	346.3400	55.0000	739554.623986
24.9555	-4.2546	5.2901	337.8000	55.0000	739554.623986
25.0705	-4.3791	5.2264	329.2600	55.0000	739554.623986
25.1706	-4.4773	5.1576	321.9400	55.0000	739554.623986
25.2707	-4.5660	5.0769	314.6200	55.0000	739554.623986
25.3709	-4.6436	4.9855	307.3000	55.0000	739554.623986
25.4876	-4.7186	4.8674	298.7600	55.0000	739554.623986
25.5877	-4.7683	4.7583	291.4400	55.0000	739554.623986
25.6877	-4.8037	4.6437	284.1200	55.0000	739554.623986
25.8046	-4.8262	4.5057	275.5800	55.0000	739554.623986
25.9213	-4.8279	4.3658	267.0400	55.0000	739554.623986
26.0382	-4.8088	4.2272	258.5000	55.0000	739554.623986
26.1548	-4.7694	4.0930	249.9600	55.0000	739554.623986
26.2549	-4.7200	3.9837	242.6400	55.0000	739554.623986
26.3551	-4.6571	3.8816	235.3200	55.0000	739554.623986
26.4717	-4.5680	3.7738	226.7800	55.0000	739554.623986
26.5885	-4.4639	3.6804	218.2400	55.0000	739554.623986
26.6886	-4.3645	3.6134	210.9200	55.0000	739554.623986
26.7888	-4.2592	3.5558	208.4800	55.0000	739554.623986
26.9055	-4.1361	3.4890	208.4800	55.0000	739554.623986
27.0222	-4.0152	3.4186	213.3600	55.0000	739554.623986
27.1224	-3.9509	3.3711	220.6800	55.0000	739554.623986
27.2391	-3.9509	3.3711	226.7800	55.0000	739554.623986
27.3392	-3.9372	3.3566	226.7800	55.0000	739554.623986
27.4393	-3.8541	3.2700	224.3400	55.0000	739554.623986
27.5394	-3.7623	3.1928	217.0200	55.0000	739554.623986
27.6395	-3.6614	3.1279	209.7000	55.0000	739554.623986
27.7397	-3.5531	3.0764	202.3800	55.0000	739554.623986
27.8564	-3.4197	3.0344	193.8400	55.0000	739554.623986
27.9565	-3.3015	3.0144	186.5200	55.0000	739554.623986
28.0566	-3.1828	2.9970	191.4000	55.0000	739554.623986
28.1567	-3.1633	2.9926	198.7200	55.0000	739554.623986
28.2733	-3.1633	2.9926	207.2600	55.0000	739554.623986
28.3734	-3.1633	2.9926	214.5800	55.0000	739554.623986
28.4744	-3.1633	2.9926	221.9000	55.0000	739554.623986
28.5746	-3.1633	2.9926	224.3400	55.0000	739554.623986
28.6910	-3.1130	2.9442	224.3400	55.0000	739554.623986
28.7913	-3.1004	2.9252	224.3400	55.0000	739554.623986
28.9076	-3.0231	2.8482	224.3400	55.0000	739554.623986
29.0240	-2.9229	2.7503	224.3400	55.0000	739554.623986
29.1242	-2.8371	2.6665	224.3400	55.0000	739554.623986
29.2408	-2.7370	2.5686	224.3400	55.0000	739554.623986
29.3409	-2.6512	2.4847	224.3400	55.0000	739554.623986
29.4411	-2.5653	2.4009	224.3400	55.0000	739554.623986
29.5577	-2.4670	2.3012	228.0000	55.0000	739554.623986
29.6579	-2.3937	2.2064	235.3200	55.0000	739554.623986
29.7580	-2.3423	2.1383	242.6400	55.0000	739554.623986
29.8581	-2.3188	2.1383	249.9600	55.0000	739554.623986
29.9582	-2.3188	2.1383	257.2800	55.0000	739554.623986
30.0749	-2.3188	2.1383	263.3800	55.0000	739554.623986
30.1917	-2.3188	2.1383	263.3800	55.0000	739554.623986
30.2918	-2.3188	2.1383	256.0600	55.0000	739554.623986
30.3919	-2.3188	2.1383	248.7400	55.0000	739554.623986
30.4920	-2.3188	2.1383	241.4200	55.0000	739554.623986
30.6088	-2.3188	2.1383	232.8800	55.0000	739554.623986
30.7112	-2.3188	2.1383	225.5600	55.0000	739554.623986
30.8256	-2.3188	2.1383	217.0200	55.0000	739554.623986
30.9257	-2.3188	2.1383	209.7000	55.0000	739554.623986
31.0425	-2.3188	2.1383	201.1600	55.0000	739554.623986
31.1593	-2.3188	2.1383	192.6200	55.0000	739554.623986
31.2593	-2.3188	2.1383	185.3000	55.0000	739554.623986
31.3594	-2.3188	2.1383	177.9800	55.0000	739554.623986
31.4595	-2.3188	2.1383	176.7600	55.0000	739554.623986
31.5596	-2.2789	2.1406	176.7600	55.0000	739554.623986
31.6763	-2.1391	2.1485	176.7600	55.0000	739554.623986
31.7764	-2.0193	2.1553	176.7600	55.0000	739554.623986
31.8767	-1.8995	2.1620	176.7600	55.0000	739554.623986
31.9950	-1.7597	2.1700	176.7600	55.0000	739554.623986
32.1117	-1.6199	2.1753	180.4200	55.0000	739554.623986
32.2119	-1.5202	2.1682	187.7400	55.0000	739554.623986
32.3269	-1.5202	2.1682	196.2800	55.0000	739554.623986
32.4436	-1.5202	2.1682	204.8200	55.0000	739554.623986
32.5438	-1.5202	2.1682	212.1400	55.0000	739554.623986
32.6439	-1.5202	2.1682	219.4600	55.0000	739554.623986
32.7441	-1.5202	2.1682	226.7800	55.0000	739554.623986
32.8607	-1.5202	2.1682	235.3200	55.0000	739554.623986
32.9608	-1.5202	2.1682	242.6400	55.0000	739554.623986
33.0611	-1.5202	2.1682	249.9600	55.0000	739554.623986
33.1778	-1.5202	2.1682	254.8400	55.0000	739554.623986
33.2946	-1.5202	2.1682	254.8400	55.0000	739554.623986
33.3947	-1.5202	2.1682	254.8400	55.0000	739554.623986
33.5114	-1.5202	2.1682	254.8400	55.0000	739554.623986
33.6119	-1.5202	2.1682	259.7200	55.0000	739554.623986
33.7282	-1.5202	2.1682	268.2600	55.0000	739554.623986
33.8450	-1.5202	2.1682	269.4800	55.0000	739554.623986
33.9451	-1.5202	2.1682	269.4800	55.0000	739554.623986
34.0452	-1.5194	2.0882	269.4800	55.0000	739554.623986
34.1453	-1.5183	1.9682	269.4800	55.0000	739554.623986
34.2621	-1.5171	1.8282	269.4800	55.0000	739554.623986
34.3788	-1.5158	1.6882	269.4800	55.0000	739554.623986
34.4789	-1.5155	1.6082	273.1400	55.0000	739554.623986
34.5956	-1.5155	1.6082	281.6800	55.0000	739554.623986
34.6958	-1.5155	1.6082	289.0000	55.0000	739554.623986
34.7959	-1.5155	1.6082	296.3200	55.0000	739554.623986
34.9128	-1.5155	1.6082	304.8600	55.0000	739554.623986
35.0294	-1.5155	1.6082	313.4000	55.0000	739554.623986
35.1463	-1.5155	1.6082	321.9400	55.0000	739554.623986
35.2629	-1.5155	1.6082	325.6000	55.0000	739554.623986
35.3631	-1.5155	1.6082	325.6000	55.0000	739554.623986
35.4798	-1.5980	1.5517	325.6000	55.0000	739554.623986
35.5798	-1.6970	1.4839	325.6000	55.0000	739554.623986
35.6800	-1.7960	1.4161	325.6000	55.0000	739554.623986
35.7800	-1.8951	1.3483	325.6000	55.0000	739554.623986
35.8802	-1.9941	1.2805	325.6000	55.0000	739554.623986
35.9970	-2.1096	1.2015	325.6000	55.0000	739554.623986
36.1137	-2.2258	1.1234	328.0400	55.0000	739554.623986
36.2137	-2.3320	1.0677	335.3600	55.0000	739554.623986
36.3138	-2.3503	1.0597	342.6800	55.0000	739554.623986
36.4139	-2.3503	1.0597	350.0000	55.0000	739554.623986
36.5140	-2.3503	1.0597	351.2200	55.0000	739554.623986
36.6141	-2.3503	1.0597	351.2200	55.0000	739554.623986
36.7142	-2.3701	1.0567	351.2200	55.0000	739554.623986
36.8309	-2.4294	1.0475	351.2200	55.0000	739554.623986
36.9310	-2.4294	1.0475	343.9000	55.0000	739554.623986
37.0312	-2.4294	1.0475	343.9000	55.0000	739554.623986
37.1479	-2.4294	1.0475	343.9000	55.0000	739554.623986
37.2481	-2.4294	1.0475	343.9000	55.0000	739554.623986
37.3648	-2.4294	1.0475	339.0200	55.0000	739554.623986
37.4648	-2.4294	1.0475	332.9200	55.0000	739554.623986
37.5651	-2.4294	1.0475	332.9200	55.0000	739554.623986
37.6818	-2.4828	1.0202	332.9200	55.0000	739554.623986
37.7984	-2.6075	0.9565	332.9200	55.0000	739554.623986
37.8985	-2.7143	0.9019	332.9200	55.0000	739554.623986
37.9987	-2.8212	0.8472	332.9200	55.0000	739554.623986
38.0988	-2.9280	0.7926	332.9200	55.0000	739554.623986
38.2155	-3.0529	0.7293	334.1400	55.0000	739554.623986
38.3157	-3.1644	0.6851	341.4600	55.0000	739554.623986
38.4158	-3.1644	0.6851	347.5600	55.0000	739554.623986
38.5159	-3.1644	0.6851	347.5600	55.0000	739554.623986
38.6160	-3.2230	0.6722	347.5600	55.0000	739554.623986
38.7327	-3.3401	0.6464	347.5600	55.0000	739554.623986
38.8328	-3.3401	0.6464	354.8800	55.0000	739554.623986
38.9494	-3.3401	0.6464	363.4200	55.0000	739554.623986
39.0495	-3.3401	0.6464	370.7400	55.0000	739554.623986
39.1496	-3.3401	0.6464	376.8400	55.0000	739554.623986
39.2499	-3.3401	0.6464	376.8400	55.0000	739554.623986
39.3666	-3.3401	0.6464	376.8400	55.0000	739554.623986
39.4832	-3.3401	0.6464	375.6200	55.0000	739554.623986
39.5834	-3.3401	0.6464	368.3000	55.0000	739554.623986
39.6835	-3.3401	0.6464	364.6400	55.0000	739554.623986
39.8002	-3.3401	0.6464	364.6400	55.0000	739554.623986
39.9004	-3.3999	0.6512	364.6400	55.0000	739554.623986
40.0172	-3.5395	0.6625	364.6400	55.0000	739554.623986
40.1339	-3.6790	0.6739	364.6400	55.0000	739554.623986
40.2340	-3.7986	0.6836	364.6400	55.0000	739554.623986
40.3507	-3.9382	0.6949	364.6400	55.0000	739554.623986
40.4509	-4.0581	0.6957	357.3200	55.0000	739554.623986
40.5511	-4.1772	0.6816	351.2200	55.0000	739554.623986
40.6676	-4.3156	0.6602	351.2200	55.0000	739554.623986
40.7844	-4.4539	0.6388	351.2200	55.0000	739554.623986
40.8847	-4.5725	0.6205	351.2200	55.0000	739554.623986
41.0013	-4.7109	0.5991	351.2200	55.0000	739554.623986
41.1182	-4.8492	0.5778	351.2200	55.0000	739554.623986
41.2349	-4.9876	0.5564	351.2200	55.0000	739554.623986
41.3516	-5.1255	0.5325	347.5600	55.0000	739554.623986
41.4518	-5.2404	0.4980	340.2400	55.0000	739554.623986
41.5519	-5.3499	0.4492	332.9200	55.0000	739554.623986
41.6684	-5.4685	0.3752	324.3800	55.0000	739554.623986
41.7686	-5.5606	0.2983	317.0600	55.0000	739554.623986
41.8688	-5.6420	0.2103	309.7400	55.0000	739554.623986
41.9689	-5.7116	0.1126	302.4200	55.0000	739554.623986
42.0691	-5.7682	0.0069	295.1000	55.0000	739554.623986
42.1858	-5.8287	-0.1194	297.5400	55.0000	739554.623986
42.3025	-5.8483	-0.1542	306.0800	55.0000	739554.623986
42.4193	-5.8483	-0.1542	314.6200	55.0000	739554.623986
42.5359	-5.8483	-0.1542	323.1600	55.0000	739554.623986
42.6361	-5.9166	-0.1958	330.4800	55.0000	739554.623986
42.7362	-6.0246	-0.2481	335.3600	55.0000	739554.623986
0.1476	0.0000	0.0000	45.0000	55.0000	739554.652536
0.2533	0.0000	0.0000	45.0000	55.0000	739554.652536
0.3558	0.0000	0.0000	45.0000	55.0000	739554.652536
0.4717	0.0000	0.0000	45.0000	55.0000	739554.652536
0.5722	0.0000	0.0000	45.0000	55.0000	739554.652536
0.6885	0.0000	0.0000	45.0000	55.0000	739554.652536
0.7888	0.0000	0.0000	47.4400	55.0000	739554.652536
0.9055	0.0000	0.0000	55.9800	55.0000	739554.652536
1.0059	0.0000	0.0000	63.3000	55.0000	739554.652536
1.1222	0.0000	0.0000	66.9600	55.0000	739554.652536
1.2223	0.0000	0.0000	66.9600	55.0000	739554.652536
1.3225	-0.0470	0.1104	66.9600	55.0000	739554.652536
1.4392	-0.1018	0.2393	66.9600	55.0000	739554.652536
1.5394	-0.1487	0.3497	66.9600	55.0000	739554.652536
1.6563	-0.2035	0.4785	66.9600	55.0000	739554.652536
1.7728	-0.2471	0.6114	75.5000	55.0000	739554.652536
1.8730	-0.2684	0.7294	82.8200	55.0000	739554.652536
1.9731	-0.2745	0.8492	90.1400	55.0000	739554.652536
2.0732	-0.2653	0.9688	97.4600	55.0000	739554.652536
2.1732	-0.2409	1.0862	104.7800	55.0000	739554.652536
2.2735	-0.2018	1.1995	112.1000	55.0000	739554.652536
2.3901	-0.1383	1.3242	120.6400	55.0000	739554.652536
2.5068	-0.1277	1.3899	126.7400	55.0000	739554.652536
2.6069	-0.1277	1.4317	119.4200	55.0000	739554.652536
2.7237	-0.1277	1.4317	110.8800	55.0000	739554.652536
2.8238	-0.1277	1.4317	103.5600	55.0000	739554.652536
2.9406	-0.1277	1.4317	95.0200	55.0000	739554.652536
3.0574	-0.1277	1.4317	91.3600	55.0000	739554.652536
3.1742	-0.1258	1.5117	91.3600	55.0000	739554.652536
3.2754	-0.1254	1.5817	91.3600	55.0000	739554.652536
3.3910	-0.1254	1.6517	91.3600	55.0000	739554.652536
3.5077	-0.1254	1.7217	91.3600	55.0000	739554.652536
3.6079	-0.1254	1.7816	91.3600	55.0000	739554.652536
3.7246	-0.1254	1.8516	91.3600	55.0000	739554.652536
3.8413	-0.1294	1.9715	85.2600	55.0000	739554.652536
3.9414	-0.1482	2.0899	77.9400	55.0000	739554.652536
4.0415	-0.1819	2.2050	70.6200	55.0000	739554.652536
4.1416	-0.2206	2.2972	65.7400	55.0000	739554.652536
4.2418	-0.2206	2.2972	65.7400	55.0000	739554.652536
4.3586	-0.2699	2.4066	65.7400	55.0000	739554.652536
4.4753	-0.3274	2.5342	65.7400	55.0000	739554.652536
4.5754	-0.3767	2.6436	65.7400	55.0000	739554.652536
4.6922	-0.4366	2.7702	62.0800	55.0000	739554.652536
4.8089	-0.5123	2.8877	53.5400	55.0000	739554.652536
4.9259	-0.6047	2.9927	45.0000	55.0000	739554.652536
5.0424	-0.7117	3.0829	36.4600	55.0000	739554.652536
5.1426	-0.8132	3.1468	29.1400	55.0000	739554.652536
5.2594	-0.9407	3.2042	20.6000	55.0000	739554.652536
5.3761	-1.0753	3.2421	12.0600	55.0000	739554.652536
5.4763	-1.1942	3.2584	4.7400	55.0000	739554.652536
5.5929	-1.3340	3.2580	-3.8000	55.0000	739554.652536
5.6931	-1.4528	3.2412	-11.1200	55.0000	739554.652536
5.7932	-1.5684	3.2094	-18.4400	55.0000	739554.652536
5.9100	-1.7044	3.1766	-9.9000	55.0000	739554.652536
6.0268	-1.8437	3.1643	-1.3600	55.0000	739554.652536
6.1434	-1.9833	3.1551	-7.4600	55.0000	739554.652536
6.2434	-2.0030	3.1521	-14.7800	55.0000	739554.652536
6.3436	-2.0030	3.1521	-22.1000	55.0000	739554.652536
6.4437	-2.0030	3.1521	-26.9800	55.0000	739554.652536
6.5604	-2.0030	3.1521	-26.9800	55.0000	739554.652536
6.6772	-2.0030	3.1521	-20.8800	55.0000	739554.652536
6.7940	-2.0030	3.1521	-12.3400	55.0000	739554.652536
6.8941	-2.0030	3.1521	-5.0200	55.0000	739554.652536
7.0109	-2.0030	3.1521	-3.8000	55.0000	739554.652536
7.1276	-2.1028	3.1454	-3.8000	55.0000	739554.652536
7.2277	-2.2225	3.1375	-3.8000	55.0000	739554.652536
7.3280	-2.3423	3.1295	-3.8000	55.0000	739554.652536
7.4448	-2.4421	3.1255	-3.8000	55.0000	739554.652536
7.5614	-2.5119	3.1255	-3.8000	55.0000	739554.652536
7.6782	-2.5817	3.1255	-3.8000	55.0000	739554.652536
7.7948	-2.6516	3.1255	-3.8000	55.0000	739554.652536
7.8950	-2.7115	3.1255	-3.8000	55.0000	739554.652536
7.9951	-2.7713	3.1255	-3.8000	55.0000	739554.652536
8.0952	-2.8312	3.1255	-3.8000	55.0000	739554.652536
8.1964	-2.8911	3.1255	-3.8000	55.0000	739554.652536
8.3120	-2.9609	3.1255	-3.8000	55.0000	739554.652536
8.4120	-3.0599	3.1252	-3.8000	55.0000	739554.652536
8.5121	-3.1797	3.1172	-3.8000	55.0000	739554.652536
8.6289	-3.3194	3.1079	-3.8000	55.0000	739554.652536
8.7290	-3.3792	3.1040	-3.8000	55.0000	739554.652536
8.8458	-3.3792	3.1040	-3.8000	55.0000	739554.652536
8.9459	-3.3792	3.1040	-3.8000	55.0000	739554.652536
9.0460	-3.3792	3.1040	-3.8000	55.0000	739554.652536
9.1461	-3.3792	3.1040	-3.8000	55.0000	739554.652536
9.2462	-3.3792	3.1040	-8.6800	55.0000	739554.652536
9.3627	-3.3792	3.1040	-17.2200	55.0000	739554.652536
9.4630	-3.3792	3.1040	-18.4400	55.0000	739554.652536
9.5632	-3.4362	3.0850	-18.4400	55.0000	739554.652536
9.6633	-3.5500	3.0470	-18.4400	55.0000	739554.652536
9.7800	-3.6828	3.0027	-18.4400	55.0000	739554.652536
9.8967	-3.8156	2.9584	-18.4400	55.0000	739554.652536
10.0135	-3.9484	2.9142	-18.4400	55.0000	739554.652536
10.1302	-4.0812	2.8699	-18.4400	55.0000	739554.652536
10.2470	-4.2141	2.8256	-18.4400	55.0000	739554.652536
10.3471	-4.3279	2.7876	-18.4400	55.0000	739554.652536
10.4472	-4.4417	2.7497	-18.4400	55.0000	739554.652536
10.5472	-4.5556	2.7117	-18.4400	55.0000	739554.652536
10.6473	-4.6695	2.6742	-17.2200	55.0000	739554.652536
10.7476	-4.7864	2.6473	-9.9000	55.0000	739554.652536
10.8642	-4.7864	2.6473	-1.3600	55.0000	739554.652536
10.9644	-4.7864	2.6473	5.9600	55.0000	739554.652536
11.0645	-4.7864	2.6473	13.2800	55.0000	739554.652536
11.1648	-4.7864	2.6473	20.6000	55.0000	739554.652536
11.2813	-4.7864	2.6473	29.1400	55.0000	739554.652536
11.3815	-4.7864	2.6473	36.4600	55.0000	739554.652536
11.4983	-4.7864	2.6473	45.0000	55.0000	739554.652536
11.5985	-4.7864	2.6473	52.3200	55.0000	739554.652536
11.7150	-4.7864	2.6473	60.8600	55.0000	739554.652536
11.8151	-4.7864	2.6473	68.1800	55.0000	739554.652536
11.9152	-4.7864	2.6473	75.5000	55.0000	739554.652536
12.0318	-4.7864	2.6473	84.0400	55.0000	739554.652536
12.1320	-4.7864	2.6473	91.3600	55.0000	739554.652536
12.2320	-4.7864	2.6473	98.6800	55.0000	739554.652536
12.3321	-4.7864	2.6473	106.0000	55.0000	739554.652536
12.4322	-4.7864	2.6473	113.3200	55.0000	739554.652536
12.5324	-4.7864	2.6473	120.6400	55.0000	739554.652536
12.6491	-4.7864	2.6473	129.1800	55.0000	739554.652536
12.7492	-4.7864	2.6473	136.5000	55.0000	739554.652536
12.8493	-4.7864	2.6473	143.8200	55.0000	739554.652536
12.9495	-4.7864	2.6473	151.1400	55.0000	739554.652536
13.0496	-4.7864	2.6473	158.4600	55.0000	739554.652536
13.1664	-4.7864	2.6473	158.4600	55.0000	739554.652536
13.2831	-4.7864	2.6473	158.4600	55.0000	739554.652536
13.3833	-4.7864	2.6473	158.4600	55.0000	739554.652536
13.5001	-4.7864	2.6473	163.3400	55.0000	739554.652536
13.6168	-4.7864	2.6473	171.8800	55.0000	739554.652536
13.7170	-4.7864	2.6473	179.2000	55.0000	739554.652536
13.8336	-4.7864	2.6473	187.7400	55.0000	739554.652536
13.9339	-4.7864	2.6473	195.0600	55.0000	739554.652536
14.0505	-4.7864	2.6473	203.6000	55.0000	739554.652536
14.1672	-4.7864	2.6473	204.8200	55.0000	739554.652536
14.2674	-4.7864	2.6473	204.8200	55.0000	739554.652536
14.3840	-4.7864	2.6473	210.9200	55.0000	739554.652536
14.4841	-4.7864	2.6473	218.2400	55.0000	739554.652536
14.5843	-4.7864	2.6473	225.5600	55.0000	739554.652536
14.7010	-4.7864	2.6473	234.1000	55.0000	739554.652536
14.8179	-4.7864	2.6473	242.6400	55.0000	739554.652536
14.9180	-4.7864	2.6473	248.7400	55.0000	739554.652536
15.0347	-4.7864	2.6473	248.7400	55.0000	739554.652536
15.1348	-4.7864	2.6473	248.7400	55.0000	739554.652536
15.2349	-4.7574	2.5727	248.7400	55.0000	739554.652536
15.3518	-4.7066	2.4423	248.7400	55.0000	739554.652536
15.4684	-4.6704	2.3491	248.7400	55.0000	739554.652536
15.5852	-4.6704	2.3491	243.8600	55.0000	739554.652536
15.7018	-4.6704	2.3491	235.3200	55.0000	739554.652536
15.8021	-4.6704	2.3491	228.0000	55.0000	739554.652536
15.9022	-4.6704	2.3491	220.6800	55.0000	739554.652536
16.0190	-4.6704	2.3491	214.5800	55.0000	739554.652536
16.1357	-4.6704	2.3491	219.4600	55.0000	739554.652536
16.2358	-4.6704	2.3491	226.7800	55.0000	739554.652536
16.3360	-4.6704	2.3491	234.1000	55.0000	739554.652536
16.4526	-4.6704	2.3491	236.5400	55.0000	739554.652536
16.5526	-4.6373	2.2990	236.5400	55.0000	739554.652536
16.6694	-4.5601	2.1822	236.5400	55.0000	739554.652536
16.7696	-4.4939	2.0821	236.5400	55.0000	739554.652536
16.8698	-4.4206	1.9873	229.2200	55.0000	739554.652536
16.9862	-4.3205	1.8895	220.6800	55.0000	739554.652536
17.0867	-4.2240	1.8183	213.3600	55.0000	739554.652536
17.2033	-4.1011	1.7516	204.8200	55.0000	739554.652536
17.3199	-3.9700	1.7027	198.7200	55.0000	739554.652536
17.4200	-3.8563	1.6642	198.7200	55.0000	739554.652536
17.5202	-3.7427	1.6257	198.7200	55.0000	739554.652536
17.6373	-3.6101	1.5807	198.7200	55.0000	739554.652536
17.7374	-3.4964	1.5422	198.7200	55.0000	739554.652536
17.8539	-3.3638	1.4973	198.7200	55.0000	739554.652536
17.9707	-3.2312	1.4524	198.7200	55.0000	739554.652536
18.0872	-3.0988	1.4070	199.9400	55.0000	739554.652536
18.1876	-2.9894	1.3579	207.2600	55.0000	739554.652536
18.3042	-2.9373	1.3281	215.8000	55.0000	739554.652536
18.4044	-2.9373	1.3281	223.1200	55.0000	739554.652536
18.5047	-2.9373	1.3281	230.4400	55.0000	739554.652536
18.6050	-2.9373	1.3281	237.7600	55.0000	739554.652536
18.7213	-2.9373	1.3281	246.3000	55.0000	739554.652536
18.8383	-2.9373	1.3281	251.1800	55.0000	739554.652536
18.9384	-2.9308	1.3092	251.1800	55.0000	739554.652536
19.0570	-2.8857	1.1767	251.1800	55.0000	739554.652536
19.1721	-2.8405	1.0442	251.1800	55.0000	739554.652536
19.2887	-2.7954	0.9117	251.1800	55.0000	739554.652536
19.3889	-2.7591	0.7973	254.8400	55.0000	739554.652536
19.5054	-2.7499	0.7584	263.3800	55.0000	739554.652536
19.6220	-2.7499	0.7584	271.9200	55.0000	739554.652536
19.7222	-2.7499	0.7584	279.2400	55.0000	739554.652536
19.8389	-2.7499	0.7584	287.7800	55.0000	739554.652536
19.9555	-2.7499	0.7584	296.3200	55.0000	739554.652536
20.0557	-2.7499	0.7584	303.6400	55.0000	739554.652536
20.1558	-2.7499	0.7584	310.9600	55.0000	739554.652536
20.2727	-2.7499	0.7584	319.5000	55.0000	739554.652536
20.3728	-2.7499	0.7584	326.8200	55.0000	739554.652536
20.4894	-2.7499	0.7584	335.3600	55.0000	739554.652536
20.6062	-2.7499	0.7584	343.9000	55.0000	739554.652536
20.7064	-2.7499	0.7584	351.2200	55.0000	739554.652536
20.8230	-2.7499	0.7584	353.6600	55.0000	739554.652536
20.9232	-2.7896	0.7540	353.6600	55.0000	739554.652536
21.0399	-2.9288	0.7385	353.6600	55.0000	739554.652536
21.1401	-3.0480	0.7253	353.6600	55.0000	739554.652536
21.2570	-3.1872	0.7098	353.6600	55.0000	739554.652536
21.3573	-3.3064	0.6966	353.6600	55.0000	739554.652536
21.4736	-3.4456	0.6811	353.6600	55.0000	739554.652536
21.5737	-3.5648	0.6678	353.6600	55.0000	739554.652536
21.6906	-3.7040	0.6524	353.6600	55.0000	739554.652536
21.8073	-3.8431	0.6369	353.6600	55.0000	739554.652536
21.9074	-3.9624	0.6237	353.6600	55.0000	739554.652536
22.0075	-4.0817	0.6104	353.6600	55.0000	739554.652536
22.1242	-4.2208	0.5950	353.6600	55.0000	739554.652536
22.2243	-4.3401	0.5817	353.6600	55.0000	739554.652536
22.3412	-4.4792	0.5662	353.6600	55.0000	739554.652536
22.4580	-4.6184	0.5508	353.6600	55.0000	739554.652536
22.5746	-4.7575	0.5349	352.4400	55.0000	739554.652536
22.6748	-4.8748	0.5103	345.1200	55.0000	739554.652536
22.7748	-4.9881	0.4710	337.8000	55.0000	739554.652536
22.8928	-5.1127	0.4073	329.2600	55.0000	739554.652536
23.0085	-5.2330	0.3357	329.2600	55.0000	739554.652536
23.1251	-5.3533	0.2642	329.2600	55.0000	739554.652536
23.2252	-5.4585	0.2066	334.1400	55.0000	739554.652536
23.3254	-5.5700	0.1624	341.4600	55.0000	739554.652536
23.4420	-5.7059	0.1294	350.0000	55.0000	739554.652536
23.5588	-5.8438	0.1051	350.0000	55.0000	739554.652536
23.6590	-5.9619	0.0839	348.7800	55.0000	739554.652536
23.7756	-6.0009	0.0748	340.2400	55.0000	739554.652536
23.8757	-6.0009	0.0748	332.9200	55.0000	739554.652536
23.9925	-6.0673	0.0303	324.3800	55.0000	739554.652536
24.0927	-6.1602	-0.0456	319.5000	55.0000	739554.652536
