T	X	Y	HEADING	PERPSECTIVE_ANGLE	NOW_NUM
0.1320	0.0000	0.0000	45.0000	55.0000	739554.623986
0.2486	0.0000	0.0000	45.0000	55.0000	739554.623986
0.3488	0.0000	0.0000	45.0000	55.0000	739554.623986
0.4655	0.0000	0.0000	45.0000	55.0000	739554.623986
0.5657	0.0000	0.0000	45.0000	55.0000	739554.623986
0.6823	0.0000	0.0000	45.0000	55.0000	739554.623986
0.7824	0.0000	0.0000	45.0000	55.0000	739554.623986
0.8827	0.0000	0.0000	45.0000	55.0000	739554.623986
0.9993	0.0000	0.0000	45.0000	55.0000	739554.623986
1.1160	0.0000	0.0000	45.0000	55.0000	739554.623986
1.2161	0.0000	0.0000	49.8800	55.0000	739554.623986
1.3162	0.0000	0.0000	57.2000	55.0000	739554.623986
1.4163	0.0000	0.0000	64.5200	55.0000	739554.623986
1.5330	0.0000	0.0000	73.0600	55.0000	739554.623986
1.6332	0.0000	0.0000	79.1600	55.0000	739554.623986
1.7502	0.0000	0.0000	79.1600	55.0000	739554.623986
1.8669	0.0000	0.0000	79.1600	55.0000	739554.623986
1.9836	0.0000	0.0000	73.0600	55.0000	739554.623986
2.1002	0.0000	0.0000	66.9600	55.0000	739554.623986
2.2003	0.0000	0.0000	66.9600	55.0000	739554.623986
2.3004	0.0000	0.0000	66.9600	55.0000	739554.623986
2.4005	0.0000	0.0000	66.9600	55.0000	739554.623986
2.5007	0.0000	0.0000	66.9600	55.0000	739554.623986
2.6172	0.0000	0.0000	66.9600	55.0000	739554.623986
2.7174	0.0000	0.0000	66.9600	55.0000	739554.623986
2.8342	0.0000	0.0000	66.9600	55.0000	739554.623986
2.9344	0.0000	0.0000	66.9600	55.0000	739554.623986
3.0512	0.0000	0.0000	60.8600	55.0000	739554.623986
3.1679	0.0000	0.0000	52.3200	55.0000	739554.623986
3.2680	0.0000	0.0000	45.0000	55.0000	739554.623986
3.3847	0.0000	0.0000	40.1200	55.0000	739554.623986
3.4849	0.0000	0.0000	40.1200	55.0000	739554.623986
3.6016	-0.0612	0.0516	40.1200	55.0000	739554.623986
3.7017	-0.1529	0.1289	40.1200	55.0000	739554.623986
3.8183	-0.2600	0.2191	40.1200	55.0000	739554.623986
3.9185	-0.3518	0.2964	40.1200	55.0000	739554.623986
4.0187	-0.4435	0.3737	40.1200	55.0000	739554.623986
4.1353	-0.5047	0.4253	40.1200	55.0000	739554.623986
4.2354	-0.5047	0.4253	40.1200	55.0000	739554.623986
4.3521	-0.5047	0.4253	48.6600	55.0000	739554.623986
4.4523	-0.5047	0.4253	55.9800	55.0000	739554.623986
4.5691	-0.5047	0.4253	64.5200	55.0000	739554.623986
4.6692	-0.5047	0.4253	71.8400	55.0000	739554.623986
4.7693	-0.5047	0.4253	79.1600	55.0000	739554.623986
4.8860	-0.5047	0.4253	85.2600	55.0000	739554.623986
4.9861	-0.5047	0.4253	85.2600	55.0000	739554.623986
5.0862	-0.5047	0.4253	85.2600	55.0000	739554.623986
5.2030	-0.5047	0.4253	85.2600	55.0000	739554.623986
5.3197	-0.5064	0.4452	85.2600	55.0000	739554.623986
5.4199	-0.5163	0.5648	85.2600	55.0000	739554.623986
5.5200	-0.5262	0.6844	85.2600	55.0000	739554.623986
5.6202	-0.5361	0.8040	85.2600	55.0000	739554.623986
5.7368	-0.5477	0.9435	85.2600	55.0000	739554.623986
5.8536	-0.5592	1.0830	85.2600	55.0000	739554.623986
5.9702	-0.5592	1.0830	85.2600	55.0000	739554.623986
6.0704	-0.5592	1.0830	85.2600	55.0000	739554.623986
6.1705	-0.5592	1.0830	81.6000	55.0000	739554.623986
6.2708	-0.5592	1.0830	74.2800	55.0000	739554.623986
6.3875	-0.5592	1.0830	65.7400	55.0000	739554.623986
6.5042	-0.5592	1.0830	57.2000	55.0000	739554.623986
6.6059	-0.5592	1.0830	49.8800	55.0000	739554.623986
6.7212	-0.5592	1.0830	41.3400	55.0000	739554.623986
6.8377	-0.5592	1.0830	32.8000	55.0000	739554.623986
6.9378	-0.5592	1.0830	25.4800	55.0000	739554.623986
7.0380	-0.5592	1.0830	18.1600	55.0000	739554.623986
7.1381	-0.5592	1.0830	10.8400	55.0000	739554.623986
7.2382	-0.5592	1.0830	3.5200	55.0000	739554.623986
7.3551	-0.5592	1.0830	-5.0200	55.0000	739554.623986
7.4715	-0.5592	1.0830	-13.5600	55.0000	739554.623986
7.5717	-0.5592	1.0830	-20.8800	55.0000	739554.623986
7.6885	-0.5592	1.0830	-29.4200	55.0000	739554.623986
7.7887	-0.5592	1.0830	-36.7400	55.0000	739554.623986
7.9053	-0.5592	1.0830	-45.2800	55.0000	739554.623986
8.0055	-0.5592	1.0830	-52.6000	55.0000	739554.623986
8.1056	-0.5592	1.0830	-59.9200	55.0000	739554.623986
8.2223	-0.5592	1.0830	-61.1400	55.0000	739554.623986
8.3225	-0.5592	1.0830	-61.1400	55.0000	739554.623986
8.4390	-0.5592	1.0830	-61.1400	55.0000	739554.623986
8.5392	-0.5592	1.0830	-61.1400	55.0000	739554.623986
8.6393	-0.5592	1.0830	-61.1400	55.0000	739554.623986
8.7395	-0.5592	1.0830	-61.1400	55.0000	739554.623986
8.8562	-0.5592	1.0830	-58.7000	55.0000	739554.623986
8.9563	-0.5592	1.0830	-51.3800	55.0000	739554.623986
9.0563	-0.5592	1.0830	-44.0600	55.0000	739554.623986
9.1565	-0.5592	1.0830	-36.7400	55.0000	739554.623986
9.2565	-0.5592	1.0830	-29.4200	55.0000	739554.623986
9.3567	-0.5592	1.0830	-22.1000	55.0000	739554.623986
9.4568	-0.5592	1.0830	-14.7800	55.0000	739554.623986
9.5735	-0.5592	1.0830	-6.2400	55.0000	739554.623986
9.6903	-0.5592	1.0830	2.3000	55.0000	739554.623986
9.7904	-0.5592	1.0830	9.6200	55.0000	739554.623986
9.8906	-0.5592	1.0830	16.9400	55.0000	739554.623986
10.0073	-0.5592	1.0830	25.4800	55.0000	739554.623986
10.1074	-0.5592	1.0830	32.8000	55.0000	739554.623986
10.2074	-0.5592	1.0830	40.1200	55.0000	739554.623986
10.3244	-0.5592	1.0830	48.6600	55.0000	739554.623986
10.4410	-0.5592	1.0830	57.2000	55.0000	739554.623986
10.5578	-0.5592	1.0830	65.7400	55.0000	739554.623986
10.6579	-0.5592	1.0830	73.0600	55.0000	739554.623986
10.7747	-0.5592	1.0830	81.6000	55.0000	739554.623986
10.8914	-0.5592	1.0830	81.6000	55.0000	739554.623986
10.9914	-0.5592	1.0830	81.6000	55.0000	739554.623986
11.0921	-0.5592	1.0830	81.6000	55.0000	739554.623986
11.2089	-0.5680	1.1424	81.6000	55.0000	739554.623986
11.3092	-0.5855	1.2611	81.6000	55.0000	739554.623986
11.4256	-0.6060	1.3996	81.6000	55.0000	739554.623986
11.5421	-0.6264	1.5381	81.6000	55.0000	739554.623986
11.6422	-0.6440	1.6568	81.6000	55.0000	739554.623986
11.7587	-0.6644	1.7953	81.6000	55.0000	739554.623986
11.8589	-0.6815	1.9141	82.8200	55.0000	739554.623986
11.9756	-0.6871	2.0538	91.3600	55.0000	739554.623986
12.0757	-0.6754	2.1732	98.6800	55.0000	739554.623986
12.1925	-0.6638	2.2321	107.2200	55.0000	739554.623986
12.2925	-0.6638	2.2321	108.4400	55.0000	739554.623986
12.4093	-0.6512	2.2700	108.4400	55.0000	739554.623986
12.5094	-0.6132	2.3838	108.4400	55.0000	739554.623986
12.6262	-0.5816	2.4787	108.4400	55.0000	739554.623986
12.7430	-0.5816	2.4787	108.4400	55.0000	739554.623986
12.8431	-0.5816	2.4787	104.7800	55.0000	739554.623986
12.9599	-0.5816	2.4787	97.4600	55.0000	739554.623986
13.0767	-0.5816	2.4787	97.4600	55.0000	739554.623986
13.1769	-0.5790	2.4985	97.4600	55.0000	739554.623986
13.2935	-0.5608	2.6374	97.4600	55.0000	739554.623986
13.4102	-0.5426	2.7762	97.4600	55.0000	739554.623986
13.5103	-0.5270	2.8951	97.4600	55.0000	739554.623986
13.6104	-0.5115	3.0141	97.4600	55.0000	739554.623986
13.7105	-0.4959	3.1331	97.4600	55.0000	739554.623986
13.8106	-0.4803	3.2521	97.4600	55.0000	739554.623986
13.9273	-0.4621	3.3909	97.4600	55.0000	739554.623986
14.0274	-0.4465	3.5099	97.4600	55.0000	739554.623986
14.1275	-0.4322	3.6290	95.0200	55.0000	739554.623986
14.2275	-0.4307	3.7489	87.7000	55.0000	739554.623986
14.3277	-0.4444	3.8681	80.3800	55.0000	739554.623986
14.4445	-0.4732	4.0051	77.9400	55.0000	739554.623986
14.5446	-0.4983	4.1224	77.9400	55.0000	739554.623986
14.6447	-0.5234	4.2398	77.9400	55.0000	739554.623986
14.7616	-0.5526	4.3767	77.9400	55.0000	739554.623986
14.8782	-0.5819	4.5136	77.9400	55.0000	739554.623986
14.9784	-0.6069	4.6309	77.9400	55.0000	739554.623986
15.0951	-0.6362	4.7679	77.9400	55.0000	739554.623986
15.2118	-0.6654	4.9048	77.9400	55.0000	739554.623986
15.3119	-0.6805	4.9628	70.6200	55.0000	739554.623986
15.4120	-0.6805	4.9628	63.3000	55.0000	739554.623986
15.5122	-0.6805	4.9628	55.9800	55.0000	739554.623986
15.6288	-0.6805	4.9628	47.4400	55.0000	739554.623986
15.7290	-0.6805	4.9628	40.1200	55.0000	739554.623986
15.8291	-0.6805	4.9628	32.8000	55.0000	739554.623986
15.9458	-0.6805	4.9628	24.2600	55.0000	739554.623986
16.0626	-0.6805	4.9628	15.7200	55.0000	739554.623986
16.1628	-0.6805	4.9628	14.5000	55.0000	739554.623986
16.2629	-0.6805	4.9628	14.5000	55.0000	739554.623986
16.3630	-0.6805	4.9628	19.3800	55.0000	739554.623986
16.4797	-0.6805	4.9628	27.9200	55.0000	739554.623986
16.5799	-0.6805	4.9628	35.2400	55.0000	739554.623986
16.6964	-0.6805	4.9628	43.7800	55.0000	739554.623986
16.7967	-0.6805	4.9628	45.0000	55.0000	739554.623986
16.9134	-0.6805	4.9628	45.0000	55.0000	739554.623986
17.0135	-0.6805	4.9628	45.0000	55.0000	739554.623986
17.1302	-0.7653	5.0477	45.0000	55.0000	739554.623986
17.2303	-0.8502	5.1325	45.0000	55.0000	739554.623986
17.3305	-0.9350	5.2174	45.0000	55.0000	739554.623986
17.4477	-0.9916	5.2740	45.0000	55.0000	739554.623986
17.5640	-0.9916	5.2740	45.0000	55.0000	739554.623986
17.6807	-0.9916	5.2740	45.0000	55.0000	739554.623986
17.7809	-0.9916	5.2740	38.9000	55.0000	739554.623986
17.8810	-0.9916	5.2740	31.5800	55.0000	739554.623986
17.9977	-0.9916	5.2740	23.0400	55.0000	739554.623986
18.1144	-0.9916	5.2740	14.5000	55.0000	739554.623986
18.2145	-0.9916	5.2740	12.0600	55.0000	739554.623986
18.3315	-1.0307	5.2823	12.0600	55.0000	739554.623986
18.4482	-1.1676	5.3116	12.0600	55.0000	739554.623986
18.5648	-1.3045	5.3408	12.0600	55.0000	739554.623986
18.6649	-1.4219	5.3659	12.0600	55.0000	739554.623986
18.7817	-1.4219	5.3659	12.0600	55.0000	739554.623986
18.8818	-1.4219	5.3659	7.1800	55.0000	739554.623986
18.9986	-1.4219	5.3659	-1.3600	55.0000	739554.623986
19.1153	-1.4219	5.3659	-9.9000	55.0000	739554.623986
19.2154	-1.4219	5.3659	-17.2200	55.0000	739554.623986
19.3155	-1.4219	5.3659	-24.5400	55.0000	739554.623986
19.4157	-1.4219	5.3659	-31.8600	55.0000	739554.623986
19.5323	-1.4219	5.3659	-40.4000	55.0000	739554.623986
19.6491	-1.4219	5.3659	-48.9400	55.0000	739554.623986
19.7492	-1.4219	5.3659	-56.2600	55.0000	739554.623986
19.8660	-1.4219	5.3659	-64.8000	55.0000	739554.623986
19.9828	-1.4219	5.3659	-73.3400	55.0000	739554.623986
20.0829	-1.4219	5.3659	-80.6600	55.0000	739554.623986
20.1997	-1.4219	5.3659	-89.2000	55.0000	739554.623986
20.3163	-1.4151	5.3063	-97.7400	55.0000	739554.623986
20.4166	-1.3964	5.1878	-98.9600	55.0000	739554.623986
20.5333	-1.3746	5.0495	-98.9600	55.0000	739554.623986
20.6499	-1.3528	4.9112	-98.9600	55.0000	739554.623986
20.7502	-1.3341	4.7926	-98.9600	55.0000	739554.623986
20.8669	-1.3123	4.6544	-98.9600	55.0000	739554.623986
20.9835	-1.2905	4.5161	-98.9600	55.0000	739554.623986
21.0836	-1.2718	4.3975	-98.9600	55.0000	739554.623986
21.1840	-1.2531	4.2790	-98.9600	55.0000	739554.623986
21.3006	-1.2313	4.1407	-98.9600	55.0000	739554.623986
21.4007	-1.2126	4.0222	-98.9600	55.0000	739554.623986
21.5025	-1.1939	3.9036	-98.9600	55.0000	739554.623986
21.6175	-1.1721	3.7653	-98.9600	55.0000	739554.623986
21.7176	-1.1534	3.6468	-98.9600	55.0000	739554.623986
21.8177	-1.1347	3.5283	-98.9600	55.0000	739554.623986
21.9345	-1.1253	3.3987	-90.4200	55.0000	739554.623986
22.0513	-1.1315	3.3191	-81.8800	55.0000	739554.623986
22.1514	-1.1573	3.2020	-74.5600	55.0000	739554.623986
22.2680	-1.2059	3.0708	-66.0200	55.0000	739554.623986
22.3683	-1.2626	2.9652	-58.7000	55.0000	739554.623986
22.4684	-1.3324	2.8676	-51.3800	55.0000	739554.623986
22.5850	-1.4287	2.7662	-42.8400	55.0000	739554.623986
22.6852	-1.5224	2.6914	-35.5200	55.0000	739554.623986
22.8020	-1.6406	2.6164	-31.8600	55.0000	739554.623986
22.9021	-1.6406	2.6164	-31.8600	55.0000	739554.623986
23.0022	-1.6406	2.6164	-39.1800	55.0000	739554.623986
23.1023	-1.6406	2.6164	-46.5000	55.0000	739554.623986
23.2189	-1.6406	2.6164	-55.0400	55.0000	739554.623986
23.3190	-1.6541	2.6016	-47.7200	55.0000	739554.623986
23.4193	-1.7411	2.5192	-40.4000	55.0000	739554.623986
23.5358	-1.8189	2.4563	-39.1800	55.0000	739554.623986
23.6359	-1.8189	2.4563	-39.1800	55.0000	739554.623986
23.7361	-1.8189	2.4563	-39.1800	55.0000	739554.623986
23.8529	-1.8189	2.4563	-47.7200	55.0000	739554.623986
23.9695	-1.8189	2.4563	-56.2600	55.0000	739554.623986
24.0697	-1.8189	2.4563	-63.5800	55.0000	739554.623986
24.1698	-1.8189	2.4563	-70.9000	55.0000	739554.623986
24.2864	-1.8287	2.4175	-75.7800	55.0000	739554.623986
24.3865	-1.8582	2.3012	-75.7800	55.0000	739554.623986
24.5033	-1.8730	2.2043	-75.7800	55.0000	739554.623986
24.6035	-1.8730	2.1461	-75.7800	55.0000	739554.623986
24.7036	-1.8730	2.0880	-75.7800	55.0000	739554.623986
24.8038	-1.8683	2.0309	-75.7800	55.0000	739554.623986
24.9206	-1.8928	1.9050	-75.7800	55.0000	739554.623986
25.0206	-1.9222	1.7886	-75.7800	55.0000	739554.623986
25.1373	-1.9468	1.6917	-74.5600	55.0000	739554.623986
25.2374	-1.9468	1.6917	-67.2400	55.0000	739554.623986
25.3376	-1.9468	1.6917	-59.9200	55.0000	739554.623986
25.4542	-1.9468	1.6917	-51.3800	55.0000	739554.623986
25.5544	-1.9468	1.6917	-44.0600	55.0000	739554.623986
25.6545	-1.9468	1.6917	-36.7400	55.0000	739554.623986
25.7712	-1.9468	1.6917	-28.2000	55.0000	739554.623986
25.8880	-1.9468	1.6917	-19.6600	55.0000	739554.623986
25.9881	-1.9468	1.6917	-12.3400	55.0000	739554.623986
26.1050	-1.9468	1.6917	-3.8000	55.0000	739554.623986
26.2216	-1.9468	1.6917	4.7400	55.0000	739554.623986
26.3218	-1.9468	1.6917	12.0600	55.0000	739554.623986
26.4385	-1.9468	1.6917	20.6000	55.0000	739554.623986
26.5386	-1.9468	1.6917	27.9200	55.0000	739554.623986
26.6553	-1.9468	1.6917	36.4600	55.0000	739554.623986
26.7555	-1.9468	1.6917	43.7800	55.0000	739554.623986
26.8722	-1.9468	1.6917	52.3200	55.0000	739554.623986
26.9725	-1.9468	1.6917	52.3200	55.0000	739554.623986
27.0890	-1.9468	1.6917	52.3200	55.0000	739554.623986
27.2058	-1.9468	1.6917	52.3200	55.0000	739554.623986
27.3061	-1.9468	1.6917	52.3200	55.0000	739554.623986
27.4228	-1.9468	1.6917	52.3200	55.0000	739554.623986
27.5396	-1.9468	1.6917	52.3200	55.0000	739554.623986
27.6397	-1.9468	1.6917	52.3200	55.0000	739554.623986
27.7563	-1.9468	1.6917	60.8600	55.0000	739554.623986
27.8730	-1.9468	1.6917	69.4000	55.0000	739554.623986
27.9732	-1.9468	1.6917	76.7200	55.0000	739554.623986
28.0733	-1.9468	1.6917	77.9400	55.0000	739554.623986
28.1735	-1.9468	1.6917	77.9400	55.0000	739554.623986
28.2902	-1.9468	1.6917	74.2800	55.0000	739554.623986
28.4070	-1.9468	1.6917	65.7400	55.0000	739554.623986
28.5236	-1.9468	1.6917	57.2000	55.0000	739554.623986
28.6237	-1.9468	1.6917	57.2000	55.0000	739554.623986
28.7238	-1.9468	1.6917	57.2000	55.0000	739554.623986
28.8239	-1.9468	1.6917	57.2000	55.0000	739554.623986
28.9406	-2.0010	1.7757	57.2000	55.0000	739554.623986
29.0573	-2.0335	1.8262	57.2000	55.0000	739554.623986
29.1576	-2.0660	1.8766	57.2000	55.0000	739554.623986
29.2584	-2.0876	1.9102	57.2000	55.0000	739554.623986
29.3743	-2.0876	1.9102	57.2000	55.0000	739554.623986
29.4744	-2.0876	1.9102	57.2000	55.0000	739554.623986
29.5745	-2.0876	1.9102	57.2000	55.0000	739554.623986
29.6747	-2.0876	1.9102	51.1000	55.0000	739554.623986
29.7747	-2.0876	1.9102	43.7800	55.0000	739554.623986
29.8753	-2.0876	1.9102	36.4600	55.0000	739554.623986
29.9916	-2.0876	1.9102	27.9200	55.0000	739554.623986
30.1084	-2.0876	1.9102	19.3800	55.0000	739554.623986
30.2251	-2.0876	1.9102	13.2800	55.0000	739554.623986
30.3419	-2.0876	1.9102	13.2800	55.0000	739554.623986
30.4586	-2.0876	1.9102	13.2800	55.0000	739554.623986
30.5587	-2.0876	1.9102	13.2800	55.0000	739554.623986
30.6588	-2.0876	1.9102	9.6200	55.0000	739554.623986
30.7589	-2.0876	1.9102	2.3000	55.0000	739554.623986
30.8593	-2.0876	1.9102	-1.3600	55.0000	739554.623986
30.9758	-2.0876	1.9102	-1.3600	55.0000	739554.623986
31.0925	-2.1476	1.9088	-1.3600	55.0000	739554.623986
31.1930	-2.2076	1.9074	-1.3600	55.0000	739554.623986
31.3094	-2.2676	1.9060	-1.3600	55.0000	739554.623986
31.4095	-2.3076	1.9050	-1.3600	55.0000	739554.623986
31.5097	-2.3876	1.9031	-1.3600	55.0000	739554.623986
31.6098	-2.5075	1.9003	-1.3600	55.0000	739554.623986
31.7099	-2.6275	1.8974	-1.3600	55.0000	739554.623986
31.8265	-2.7675	1.8941	-1.3600	55.0000	739554.623986
31.9266	-2.8874	1.8913	-1.3600	55.0000	739554.623986
32.0435	-2.9611	1.8754	-1.3600	55.0000	739554.623986
32.1604	-2.9611	1.8754	-1.3600	55.0000	739554.623986
32.2770	-2.9611	1.8754	-1.3600	55.0000	739554.623986
32.3940	-2.9611	1.8754	-1.3600	55.0000	739554.623986
32.5104	-3.0411	1.8735	-1.3600	55.0000	739554.623986
32.6106	-3.1411	1.8711	-1.3600	55.0000	739554.623986
32.7107	-3.2610	1.8683	-1.3600	55.0000	739554.623986
32.8274	-3.3210	1.8668	-1.3600	55.0000	739554.623986
32.9274	-3.3210	1.8668	-1.3600	55.0000	739554.623986
33.0275	-3.3210	1.8668	2.3000	55.0000	739554.623986
33.1277	-3.3210	1.8668	9.6200	55.0000	739554.623986
33.2277	-3.3210	1.8668	16.9400	55.0000	739554.623986
33.3279	-3.3210	1.8668	24.2600	55.0000	739554.623986
33.4446	-3.3210	1.8668	32.8000	55.0000	739554.623986
33.5447	-3.3210	1.8668	40.1200	55.0000	739554.623986
33.6448	-3.3210	1.8668	47.4400	55.0000	739554.623986
33.7615	-3.3210	1.8668	55.9800	55.0000	739554.623986
33.8783	-3.3210	1.8668	64.5200	55.0000	739554.623986
33.9785	-3.3210	1.8668	71.8400	55.0000	739554.623986
34.0961	-3.3210	1.8668	80.3800	55.0000	739554.623986
34.2119	-3.3210	1.8668	85.2600	55.0000	739554.623986
34.3128	-3.3210	1.8668	85.2600	55.0000	739554.623986
34.4288	-3.3210	1.8668	85.2600	55.0000	739554.623986
34.5289	-3.3309	1.9864	85.2600	55.0000	739554.623986
34.6457	-3.3309	1.9864	85.2600	55.0000	739554.623986
34.7459	-3.3408	2.1060	85.2600	55.0000	739554.623986
34.8626	-3.3425	2.1259	85.2600	55.0000	739554.623986
34.9793	-3.3491	2.2057	85.2600	55.0000	739554.623986
35.0794	-3.3508	2.2256	85.2600	55.0000	739554.623986
35.1795	-3.3574	2.3053	85.2600	55.0000	739554.623986
35.2795	-3.3623	2.3651	85.2600	55.0000	739554.623986
35.3797	-3.3656	2.4050	85.2600	55.0000	739554.623986
35.4798	-3.3756	2.5246	85.2600	55.0000	739554.623986
35.5799	-3.3855	2.6442	85.2600	55.0000	739554.623986
35.6799	-3.3954	2.7638	85.2600	55.0000	739554.623986
35.7802	-3.4053	2.8833	85.2600	55.0000	739554.623986
35.8803	-3.4152	3.0029	85.2600	55.0000	739554.623986
35.9969	-3.4235	3.1026	85.2600	55.0000	739554.623986
36.0971	-3.4235	3.1026	85.2600	55.0000	739554.623986
36.2138	-3.4235	3.1026	81.6000	55.0000	739554.623986
36.3139	-3.4235	3.1026	74.2800	55.0000	739554.623986
36.4140	-3.4235	3.1026	66.9600	55.0000	739554.623986
36.5306	-3.4235	3.1026	58.4200	55.0000	739554.623986
36.6307	-3.4235	3.1026	51.1000	55.0000	739554.623986
36.7475	-3.4235	3.1026	42.5600	55.0000	739554.623986
36.8476	-3.4235	3.1026	35.2400	55.0000	739554.623986
36.9478	-3.4235	3.1026	27.9200	55.0000	739554.623986
37.0645	-3.4235	3.1026	19.3800	55.0000	739554.623986
37.1646	-3.4235	3.1026	14.5000	55.0000	739554.623986
37.2646	-3.4235	3.1026	14.5000	55.0000	739554.623986
37.3815	-3.4235	3.1026	14.5000	55.0000	739554.623986
37.4982	-3.4235	3.1026	14.5000	55.0000	739554.623986
37.5984	-3.4235	3.1026	14.5000	55.0000	739554.623986
37.7151	-3.4235	3.1026	15.7200	55.0000	739554.623986
37.8321	-3.4235	3.1026	24.2600	55.0000	739554.623986
37.9485	-3.4235	3.1026	27.9200	55.0000	739554.623986
38.0487	-3.4235	3.1026	31.5800	55.0000	739554.623986
38.1488	-3.4235	3.1026	31.5800	55.0000	739554.623986
38.2490	-3.4235	3.1026	31.5800	55.0000	739554.623986
38.3659	-3.4235	3.1026	31.5800	55.0000	739554.623986
38.4825	-3.4405	3.1131	31.5800	55.0000	739554.623986
38.5992	-3.5257	3.1654	31.5800	55.0000	739554.623986
38.6993	-3.5257	3.1654	31.5800	55.0000	739554.623986
38.7994	-3.5768	3.1969	31.5800	55.0000	739554.623986
38.8997	-3.6450	3.2388	31.5800	55.0000	739554.623986
38.9998	-3.6450	3.2388	31.5800	55.0000	739554.623986
39.1165	-3.6450	3.2388	31.5800	55.0000	739554.623986
39.2330	-3.6450	3.2388	31.5800	55.0000	739554.623986
39.3335	-3.6450	3.2388	24.2600	55.0000	739554.623986
39.4501	-3.6450	3.2388	15.7200	55.0000	739554.623986
39.5667	-3.6450	3.2388	7.1800	55.0000	739554.623986
39.6669	-3.6450	3.2388	1.0800	55.0000	739554.623986
39.7836	-3.6450	3.2388	1.0800	55.0000	739554.623986
39.8837	-3.6450	3.2388	1.0800	55.0000	739554.623986
40.0005	-3.7250	3.2403	1.0800	55.0000	739554.623986
40.1006	-3.8449	3.2425	1.0800	55.0000	739554.623986
40.2173	-3.9849	3.2452	1.0800	55.0000	739554.623986
40.3175	-4.1049	3.2474	1.0800	55.0000	739554.623986
40.4341	-4.2449	3.2501	1.0800	55.0000	739554.623986
40.5342	-4.3648	3.2523	1.0800	55.0000	739554.623986
40.6343	-4.4848	3.2546	1.0800	55.0000	739554.623986
40.7514	-4.6248	3.2572	1.0800	55.0000	739554.623986
40.8679	-4.7048	3.2587	1.0800	55.0000	739554.623986
40.9681	-4.8048	3.2606	1.0800	55.0000	739554.623986
41.0847	-4.8048	3.2606	1.0800	55.0000	739554.623986
41.1848	-4.8048	3.2606	1.0800	55.0000	739554.623986
41.3016	-4.8048	3.2606	1.0800	55.0000	739554.623986
41.4018	-4.8048	3.2606	-6.2400	55.0000	739554.623986
41.5185	-4.8048	3.2606	-14.7800	55.0000	739554.623986
41.6353	-4.8048	3.2606	-23.3200	55.0000	739554.623986
41.7354	-4.8048	3.2606	-30.6400	55.0000	739554.623986
41.8522	-4.8048	3.2606	-39.1800	55.0000	739554.623986
41.9689	-4.8048	3.2606	-47.7200	55.0000	739554.623986
42.0857	-4.8048	3.2606	-56.2600	55.0000	739554.623986
42.1858	-4.8048	3.2606	-63.5800	55.0000	739554.623986
42.3025	-4.8048	3.2606	-72.1200	55.0000	739554.623986
42.4026	-4.8048	3.2606	-79.4400	55.0000	739554.623986
42.5027	-4.8048	3.2606	-86.7600	55.0000	739554.623986
42.6194	-4.8048	3.2606	-94.0800	55.0000	739554.623986
42.7195	-4.8048	3.2606	-94.0800	55.0000	739554.623986
42.8362	-4.8048	3.2606	-94.0800	55.0000	739554.623986
42.9363	-4.8048	3.2606	-94.0800	55.0000	739554.623986
43.0364	-4.8048	3.2606	-94.0800	55.0000	739554.623986
43.1365	-4.8048	3.2606	-94.0800	55.0000	739554.623986
43.2367	-4.8048	3.2606	-94.0800	55.0000	739554.623986
43.3368	-4.8048	3.2606	-94.0800	55.0000	739554.623986
43.4369	-4.8048	3.2606	-94.0800	55.0000	739554.623986
43.5371	-4.8048	3.2606	-94.0800	55.0000	739554.623986
43.6539	-4.8048	3.2606	-94.0800	55.0000	739554.623986
43.7705	-4.7977	3.1609	-94.0800	55.0000	739554.623986
43.8873	-4.7877	3.0212	-94.0800	55.0000	739554.623986
43.9873	-4.7792	2.9015	-94.0800	55.0000	739554.623986
44.0875	-4.7706	2.7818	-94.0800	55.0000	739554.623986
44.2042	-4.7607	2.6422	-94.0800	55.0000	739554.623986
44.3044	-4.7521	2.5225	-94.0800	55.0000	739554.623986
44.4210	-4.7422	2.3829	-94.0800	55.0000	739554.623986
44.5380	-4.7322	2.2432	-94.0800	55.0000	739554.623986
44.6545	-4.7222	2.1036	-94.0800	55.0000	739554.623986
44.7547	-4.7137	1.9839	-94.0800	55.0000	739554.623986
44.8549	-4.7052	1.8642	-94.0800	55.0000	739554.623986
44.9550	-4.6966	1.7445	-94.0800	55.0000	739554.623986
45.0716	-4.6867	1.6048	-94.0800	55.0000	739554.623986
45.1716	-4.6781	1.4851	-94.0800	55.0000	739554.623986
45.2718	-4.6696	1.3654	-94.0800	55.0000	739554.623986
45.3719	-4.6615	1.2457	-92.8600	55.0000	739554.623986
45.4887	-4.6629	1.1458	-84.3200	55.0000	739554.623986
45.6054	-4.6629	1.1458	-75.7800	55.0000	739554.623986
45.7058	-4.6629	1.1458	-68.4600	55.0000	739554.623986
45.8224	-4.6629	1.1458	-59.9200	55.0000	739554.623986
45.9390	-4.6629	1.1458	-51.3800	55.0000	739554.623986
46.0391	-4.6629	1.1458	-44.0600	55.0000	739554.623986
46.1392	-4.6629	1.1458	-40.4000	55.0000	739554.623986
46.2560	-4.6629	1.1458	-40.4000	55.0000	739554.623986
46.3563	-4.6629	1.1458	-40.4000	55.0000	739554.623986
46.4729	-4.6629	1.1458	-40.4000	55.0000	739554.623986
46.5731	-4.6629	1.1458	-47.7200	55.0000	739554.623986
46.6897	-4.6629	1.1458	-56.2600	55.0000	739554.623986
46.7919	-4.6629	1.1458	-63.5800	55.0000	739554.623986
46.9067	-4.6629	1.1458	-64.8000	55.0000	739554.623986
47.0234	-4.6629	1.1458	-64.8000	55.0000	739554.623986
47.1400	-4.6714	1.1277	-64.8000	55.0000	739554.623986
47.2402	-4.7225	1.0191	-64.8000	55.0000	739554.623986
47.3403	-4.7736	0.9105	-64.8000	55.0000	739554.623986
47.4405	-4.8247	0.8019	-64.8000	55.0000	739554.623986
47.5574	-4.8843	0.6753	-64.8000	55.0000	739554.623986
47.6739	-4.8928	0.6572	-64.8000	55.0000	739554.623986
47.7741	-4.8928	0.6572	-69.6800	55.0000	739554.623986
47.8743	-4.8928	0.6572	-77.0000	55.0000	739554.623986
47.9908	-4.8928	0.6572	-85.5400	55.0000	739554.623986
48.0910	-4.8928	0.6572	-92.8600	55.0000	739554.623986
48.1910	-4.8928	0.6572	-100.1800	55.0000	739554.623986
48.2912	-4.8928	0.6572	-107.5000	55.0000	739554.623986
48.3914	-4.8928	0.6572	-114.8200	55.0000	739554.623986
48.4921	-4.8928	0.6572	-122.1400	55.0000	739554.623986
48.6079	-4.8928	0.6572	-130.6800	55.0000	739554.623986
48.7082	-4.8928	0.6572	-138.0000	55.0000	739554.623986
48.8086	-4.8928	0.6572	-145.3200	55.0000	739554.623986
48.9250	-4.8928	0.6572	-153.8600	55.0000	739554.623986
49.0419	-4.8928	0.6572	-161.1800	55.0000	739554.623986
49.1423	-4.8928	0.6572	-161.1800	55.0000	739554.623986
49.2586	-4.8928	0.6572	-161.1800	55.0000	739554.623986
49.3588	-4.8928	0.6572	-161.1800	55.0000	739554.623986
49.4755	-4.8928	0.6572	-161.1800	55.0000	739554.623986
49.5756	-4.8928	0.6572	-161.1800	55.0000	739554.623986
49.6924	-4.8928	0.6572	-156.3000	55.0000	739554.623986
49.8091	-4.8928	0.6572	-147.7600	55.0000	739554.623986
49.9093	-4.8928	0.6572	-140.4400	55.0000	739554.623986
50.0094	-4.8928	0.6572	-133.1200	55.0000	739554.623986
50.1095	-4.8928	0.6572	-125.8000	55.0000	739554.623986
50.2262	-4.8928	0.6572	-117.2600	55.0000	739554.623986
50.3429	-4.8928	0.6572	-108.7200	55.0000	739554.623986
50.4431	-4.8928	0.6572	-101.4000	55.0000	739554.623986
50.5433	-4.8928	0.6572	-94.0800	55.0000	739554.623986
50.6598	-4.8928	0.6572	-85.5400	55.0000	739554.623986
50.7599	-4.8928	0.6572	-78.2200	55.0000	739554.623986
50.8600	-4.8928	0.6572	-70.9000	55.0000	739554.623986
50.9601	-4.8928	0.6572	-63.5800	55.0000	739554.623986
51.0604	-4.8928	0.6572	-56.2600	55.0000	739554.623986
51.1770	-4.8928	0.6572	-47.7200	55.0000	739554.623986
51.2770	-4.8928	0.6572	-40.4000	55.0000	739554.623986
51.3772	-4.8928	0.6572	-33.0800	55.0000	739554.623986
51.4939	-4.8928	0.6572	-24.5400	55.0000	739554.623986
51.6108	-4.8928	0.6572	-16.0000	55.0000	739554.623986
51.7115	-4.8928	0.6572	-8.6800	55.0000	739554.623986
51.8125	-4.8928	0.6572	-1.3600	55.0000	739554.623986
51.9126	-4.8928	0.6572	5.9600	55.0000	739554.623986
52.0277	-4.8928	0.6572	14.5000	55.0000	739554.623986
52.1278	-4.8928	0.6572	14.5000	55.0000	739554.623986
52.2279	-4.8928	0.6572	14.5000	55.0000	739554.623986
52.3281	-4.8928	0.6572	15.7200	55.0000	739554.623986
52.4295	-4.8928	0.6572	23.0400	55.0000	739554.623986
52.5449	-4.8928	0.6572	29.1400	55.0000	739554.623986
52.6616	-4.8928	0.6572	29.1400	55.0000	739554.623986
52.7617	-4.8928	0.6572	35.2400	55.0000	739554.623986
52.8619	-4.8928	0.6572	42.5600	55.0000	739554.623986
52.9620	-4.8928	0.6572	45.0000	55.0000	739554.623986
53.0787	-4.8928	0.6572	48.6600	55.0000	739554.623986
53.1788	-4.8928	0.6572	52.3200	55.0000	739554.623986
53.2789	-4.8928	0.6572	52.3200	55.0000	739554.623986
53.3957	-4.8928	0.6572	52.3200	55.0000	739554.623986
53.5124	-4.8928	0.6572	52.3200	55.0000	739554.623986
53.6126	-4.8928	0.6572	52.3200	55.0000	739554.623986
53.7291	-4.8928	0.6572	52.3200	55.0000	739554.623986
53.8295	-4.8928	0.6572	52.3200	55.0000	739554.623986
53.9460	-4.8928	0.6572	52.3200	55.0000	739554.623986
54.0462	-4.8928	0.6572	52.3200	55.0000	739554.623986
54.1462	-4.8928	0.6572	45.0000	55.0000	739554.623986
54.2464	-4.8928	0.6572	42.5600	55.0000	739554.623986
54.3465	-4.8928	0.6572	42.5600	55.0000	739554.623986
54.4466	-4.9370	0.6977	42.5600	55.0000	739554.623986
54.5633	-4.9812	0.7383	42.5600	55.0000	739554.623986
54.6801	-5.0696	0.8195	42.5600	55.0000	739554.623986
54.7803	-5.0990	0.8465	42.5600	55.0000	739554.623986
54.8969	-5.0990	0.8465	42.5600	55.0000	739554.623986
54.9970	-5.0990	0.8465	42.5600	55.0000	739554.623986
55.0971	-5.0990	0.8465	43.7800	55.0000	739554.623986
55.2138	-5.0990	0.8465	52.3200	55.0000	739554.623986
55.3141	-5.0990	0.8465	59.6400	55.0000	739554.623986
55.4141	-5.0990	0.8465	66.9600	55.0000	739554.623986
55.5142	-5.0990	0.8465	74.2800	55.0000	739554.623986
55.6143	-5.0990	0.8465	81.6000	55.0000	739554.623986
55.7143	-5.0990	0.8465	82.8200	55.0000	739554.623986
55.8144	-5.0990	0.8465	82.8200	55.0000	739554.623986
55.9314	-5.1133	0.9333	82.8200	55.0000	739554.623986
56.0481	-5.1352	1.0489	82.8200	55.0000	739554.623986
56.1648	-5.1527	1.1878	82.8200	55.0000	739554.623986
56.2650	-5.1677	1.3069	82.8200	55.0000	739554.623986
56.3816	-5.1852	1.4458	82.8200	55.0000	739554.623986
56.4817	-5.2002	1.5649	82.8200	55.0000	739554.623986
56.5818	-5.2152	1.6839	82.8200	55.0000	739554.623986
56.6986	-5.2327	1.8228	82.8200	55.0000	739554.623986
56.8153	-5.2502	1.9617	82.8200	55.0000	739554.623986
56.9154	-5.2652	2.0808	82.8200	55.0000	739554.623986
57.0156	-5.2802	2.1998	82.8200	55.0000	739554.623986
57.1322	-5.2977	2.3387	82.8200	55.0000	739554.623986
57.2324	-5.3127	2.4578	82.8200	55.0000	739554.623986
57.3325	-5.3177	2.4975	82.8200	55.0000	739554.623986
57.4326	-5.3177	2.4975	82.8200	55.0000	739554.623986
57.5493	-5.3177	2.4975	82.8200	55.0000	739554.623986
57.6494	-5.3202	2.5173	82.8200	55.0000	739554.623986
57.7495	-5.3352	2.6364	82.8200	55.0000	739554.623986
57.8495	-5.3502	2.7554	82.8200	55.0000	739554.623986
57.9497	-5.3652	2.8745	82.8200	55.0000	739554.623986
58.0498	-5.3802	2.9936	82.8200	55.0000	739554.623986
58.1666	-5.3977	3.1325	82.8200	55.0000	739554.623986
58.2833	-5.4152	3.2714	82.8200	55.0000	739554.623986
58.3833	-5.4302	3.3904	82.8200	55.0000	739554.623986
58.4836	-5.4302	3.3904	82.8200	55.0000	739554.623986
58.6002	-5.4302	3.3904	82.8200	55.0000	739554.623986
58.7003	-5.4302	3.3904	82.8200	55.0000	739554.623986
58.8170	-5.4327	3.4103	82.8200	55.0000	739554.623986
58.9172	-5.4477	3.5293	82.8200	55.0000	739554.623986
59.0173	-5.4627	3.6484	82.8200	55.0000	739554.623986
59.1174	-5.4777	3.7674	82.8200	55.0000	739554.623986
59.2176	-5.4927	3.8865	82.8200	55.0000	739554.623986
59.3342	-5.5102	4.0254	82.8200	55.0000	739554.623986
59.4344	-5.5164	4.0851	88.9200	55.0000	739554.623986
59.5513	-5.5164	4.0851	97.4600	55.0000	739554.623986
59.6679	-5.5164	4.0851	106.0000	55.0000	739554.623986
59.7680	-5.5164	4.0851	113.3200	55.0000	739554.623986
59.8849	-5.5164	4.0851	121.8600	55.0000	739554.623986
60.0016	-5.5164	4.0851	130.4000	55.0000	739554.623986
60.1182	-5.5164	4.0851	138.9400	55.0000	739554.623986
60.2184	-5.5164	4.0851	140.1600	55.0000	739554.623986
60.3352	-5.5164	4.0851	140.1600	55.0000	739554.623986
60.4352	-5.5164	4.0851	140.1600	55.0000	739554.623986
60.5354	-5.5164	4.0851	147.4800	55.0000	739554.623986
60.6521	-5.5164	4.0851	156.0200	55.0000	739554.623986
60.7523	-5.5164	4.0851	163.3400	55.0000	739554.623986
60.8690	-5.5164	4.0851	169.4400	55.0000	739554.623986
60.9858	-5.5164	4.0851	169.4400	55.0000	739554.623986
61.1024	-5.5164	4.0851	169.4400	55.0000	739554.623986
61.2026	-5.3985	4.1071	169.4400	55.0000	739554.623986
61.3028	-5.2805	4.1291	169.4400	55.0000	739554.623986
61.4194	-5.1429	4.1547	169.4400	55.0000	739554.623986
61.5197	-5.0249	4.1767	169.4400	55.0000	739554.623986
61.6363	-4.8873	4.2024	169.4400	55.0000	739554.623986
61.7365	-4.7693	4.2244	169.4400	55.0000	739554.623986
61.8531	-4.6317	4.2500	169.4400	55.0000	739554.623986
61.9699	-4.4940	4.2757	169.4400	55.0000	739554.623986
62.0701	-4.3761	4.2977	169.4400	55.0000	739554.623986
62.1869	-4.2384	4.3233	169.4400	55.0000	739554.623986
62.2870	-4.1205	4.3453	169.4400	55.0000	739554.623986
62.4037	-3.9828	4.3710	169.4400	55.0000	739554.623986
62.5204	-3.8455	4.3979	167.0000	55.0000	739554.623986
62.6205	-3.7310	4.4335	159.6800	55.0000	739554.623986
62.7207	-3.7124	4.4408	152.3600	55.0000	739554.623986
62.8374	-3.7124	4.4408	143.8200	55.0000	739554.623986
62.9541	-3.7124	4.4408	135.2800	55.0000	739554.623986
63.0542	-3.7124	4.4408	127.9600	55.0000	739554.623986
63.1545	-3.7124	4.4408	120.6400	55.0000	739554.623986
63.2711	-3.7124	4.4408	112.1000	55.0000	739554.623986
63.3713	-3.7124	4.4408	104.7800	55.0000	739554.623986
63.4879	-3.7124	4.4408	96.2400	55.0000	739554.623986
63.5881	-3.7124	4.4408	88.9200	55.0000	739554.623986
63.7047	-3.7265	4.5800	81.6000	55.0000	739554.623986
63.8218	-3.7469	4.7185	81.6000	55.0000	739554.623986
63.9383	-3.7674	4.8570	81.6000	55.0000	739554.623986
64.0384	-3.7849	4.9757	81.6000	55.0000	739554.623986
64.1385	-3.8024	5.0944	81.6000	55.0000	739554.623986
64.2386	-3.8200	5.2131	81.6000	55.0000	739554.623986
64.3386	-3.8316	5.2923	81.6000	55.0000	739554.623986
64.4388	-3.8316	5.2923	75.5000	55.0000	739554.623986
64.5390	-3.8316	5.2923	68.1800	55.0000	739554.623986
64.6557	-3.8316	5.2923	59.6400	55.0000	739554.623986
64.7725	-3.8316	5.2923	51.1000	55.0000	739554.623986
64.8892	-3.8316	5.2923	42.5600	55.0000	739554.623986
64.9895	-3.8316	5.2923	35.2400	55.0000	739554.623986
65.1059	-3.8316	5.2923	26.7000	55.0000	739554.623986
65.2062	-3.8316	5.2923	19.3800	55.0000	739554.623986
65.3064	-3.8316	5.2923	18.1600	55.0000	739554.623986
65.4231	-3.8696	5.3047	18.1600	55.0000	739554.623986
65.5397	-4.0027	5.3484	18.1600	55.0000	739554.623986
65.6398	-4.1167	5.3858	18.1600	55.0000	739554.623986
65.7400	-4.2307	5.4232	18.1600	55.0000	739554.623986
65.8567	-4.3637	5.4668	18.1600	55.0000	739554.623986
65.9735	-4.4968	5.5105	18.1600	55.0000	739554.623986
66.0736	-4.6108	5.5479	18.1600	55.0000	739554.623986
66.1737	-4.7248	5.5853	18.1600	55.0000	739554.623986
66.2739	-4.8388	5.6227	18.1600	55.0000	739554.623986
66.3905	-4.9719	5.6663	18.1600	55.0000	739554.623986
66.4906	-5.0859	5.7037	18.1600	55.0000	739554.623986
66.5907	-5.1999	5.7411	18.1600	55.0000	739554.623986
66.6909	-5.3139	5.7785	18.1600	55.0000	739554.623986
66.8076	-5.4470	5.8221	18.1600	55.0000	739554.623986
66.9078	-5.5610	5.8595	18.1600	55.0000	739554.623986
67.0244	-5.6940	5.9032	18.1600	55.0000	739554.623986
67.1245	-5.8080	5.9406	18.1600	55.0000	739554.623986
67.2413	-5.9411	5.9842	18.1600	55.0000	739554.623986
67.3417	-6.0551	6.0216	18.1600	55.0000	739554.623986
67.4581	-6.1881	6.0652	18.1600	55.0000	739554.623986
0.1164	0.0000	0.0000	45.0000	55.0000	739554.652536
0.2331	0.0000	0.0000	45.0000	55.0000	739554.652536
0.3497	0.0000	0.0000	45.0000	55.0000	739554.652536
0.4498	0.0000	0.0000	48.6600	55.0000	739554.652536
0.5499	0.0000	0.0000	55.9800	55.0000	739554.652536
0.6500	0.0000	0.0000	63.3000	55.0000	739554.652536
0.7501	0.0000	0.0000	69.4000	55.0000	739554.652536
0.8501	0.0000	0.0000	69.4000	55.0000	739554.652536
0.9669	0.0000	0.0000	69.4000	55.0000	739554.652536
1.0669	-0.0352	0.0936	69.4000	55.0000	739554.652536
1.1672	-0.0774	0.2059	69.4000	55.0000	739554.652536
1.2673	-0.1196	0.3183	69.4000	55.0000	739554.652536
1.3840	-0.1689	0.4493	69.4000	55.0000	739554.652536
1.5006	-0.2181	0.5804	69.4000	55.0000	739554.652536
1.6008	-0.2604	0.6927	69.4000	55.0000	739554.652536
1.7009	-0.3022	0.8052	70.6200	55.0000	739554.652536
1.8010	-0.3334	0.9209	77.9400	55.0000	739554.652536
1.9010	-0.3501	1.0397	84.0400	55.0000	739554.652536
2.0013	-0.3626	1.1591	84.0400	55.0000	739554.652536
2.1182	-0.3771	1.2983	84.0400	55.0000	739554.652536
2.2347	-0.3917	1.4375	84.0400	55.0000	739554.652536
2.3516	-0.4062	1.5768	84.0400	55.0000	739554.652536
2.4682	-0.4207	1.7160	84.0400	55.0000	739554.652536
2.5850	-0.4353	1.8553	84.0400	55.0000	739554.652536
2.6853	-0.4477	1.9746	84.0400	55.0000	739554.652536
2.8019	-0.4623	2.1139	84.0400	55.0000	739554.652536
2.9187	-0.4768	2.2531	84.0400	55.0000	739554.652536
3.0189	-0.4803	2.3730	91.3600	55.0000	739554.652536
3.1356	-0.4656	2.5121	98.6800	55.0000	739554.652536
3.2523	-0.4444	2.6505	98.6800	55.0000	739554.652536
3.3524	-0.4263	2.7691	98.6800	55.0000	739554.652536
3.4525	-0.4082	2.8877	98.6800	55.0000	739554.652536
3.5526	-0.3901	3.0064	98.6800	55.0000	739554.652536
3.6693	-0.3690	3.1448	98.6800	55.0000	739554.652536
3.7860	-0.3478	3.2832	98.6800	55.0000	739554.652536
3.8862	-0.3297	3.4018	98.6800	55.0000	739554.652536
4.0030	-0.3086	3.5402	98.6800	55.0000	739554.652536
4.1031	-0.2905	3.6588	98.6800	55.0000	739554.652536
4.2032	-0.2724	3.7774	98.6800	55.0000	739554.652536
4.3199	-0.2513	3.9158	98.6800	55.0000	739554.652536
4.4367	-0.2301	4.0542	98.6800	55.0000	739554.652536
4.5368	-0.2209	4.1738	91.3600	55.0000	739554.652536
4.6536	-0.2295	4.3134	82.8200	55.0000	739554.652536
4.7703	-0.2587	4.4502	74.2800	55.0000	739554.652536
4.8870	-0.3079	4.5811	65.7400	55.0000	739554.652536
5.0038	-0.3760	4.7033	57.2000	55.0000	739554.652536
5.1205	-0.4615	4.8140	48.6600	55.0000	739554.652536
5.2207	-0.5472	4.8979	41.3400	55.0000	739554.652536
5.3373	-0.6597	4.9810	32.8000	55.0000	739554.652536
5.4378	-0.7651	5.0383	25.4800	55.0000	739554.652536
5.5545	-0.8960	5.0875	16.9400	55.0000	739554.652536
5.6711	-0.9654	5.1213	8.4000	55.0000	739554.652536
5.7713	-1.0638	5.1334	1.0800	55.0000	739554.652536
5.8879	-1.2034	5.1242	-7.4600	55.0000	739554.652536
5.9881	-1.2034	5.1242	-14.7800	55.0000	739554.652536
6.0881	-1.2034	5.1242	-22.1000	55.0000	739554.652536
6.2048	-1.2034	5.1242	-30.6400	55.0000	739554.652536
6.3049	-1.2034	5.1242	-37.9600	55.0000	739554.652536
6.4051	-1.2034	5.1242	-45.2800	55.0000	739554.652536
6.5217	-1.2930	5.0168	-53.8200	55.0000	739554.652536
6.6221	-1.3564	4.9150	-61.1400	55.0000	739554.652536
6.7388	-1.4132	4.7872	-69.6800	55.0000	739554.652536
6.8556	-1.4618	4.6559	-69.6800	55.0000	739554.652536
6.9722	-1.5105	4.5246	-69.6800	55.0000	739554.652536
7.0724	-1.5521	4.4121	-69.6800	55.0000	739554.652536
7.1726	-1.5938	4.2995	-69.6800	55.0000	739554.652536
7.2891	-1.6077	4.2620	-70.9000	55.0000	739554.652536
7.3894	-1.6077	4.2620	-78.2200	55.0000	739554.652536
7.5061	-1.6077	4.2620	-86.7600	55.0000	739554.652536
7.6229	-1.6077	4.2620	-95.3000	55.0000	739554.652536
7.7396	-1.6077	4.2620	-103.8400	55.0000	739554.652536
7.8397	-1.5745	4.1467	-106.2800	55.0000	739554.652536
7.9564	-1.5352	4.0123	-106.2800	55.0000	739554.652536
8.0565	-1.5016	3.8971	-106.2800	55.0000	739554.652536
8.1571	-1.4679	3.7819	-106.2800	55.0000	739554.652536
8.2734	-1.4287	3.6476	-106.2800	55.0000	739554.652536
8.3735	-1.3951	3.5324	-106.2800	55.0000	739554.652536
8.4903	-1.3645	3.3959	-98.9600	55.0000	739554.652536
8.5906	-1.3563	3.3163	-91.6400	55.0000	739554.652536
8.7071	-1.3563	3.3163	-83.1000	55.0000	739554.652536
8.8238	-1.3563	3.3163	-74.5600	55.0000	739554.652536
8.9240	-1.3563	3.3163	-67.2400	55.0000	739554.652536
9.0408	-1.3563	3.3163	-64.8000	55.0000	739554.652536
9.1574	-1.3563	3.3163	-70.9000	55.0000	739554.652536
9.2576	-1.3563	3.3163	-78.2200	55.0000	739554.652536
9.3579	-1.3595	3.2966	-80.6600	55.0000	739554.652536
9.4744	-1.3822	3.1584	-80.6600	55.0000	739554.652536
9.5747	-1.4017	3.0400	-80.6600	55.0000	739554.652536
9.6914	-1.4244	2.9019	-80.6600	55.0000	739554.652536
9.7916	-1.4439	2.7835	-80.6600	55.0000	739554.652536
9.9083	-1.4679	2.6456	-78.2200	55.0000	739554.652536
10.0249	-1.5080	2.5116	-69.6800	55.0000	739554.652536
10.1251	-1.5579	2.4025	-62.3600	55.0000	739554.652536
10.2418	-1.6331	2.2846	-53.8200	55.0000	739554.652536
10.3585	-1.7249	2.1791	-45.2800	55.0000	739554.652536
10.4587	-1.8154	2.1004	-37.9600	55.0000	739554.652536
10.5589	-1.8643	2.0497	-30.6400	55.0000	739554.652536
10.6758	-1.8693	2.0183	-22.1000	55.0000	739554.652536
10.7922	-1.8602	1.9957	-13.5600	55.0000	739554.652536
10.8925	-1.8565	1.9817	-6.2400	55.0000	739554.652536
11.0091	-1.8735	1.9757	2.3000	55.0000	739554.652536
11.1093	-1.8701	1.9800	9.6200	55.0000	739554.652536
11.2260	-1.8617	1.9979	18.1600	55.0000	739554.652536
11.3428	-1.8577	2.0313	26.7000	55.0000	739554.652536
11.4429	-1.8577	2.0313	27.9200	55.0000	739554.652536
11.5597	-1.8577	2.0313	19.3800	55.0000	739554.652536
11.6598	-1.8577	2.0313	12.0600	55.0000	739554.652536
11.7766	-1.8577	2.0313	3.5200	55.0000	739554.652536
11.8933	-1.8577	2.0313	-5.0200	55.0000	739554.652536
11.9935	-1.8577	2.0313	-12.3400	55.0000	739554.652536
12.1101	-1.8577	2.0313	-20.8800	55.0000	739554.652536
12.2102	-1.8577	2.0313	-28.2000	55.0000	739554.652536
12.3269	-1.8577	2.0313	-29.4200	55.0000	739554.652536
12.4271	-1.8577	2.0313	-29.4200	55.0000	739554.652536
12.5273	-1.8577	2.0117	-29.4200	55.0000	739554.652536
12.6439	-1.8696	1.9651	-29.4200	55.0000	739554.652536
12.7440	-1.8878	1.9175	-29.4200	55.0000	739554.652536
12.8608	-2.0098	1.8487	-29.4200	55.0000	739554.652536
12.9777	-2.1317	1.7800	-29.4200	55.0000	739554.652536
13.0943	-2.2537	1.7112	-29.4200	55.0000	739554.652536
13.1944	-2.3594	1.6545	-25.7600	55.0000	739554.652536
13.2945	-2.4145	1.6308	-18.4400	55.0000	739554.652536
13.4112	-2.4145	1.6308	-9.9000	55.0000	739554.652536
13.5114	-2.4145	1.6308	-2.5800	55.0000	739554.652536
13.6282	-2.4145	1.6308	5.9600	55.0000	739554.652536
13.7448	-2.4145	1.6308	14.5000	55.0000	739554.652536
13.8450	-2.4145	1.6308	21.8200	55.0000	739554.652536
13.9618	-2.4145	1.6308	30.3600	55.0000	739554.652536
14.0620	-2.4145	1.6308	37.6800	55.0000	739554.652536
14.1788	-2.4145	1.6308	46.2200	55.0000	739554.652536
14.2956	-2.4145	1.6308	54.7600	55.0000	739554.652536
14.4120	-2.4145	1.6308	63.3000	55.0000	739554.652536
14.5123	-2.4145	1.6308	70.6200	55.0000	739554.652536
14.6290	-2.4145	1.6308	73.0600	55.0000	739554.652536
14.7291	-2.4145	1.6308	73.0600	55.0000	739554.652536
14.8461	-2.4145	1.6308	73.0600	55.0000	739554.652536
14.9462	-2.4145	1.6308	73.0600	55.0000	739554.652536
15.0629	-2.4145	1.6308	73.0600	55.0000	739554.652536
15.1795	-2.4145	1.6308	70.6200	55.0000	739554.652536
15.2962	-2.4145	1.6308	62.0800	55.0000	739554.652536
15.3965	-2.4145	1.6308	54.7600	55.0000	739554.652536
15.5132	-2.4145	1.6308	46.2200	55.0000	739554.652536
15.6154	-2.4145	1.6308	38.9000	55.0000	739554.652536
15.7305	-2.4145	1.6308	30.3600	55.0000	739554.652536
15.8467	-2.4145	1.6308	21.8200	55.0000	739554.652536
15.9473	-2.4145	1.6308	14.5000	55.0000	739554.652536
16.0637	-2.4145	1.6308	5.9600	55.0000	739554.652536
16.1644	-2.4145	1.6308	5.9600	55.0000	739554.652536
16.2808	-2.4742	1.6370	5.9600	55.0000	739554.652536
16.3809	-2.5935	1.6495	5.9600	55.0000	739554.652536
16.4977	-2.7328	1.6640	5.9600	55.0000	739554.652536
16.6140	-2.8720	1.6785	5.9600	55.0000	739554.652536
16.7142	-2.9910	1.6935	9.6200	55.0000	739554.652536
16.8143	-3.0497	1.7061	16.9400	55.0000	739554.652536
16.9310	-3.0497	1.7061	25.4800	55.0000	739554.652536
17.0311	-3.0497	1.7061	32.8000	55.0000	739554.652536
17.1480	-3.0497	1.7061	41.3400	55.0000	739554.652536
17.2647	-3.0497	1.7061	49.8800	55.0000	739554.652536
17.3814	-3.0497	1.7061	58.4200	55.0000	739554.652536
17.4815	-3.0497	1.7061	59.6400	55.0000	739554.652536
17.5816	-3.0497	1.7061	59.6400	55.0000	739554.652536
17.6984	-3.0800	1.7578	59.6400	55.0000	739554.652536
17.8151	-3.1508	1.8786	59.6400	55.0000	739554.652536
17.9153	-3.2114	1.9822	59.6400	55.0000	739554.652536
18.0321	-3.2822	2.1030	59.6400	55.0000	739554.652536
18.1487	-3.3372	2.2095	66.9600	55.0000	739554.652536
18.2491	-3.3372	2.2095	74.2800	55.0000	739554.652536
18.3657	-3.3372	2.2095	82.8200	55.0000	739554.652536
18.4660	-3.3372	2.2095	90.1400	55.0000	739554.652536
18.5824	-3.3372	2.2095	98.6800	55.0000	739554.652536
18.6826	-3.3138	2.3067	106.0000	55.0000	739554.652536
18.7828	-3.2894	2.4241	98.6800	55.0000	739554.652536
18.8995	-3.2801	2.5637	90.1400	55.0000	739554.652536
19.0162	-3.2813	2.6037	81.6000	55.0000	739554.652536
19.1165	-3.2813	2.6037	74.2800	55.0000	739554.652536
19.2331	-3.2813	2.6037	65.7400	55.0000	739554.652536
19.3331	-3.3306	2.7131	65.7400	55.0000	739554.652536
19.4332	-3.3799	2.8225	65.7400	55.0000	739554.652536
19.5333	-3.4292	2.9319	65.7400	55.0000	739554.652536
19.6335	-3.4785	3.0413	65.7400	55.0000	739554.652536
19.7501	-3.5219	3.1313	59.6400	55.0000	739554.652536
19.8503	-3.5219	3.1313	52.3200	55.0000	739554.652536
19.9504	-3.5219	3.1313	45.0000	55.0000	739554.652536
20.0672	-3.5219	3.1313	36.4600	55.0000	739554.652536
20.1838	-3.5219	3.1313	34.0200	55.0000	739554.652536
20.2840	-3.5219	3.1313	34.0200	55.0000	739554.652536
20.4007	-3.5219	3.1313	32.8000	55.0000	739554.652536
20.5008	-3.5219	3.1313	25.4800	55.0000	739554.652536
20.6176	-3.5219	3.1313	16.9400	55.0000	739554.652536
20.7177	-3.5219	3.1313	16.9400	55.0000	739554.652536
20.8345	-3.5219	3.1313	16.9400	55.0000	739554.652536
20.9347	-3.6367	3.1663	16.9400	55.0000	739554.652536
21.0513	-3.7706	3.2071	16.9400	55.0000	739554.652536
21.1515	-3.8854	3.2420	16.9400	55.0000	739554.652536
21.2681	-4.0194	3.2828	16.9400	55.0000	739554.652536
21.3682	-4.1341	3.3178	16.9400	55.0000	739554.652536
21.4684	-4.2489	3.3528	16.9400	55.0000	739554.652536
21.5685	-4.3637	3.3877	16.9400	55.0000	739554.652536
21.6686	-4.4785	3.4227	16.9400	55.0000	739554.652536
21.7854	-4.6124	3.4635	16.9400	55.0000	739554.652536
21.8857	-4.7272	3.4985	16.9400	55.0000	739554.652536
22.0022	-4.8038	3.5218	16.9400	55.0000	739554.652536
22.1190	-4.8038	3.5218	20.6000	55.0000	739554.652536
22.2356	-4.8038	3.5218	29.1400	55.0000	739554.652536
22.3359	-4.8038	3.5218	36.4600	55.0000	739554.652536
22.4361	-4.8038	3.5218	43.7800	55.0000	739554.652536
22.5527	-4.8038	3.5218	52.3200	55.0000	739554.652536
22.6696	-4.8038	3.5218	53.5400	55.0000	739554.652536
22.7863	-4.8394	3.5700	53.5400	55.0000	739554.652536
22.8864	-4.9107	3.6665	53.5400	55.0000	739554.652536
23.0032	-4.9939	3.7791	53.5400	55.0000	739554.652536
23.1199	-5.0771	3.8917	53.5400	55.0000	739554.652536
23.2201	-5.1474	3.9890	55.9800	55.0000	739554.652536
23.3201	-5.1687	4.0228	63.3000	55.0000	739554.652536
23.4368	-5.1687	4.0228	71.8400	55.0000	739554.652536
23.5535	-5.1687	4.0228	80.3800	55.0000	739554.652536
23.6537	-5.1687	4.0228	87.7000	55.0000	739554.652536
23.7538	-5.1687	4.0228	95.0200	55.0000	739554.652536
23.8704	-5.1687	4.0228	103.5600	55.0000	739554.652536
23.9705	-5.1687	4.0228	110.8800	55.0000	739554.652536
24.0707	-5.1687	4.0228	118.2000	55.0000	739554.652536
24.1874	-5.1687	4.0228	126.7400	55.0000	739554.652536
24.2875	-5.1687	4.0228	132.8400	55.0000	739554.652536
24.4043	-5.1687	4.0228	132.8400	55.0000	739554.652536
24.5210	-5.1687	4.0228	132.8400	55.0000	739554.652536
24.6213	-5.1687	4.0228	132.8400	55.0000	739554.652536
24.7380	-5.1687	4.0228	141.3800	55.0000	739554.652536
24.8380	-5.1687	4.0228	148.7000	55.0000	739554.652536
24.9381	-5.1687	4.0228	156.0200	55.0000	739554.652536
25.0383	-5.1687	4.0228	160.9000	55.0000	739554.652536
25.1384	-5.1498	4.0294	160.9000	55.0000	739554.652536
25.2552	-5.1144	4.0510	160.9000	55.0000	739554.652536
25.3718	-5.0953	4.0810	160.9000	55.0000	739554.652536
25.4720	-5.0615	4.1094	160.9000	55.0000	739554.652536
25.5889	-4.9409	4.1533	160.9000	55.0000	739554.652536
25.7056	-4.8086	4.1991	160.9000	55.0000	739554.652536
25.8222	-4.6763	4.2449	160.9000	55.0000	739554.652536
25.9223	-4.5629	4.2842	160.9000	55.0000	739554.652536
26.0225	-4.4495	4.3235	160.9000	55.0000	739554.652536
26.1391	-4.3172	4.3693	160.9000	55.0000	739554.652536
26.2395	-4.2038	4.4086	160.9000	55.0000	739554.652536
26.3561	-4.0715	4.4544	160.9000	55.0000	739554.652536
26.4727	-3.9407	4.5042	156.0200	55.0000	739554.652536
26.5729	-3.8351	4.5609	148.7000	55.0000	739554.652536
26.6731	-3.7376	4.6307	141.3800	55.0000	739554.652536
26.7898	-3.6361	4.7270	132.8400	55.0000	739554.652536
26.8900	-3.5613	4.8207	125.5200	55.0000	739554.652536
27.0066	-3.5286	4.8710	116.9800	55.0000	739554.652536
27.1072	-3.5286	4.8710	109.6600	55.0000	739554.652536
27.2236	-3.5286	4.8710	101.1200	55.0000	739554.652536
27.3402	-3.5286	4.8710	92.5800	55.0000	739554.652536
27.4403	-3.5286	4.8710	85.2600	55.0000	739554.652536
27.5404	-3.5286	4.8710	77.9400	55.0000	739554.652536
27.6572	-3.5648	4.9853	69.4000	55.0000	739554.652536
27.7573	-3.6152	5.0941	62.0800	55.0000	739554.652536
27.8742	-3.6910	5.2117	53.5400	55.0000	739554.652536
27.9909	-3.7833	5.3167	45.0000	55.0000	739554.652536
28.1076	-3.8903	5.4068	36.4600	55.0000	739554.652536
28.2077	-3.9918	5.4707	29.1400	55.0000	739554.652536
28.3080	-4.1006	5.5212	21.8200	55.0000	739554.652536
28.4246	-4.2344	5.5619	13.2800	55.0000	739554.652536
28.5413	-4.3728	5.5823	4.7400	55.0000	739554.652536
28.6415	-4.4927	5.5838	-1.3600	55.0000	739554.652536
28.7416	-4.6127	5.5813	-0.1400	55.0000	739554.652536
28.8584	-4.7521	5.5929	8.4000	55.0000	739554.652536
28.9751	-4.8882	5.6250	16.9400	55.0000	739554.652536
29.0752	-5.0000	5.6684	24.2600	55.0000	739554.652536
29.1753	-5.1054	5.7257	31.5800	55.0000	739554.652536
29.2922	-5.2209	5.8047	32.8000	55.0000	739554.652536
29.4089	-5.3445	5.8702	24.2600	55.0000	739554.652536
29.5092	-5.4008	5.8702	16.9400	55.0000	739554.652536
29.6256	-5.4865	5.8694	12.0600	55.0000	739554.652536
29.7423	-5.6142	5.8896	12.0600	55.0000	739554.652536
29.8425	-5.7300	5.9209	18.1600	55.0000	739554.652536
29.9592	-5.8587	5.9756	26.7000	55.0000	739554.652536
30.0593	-5.9616	6.0373	34.0200	55.0000	739554.652536
30.1594	-6.0557	6.1116	41.3400	55.0000	739554.652536
