T	X	Y	HEADING	PERPSECTIVE_ANGLE	NOW_NUM
0.1050	0.0000	0.0000	45.0000	55.0000	739668.470599
0.2222	0.0000	0.0000	45.0000	55.0000	739668.470599
0.3251	0.0000	0.0000	45.0000	55.0000	739668.470599
0.4255	0.0000	0.0000	45.0000	55.0000	739668.470599
0.5422	0.0000	0.0000	45.0000	55.0000	739668.470599
0.6430	0.0000	0.0000	45.0000	55.0000	739668.470599
0.7585	0.0000	0.0000	45.0000	55.0000	739668.470599
0.8750	0.0000	0.0000	45.0000	55.0000	739668.470599
0.9753	0.0000	0.0000	45.0000	55.0000	739668.470599
1.0755	0.0000	0.0000	45.0000	55.0000	739668.470599
1.1920	0.0000	0.0000	45.0000	55.0000	739668.470599
1.3086	0.0000	0.0000	45.0000	55.0000	739668.470599
1.4251	0.0000	0.0000	52.3200	55.0000	739668.470599
1.5256	0.0000	0.0000	59.6400	55.0000	739668.470599
1.6420	0.0000	0.0000	59.6400	55.0000	739668.470599
1.7584	-0.0404	0.0690	59.6400	55.0000	739668.470599
1.8749	-0.1112	0.1898	59.6400	55.0000	739668.470599
1.9751	-0.1718	0.2934	59.6400	55.0000	739668.470599
2.0751	-0.2325	0.3969	59.6400	55.0000	739668.470599
2.1921	-0.2953	0.5219	66.9600	55.0000	739668.470599
2.3087	-0.3389	0.6548	75.5000	55.0000	739668.470599
2.4252	-0.3623	0.7927	84.0400	55.0000	739668.470599
2.5417	-0.3769	0.9319	84.0400	55.0000	739668.470599
2.6418	-0.3893	1.0513	84.0400	55.0000	739668.470599
2.7587	-0.4038	1.1905	84.0400	55.0000	739668.470599
2.8750	-0.4184	1.3298	84.0400	55.0000	739668.470599
2.9916	-0.4329	1.4690	84.0400	55.0000	739668.470599
3.0919	-0.4454	1.5884	84.0400	55.0000	739668.470599
3.2086	-0.4599	1.7276	84.0400	55.0000	739668.470599
3.3254	-0.4745	1.8669	84.0400	55.0000	739668.470599
3.4423	-0.5008	2.0042	75.5000	55.0000	739668.470599
3.5590	-0.5472	2.1362	66.9600	55.0000	739668.470599
3.6593	-0.6022	2.2427	59.6400	55.0000	739668.470599
3.7754	-0.6829	2.3570	51.1000	55.0000	739668.470599
3.8920	-0.7751	2.4624	48.6600	55.0000	739668.470599
3.9923	-0.8411	2.5374	48.6600	55.0000	739668.470599
4.1087	-0.9336	2.6426	48.6600	55.0000	739668.470599
4.2092	-1.0128	2.7327	48.6600	55.0000	739668.470599
4.3259	-1.1053	2.8378	48.6600	55.0000	739668.470599
4.4420	-1.1978	2.9429	48.6600	55.0000	739668.470599
4.5587	-1.2883	3.0496	52.3200	55.0000	739668.470599
4.6755	-1.3641	3.1672	60.8600	55.0000	739668.470599
4.7919	-1.4215	3.2947	69.4000	55.0000	739668.470599
4.8924	-1.4553	3.4098	76.7200	55.0000	739668.470599
5.0089	-1.4782	3.5071	76.7200	55.0000	739668.470599
5.1091	-1.4782	3.5071	76.7200	55.0000	739668.470599
5.2266	-1.4782	3.5071	76.7200	55.0000	739668.470599
5.3419	-1.5012	3.6045	76.7200	55.0000	739668.470599
5.4590	-1.5150	3.6629	76.7200	55.0000	739668.470599
5.5754	-1.5150	3.6629	76.7200	55.0000	739668.470599
5.6924	-1.4874	3.5461	76.7200	55.0000	739668.470599
5.7925	-1.4599	3.4293	76.7200	55.0000	739668.470599
5.9090	-1.4277	3.2930	76.7200	55.0000	739668.470599
6.0254	-1.3955	3.1568	76.7200	55.0000	739668.470599
6.1263	-1.3680	3.0400	76.7200	55.0000	739668.470599
6.2419	-1.3358	2.9037	76.7200	55.0000	739668.470599
6.3586	-1.3024	2.7678	74.2800	55.0000	739668.470599
6.4587	-1.2614	2.6551	66.9600	55.0000	739668.470599
6.5596	-1.2064	2.5485	59.6400	55.0000	739668.470599
6.6755	-1.1257	2.4343	51.1000	55.0000	739668.470599
6.7921	-1.0289	2.3333	42.5600	55.0000	739668.470599
6.8923	-0.9986	2.3072	40.1200	55.0000	739668.470599
7.0088	-0.9986	2.3072	40.1200	55.0000	739668.470599
7.1090	-1.0904	2.3845	40.1200	55.0000	739668.470599
7.2254	-1.1974	2.4747	40.1200	55.0000	739668.470599
7.3423	-1.3071	2.5616	35.2400	55.0000	739668.470599
7.4586	-1.3071	2.5616	26.7000	55.0000	739668.470599
7.5590	-1.3260	2.5682	19.3800	55.0000	739668.470599
7.6753	-1.4614	2.6033	10.8400	55.0000	739668.470599
7.7924	-1.6005	2.6178	2.3000	55.0000	739668.470599
7.8925	-1.7204	2.6137	-5.0200	55.0000	739668.470599
8.0089	-1.8583	2.5904	-11.1200	55.0000	739668.470599
8.1089	-1.9774	2.5761	-3.8000	55.0000	739668.470599
8.2251	-1.9774	2.5761	4.7400	55.0000	739668.470599
8.3253	-1.9774	2.5761	7.1800	55.0000	739668.470599
8.4255	-1.9774	2.5761	7.1800	55.0000	739668.470599
8.5259	-1.9774	2.5761	7.1800	55.0000	739668.470599
8.6427	-1.9774	2.5761	9.6200	55.0000	739668.470599
8.7587	-1.9774	2.5761	18.1600	55.0000	739668.470599
8.8618	-1.9774	2.5761	25.4800	55.0000	739668.470599
8.9758	-2.0119	2.5964	30.3600	55.0000	739668.470599
9.0920	-2.1327	2.6671	30.3600	55.0000	739668.470599
9.2091	-2.2535	2.7379	30.3600	55.0000	739668.470599
9.3254	-2.3743	2.8086	30.3600	55.0000	739668.470599
9.4424	-2.4572	2.8646	38.9000	55.0000	739668.470599
9.5590	-2.4572	2.8646	47.4400	55.0000	739668.470599
9.6593	-2.4572	2.8646	54.7600	55.0000	739668.470599
9.7756	-2.4853	2.9176	63.3000	55.0000	739668.470599
9.8921	-2.5432	3.0450	65.7400	55.0000	739668.470599
9.9924	-2.5925	3.1544	65.7400	55.0000	739668.470599
10.1091	-2.6500	3.2821	65.7400	55.0000	739668.470599
10.2259	-2.7075	3.4097	65.7400	55.0000	739668.470599
10.3423	-2.7651	3.5373	65.7400	55.0000	739668.470599
10.4425	-2.8182	3.6449	60.8600	55.0000	739668.470599
10.5591	-2.8964	3.7608	52.3200	55.0000	739668.470599
10.6753	-2.9910	3.8638	43.7800	55.0000	739668.470599
10.7757	-3.0836	3.9401	36.4600	55.0000	739668.470599
10.8758	-3.1850	4.0040	29.1400	55.0000	739668.470599
10.9920	-3.3126	4.0615	20.6000	55.0000	739668.470599
11.0923	-3.4273	4.0964	15.7200	55.0000	739668.470599
11.2089	-3.4273	4.0964	15.7200	55.0000	739668.470599
11.3253	-3.4273	4.0964	15.7200	55.0000	739668.470599
11.4258	-3.4273	4.0964	23.0400	55.0000	739668.470599
11.5420	-3.4273	4.0964	30.3600	55.0000	739668.470599
11.6423	-3.4273	4.0964	30.3600	55.0000	739668.470599
11.7588	-3.4446	4.1065	30.3600	55.0000	739668.470599
11.8591	-3.5502	4.1635	25.4800	55.0000	739668.470599
11.9753	-3.6811	4.2127	16.9400	55.0000	739668.470599
12.0756	-3.7981	4.2390	9.6200	55.0000	739668.470599
12.1921	-3.9375	4.2505	1.0800	55.0000	739668.470599
12.2923	-4.0572	4.2439	-6.2400	55.0000	739668.470599
12.4086	-4.1945	4.2169	-14.7800	55.0000	739668.470599
12.5087	-4.3078	4.1777	-22.1000	55.0000	739668.470599
12.6089	-4.4153	4.1245	-29.4200	55.0000	739668.470599
12.7258	-4.5308	4.0457	-37.9600	55.0000	739668.470599
12.8425	-4.6334	3.9505	-46.5000	55.0000	739668.470599
12.9587	-4.7207	3.8413	-55.0400	55.0000	739668.470599
13.0757	-4.7908	3.7202	-63.5800	55.0000	739668.470599
13.1921	-4.8421	3.5901	-72.1200	55.0000	739668.470599
13.2922	-4.8606	3.5330	-72.1200	55.0000	739668.470599
13.3923	-4.8728	3.4569	-72.1200	55.0000	739668.470599
13.5087	-4.8728	3.4093	-72.1200	55.0000	739668.470599
13.6092	-4.8728	3.4093	-72.1200	55.0000	739668.470599
13.7257	-4.8728	3.4093	-72.1200	55.0000	739668.470599
13.8258	-4.8728	3.4093	-78.2200	55.0000	739668.470599
13.9426	-4.8728	3.4093	-86.7600	55.0000	739668.470599
14.0589	-4.8728	3.4093	-95.3000	55.0000	739668.470599
14.1753	-4.8728	3.4093	-95.3000	55.0000	739668.470599
14.2919	-4.8618	3.2898	-95.3000	55.0000	739668.470599
14.4085	-4.8488	3.1504	-95.3000	55.0000	739668.470599
14.5090	-4.8377	3.0309	-95.3000	55.0000	739668.470599
14.6253	-4.8248	2.8915	-95.3000	55.0000	739668.470599
14.7253	-4.8137	2.7720	-95.3000	55.0000	739668.470599
14.8255	-4.8026	2.6526	-95.3000	55.0000	739668.470599
14.9425	-4.7916	2.5331	-95.3000	55.0000	739668.470599
15.0432	-4.7916	2.5331	-95.3000	55.0000	739668.470599
15.1587	-4.7786	2.3937	-95.3000	55.0000	739668.470599
15.2589	-4.7675	2.2742	-95.3000	55.0000	739668.470599
15.3592	-4.7565	2.1547	-95.3000	55.0000	739668.470599
15.4755	-4.7435	2.0153	-95.3000	55.0000	739668.470599
15.5757	-4.7324	1.8958	-95.3000	55.0000	739668.470599
15.6921	-4.7195	1.7564	-95.3000	55.0000	739668.470599
15.7925	-4.7084	1.6369	-95.3000	55.0000	739668.470599
15.9092	-4.6955	1.4975	-95.3000	55.0000	739668.470599
16.0254	-4.6826	1.3581	-95.3000	55.0000	739668.470599
16.1421	-4.6786	1.2183	-87.9800	55.0000	739668.470599
16.2426	-4.6917	1.0991	-80.6600	55.0000	739668.470599
16.3586	-4.7261	0.9635	-72.1200	55.0000	739668.470599
16.4591	-4.7713	0.8524	-64.8000	55.0000	739668.470599
16.5753	-4.8414	0.7314	-56.2600	55.0000	739668.470599
16.6757	-4.8528	0.7150	-48.9400	55.0000	739668.470599
16.7759	-4.8528	0.7150	-41.6200	55.0000	739668.470599
16.8920	-4.8528	0.7150	-33.0800	55.0000	739668.470599
17.0091	-4.8528	0.7150	-30.6400	55.0000	739668.470599
17.1252	-4.8528	0.7150	-30.6400	55.0000	739668.470599
17.2257	-4.8528	0.7150	-26.9800	55.0000	739668.470599
17.3419	-4.8528	0.7150	-18.4400	55.0000	739668.470599
17.4426	-4.8528	0.7150	-11.1200	55.0000	739668.470599
17.5586	-4.8528	0.7150	-2.5800	55.0000	739668.470599
17.6587	-4.8528	0.7150	4.7400	55.0000	739668.470599
17.7590	-4.8528	0.7150	12.0600	55.0000	739668.470599
17.8754	-4.9094	0.7349	20.6000	55.0000	739668.470599
17.9757	-5.0182	0.7854	27.9200	55.0000	739668.470599
18.0926	-5.1358	0.8611	36.4600	55.0000	739668.470599
18.2088	-5.1516	0.8733	45.0000	55.0000	739668.470599
18.3257	-5.1516	0.8733	53.5400	55.0000	739668.470599
18.4420	-5.1516	0.8733	62.0800	55.0000	739668.470599
18.5422	-5.1516	0.8733	69.4000	55.0000	739668.470599
18.6588	-5.1516	0.8733	70.6200	55.0000	739668.470599
18.7592	-5.1782	0.9488	70.6200	55.0000	739668.470599
18.8758	-5.2246	1.0809	70.6200	55.0000	739668.470599
18.9921	-5.2711	1.2129	70.6200	55.0000	739668.470599
19.0924	-5.3109	1.3261	70.6200	55.0000	739668.470599
19.2092	-5.3574	1.4582	70.6200	55.0000	739668.470599
19.3261	-5.4038	1.5903	70.6200	55.0000	739668.470599
19.4419	-5.4417	1.7249	77.9400	55.0000	739668.470599
19.5592	-5.4592	1.8637	86.4800	55.0000	739668.470599
19.6753	-5.4604	1.9037	88.9200	55.0000	739668.470599
19.7921	-5.4604	1.9037	88.9200	55.0000	739668.470599
19.8922	-5.4615	1.9637	88.9200	55.0000	739668.470599
20.0085	-5.4641	2.1036	88.9200	55.0000	739668.470599
20.1087	-5.4664	2.2236	88.9200	55.0000	739668.470599
20.2088	-5.4687	2.3436	88.9200	55.0000	739668.470599
20.3254	-5.4713	2.4836	88.9200	55.0000	739668.470599
20.4421	-5.4739	2.6236	88.9200	55.0000	739668.470599
20.5587	-5.4766	2.7635	88.9200	55.0000	739668.470599
20.6594	-5.4788	2.8835	88.9200	55.0000	739668.470599
20.7758	-5.4815	3.0235	88.9200	55.0000	739668.470599
20.8925	-5.4841	3.1635	88.9200	55.0000	739668.470599
21.0087	-5.4868	3.3034	88.9200	55.0000	739668.470599
21.1089	-5.4903	3.4234	86.4800	55.0000	739668.470599
21.2091	-5.5066	3.5422	79.1600	55.0000	739668.470599
21.3255	-5.5420	3.6776	74.2800	55.0000	739668.470599
21.4421	-5.5799	3.8123	74.2800	55.0000	739668.470599
21.5425	-5.6125	3.9278	74.2800	55.0000	739668.470599
21.6586	-5.6500	4.0627	75.5000	55.0000	739668.470599
21.7587	-5.6713	4.1807	82.8200	55.0000	739668.470599
21.8590	-5.6816	4.3003	85.2600	55.0000	739668.470599
21.9757	-5.6932	4.4398	85.2600	55.0000	739668.470599
22.0920	-5.7048	4.5793	85.2600	55.0000	739668.470599
22.2088	-5.7163	4.7189	85.2600	55.0000	739668.470599
22.3092	-5.7262	4.8384	85.2600	55.0000	739668.470599
22.4258	-5.7378	4.9780	85.2600	55.0000	739668.470599
22.5419	-5.7494	5.1175	85.2600	55.0000	739668.470599
22.6423	-5.7593	5.2371	85.2600	55.0000	739668.470599
22.7586	-5.7709	5.3766	85.2600	55.0000	739668.470599
22.8754	-5.7824	5.5161	85.2600	55.0000	739668.470599
22.9757	-5.7923	5.6357	85.2600	55.0000	739668.470599
23.0759	-5.8023	5.7553	85.2600	55.0000	739668.470599
23.1920	-5.8138	5.8948	85.2600	55.0000	739668.470599
23.3087	-5.8254	6.0343	85.2600	55.0000	739668.470599
23.4087	-5.8353	6.1539	85.2600	55.0000	739668.470599
23.5253	-5.8353	6.1539	85.2600	55.0000	739668.470599
23.6259	-5.8353	6.1539	85.2600	55.0000	739668.470599
23.7424	-5.8353	6.1539	85.2600	55.0000	739668.470599
23.8426	-5.8353	6.1539	85.2600	55.0000	739668.470599
23.9588	-5.8353	6.1539	85.2600	55.0000	739668.470599
24.0755	-5.8353	6.1539	85.2600	55.0000	739668.470599
24.1763	-5.8353	6.1539	85.2600	55.0000	739668.470599
24.2921	-5.8353	6.1539	85.2600	55.0000	739668.470599
24.3923	-5.8353	6.1539	85.2600	55.0000	739668.470599
24.4924	-5.8353	6.1539	85.2600	55.0000	739668.470599
24.6086	-5.8353	6.1539	85.2600	55.0000	739668.470599
24.7088	-5.8353	6.1539	85.2600	55.0000	739668.470599
24.8253	-5.8353	6.1539	85.2600	55.0000	739668.470599
24.9254	-5.8353	6.1539	85.2600	55.0000	739668.470599
25.0258	-5.8353	6.1539	85.2600	55.0000	739668.470599
25.1422	-5.8353	6.1539	85.2600	55.0000	739668.470599
25.2590	-5.8353	6.1539	76.7200	55.0000	739668.470599
25.3591	-5.8353	6.1539	69.4000	55.0000	739668.470599
25.4754	-5.8353	6.1539	64.5200	55.0000	739668.470599
25.5919	-5.8353	6.1539	64.5200	55.0000	739668.470599
25.6920	-5.8353	6.1539	64.5200	55.0000	739668.470599
25.7925	-5.8353	6.1539	64.5200	55.0000	739668.470599
25.9090	-5.8353	6.1539	64.5200	55.0000	739668.470599
26.0259	-5.8353	6.1539	64.5200	55.0000	739668.470599
26.1423	-5.8353	6.1539	64.5200	55.0000	739668.470599
26.2591	-5.8353	6.1539	64.5200	55.0000	739668.470599
26.3754	-5.8353	6.1539	64.5200	55.0000	739668.470599
26.4924	-5.8181	6.1178	64.5200	55.0000	739668.470599
26.6088	-5.7579	5.9914	64.5200	55.0000	739668.470599
26.7252	-5.6977	5.8650	64.5200	55.0000	739668.470599
26.8258	-5.6460	5.7567	64.5200	55.0000	739668.470599
26.9421	-5.5858	5.6303	64.5200	55.0000	739668.470599
27.0423	-5.5772	5.6123	64.5200	55.0000	739668.470599
27.1592	-5.5772	5.6123	62.0800	55.0000	739668.470599
27.2754	-5.5772	5.6123	53.5400	55.0000	739668.470599
27.3921	-5.5772	5.6123	45.0000	55.0000	739668.470599
27.4935	-5.5772	5.6123	43.7800	55.0000	739668.470599
27.6086	-5.5916	5.6261	43.7800	55.0000	739668.470599
27.7088	-5.6783	5.7091	43.7800	55.0000	739668.470599
27.8253	-5.7794	5.8060	43.7800	55.0000	739668.470599
27.9255	-5.8660	5.8890	43.7800	55.0000	739668.470599
28.0421	-5.9671	5.9859	43.7800	55.0000	739668.470599
28.1588	-6.0682	6.0828	43.7800	55.0000	739668.470599
28.2591	-6.1548	6.1658	43.7800	55.0000	739668.470599
