T	X	Y	HEADING	PERPSECTIVE_ANGLE	NOW_NUM
0.1129	0.0000	0.0000	45.0000	55.0000	739429.525240
0.2272	0.0000	0.0000	45.0000	55.0000	739429.525240
0.3420	0.0000	0.0000	45.0000	55.0000	739429.525240
0.4587	0.0000	0.0000	45.0000	55.0000	739429.525240
0.5751	0.0000	0.0000	45.0000	55.0000	739429.525240
0.6753	0.0000	0.0000	45.0000	55.0000	739429.525240
0.7920	0.0636	-0.0636	45.0000	55.0000	739429.525240
0.9086	0.1485	-0.1485	45.0000	55.0000	739429.525240
1.0262	0.1485	-0.1485	45.0000	55.0000	739429.525240
1.1417	0.1485	-0.1485	45.0000	55.0000	739429.525240
1.2595	0.1485	-0.1485	45.0000	55.0000	739429.525240
1.3759	0.1485	-0.1485	45.0000	55.0000	739429.525240
1.4927	0.1485	-0.1485	45.0000	55.0000	739429.525240
1.6102	0.1485	-0.1485	45.0000	55.0000	739429.525240
1.7263	0.1485	-0.1485	45.0000	55.0000	739429.525240
1.8270	0.0849	-0.0849	45.0000	55.0000	739429.525240
1.9435	-0.0636	0.0636	45.0000	55.0000	739429.525240
2.0585	-0.0849	0.0849	45.0000	55.0000	739429.525240
2.1592	-0.0849	0.0849	45.0000	55.0000	739429.525240
2.2790	-0.0849	0.0849	45.0000	55.0000	739429.525240
2.3920	-0.0849	0.0849	48.7500	55.0000	739429.525240
2.4926	-0.0849	0.0849	56.2500	55.0000	739429.525240
2.5928	-0.0849	0.0849	63.7500	55.0000	739429.525240
2.7095	-0.0849	0.0849	71.2500	55.0000	739429.525240
2.8254	-0.0849	0.0849	71.2500	55.0000	739429.525240
2.9273	-0.0849	0.0849	71.2500	55.0000	739429.525240
3.0419	-0.1427	0.2553	71.2500	55.0000	739429.525240
3.1428	-0.2006	0.4257	71.2500	55.0000	739429.525240
3.2604	-0.2681	0.6246	71.2500	55.0000	739429.525240
3.3751	-0.2874	0.6814	71.2500	55.0000	739429.525240
3.4754	-0.2874	0.6814	71.2500	55.0000	739429.525240
3.5761	-0.2874	0.6814	71.2500	55.0000	739429.525240
3.6928	-0.2874	0.6814	62.5000	55.0000	739429.525240
3.8089	-0.2874	0.6814	57.5000	55.0000	739429.525240
3.9095	-0.2874	0.6814	57.5000	55.0000	739429.525240
4.0251	-0.2874	0.6814	48.7500	55.0000	739429.525240
4.1260	-0.2874	0.6814	46.2500	55.0000	739429.525240
4.2428	-0.2874	0.6814	46.2500	55.0000	739429.525240
4.3585	-0.2874	0.6814	46.2500	55.0000	739429.525240
4.4593	-0.3703	0.7681	46.2500	55.0000	739429.525240
4.5597	-0.4948	0.8981	46.2500	55.0000	739429.525240
4.6789	-0.6400	1.0498	46.2500	55.0000	739429.525240
4.7923	-0.7852	1.2015	46.2500	55.0000	739429.525240
4.9095	-0.9305	1.3532	46.2500	55.0000	739429.525240
5.0253	-0.9305	1.3532	46.2500	55.0000	739429.525240
5.1254	-0.9305	1.3532	46.2500	55.0000	739429.525240
5.2262	-0.9305	1.3532	46.2500	55.0000	739429.525240
5.3426	-0.9305	1.3532	55.0000	55.0000	739429.525240
5.4427	-0.9305	1.3532	56.2500	55.0000	739429.525240
5.5597	-0.9305	1.3532	56.2500	55.0000	739429.525240
5.6752	-0.9305	1.3532	56.2500	55.0000	739429.525240
5.7755	-0.9305	1.3532	56.2500	55.0000	739429.525240
5.8769	-0.9305	1.3532	56.2500	55.0000	739429.525240
5.9778	-0.9305	1.3532	56.2500	55.0000	739429.525240
6.0922	-0.9305	1.3532	55.0000	55.0000	739429.525240
6.2095	-0.9305	1.3532	46.2500	55.0000	739429.525240
6.3261	-0.9305	1.3532	38.7500	55.0000	739429.525240
6.4423	-0.9305	1.3532	38.7500	55.0000	739429.525240
6.5437	-0.9539	1.3720	38.7500	55.0000	739429.525240
6.6585	-1.1176	1.5034	38.7500	55.0000	739429.525240
6.7589	-1.2580	1.6161	38.7500	55.0000	739429.525240
6.8603	-1.3984	1.7288	38.7500	55.0000	739429.525240
6.9761	-1.4452	1.7663	38.7500	55.0000	739429.525240
7.0921	-1.4452	1.7663	38.7500	55.0000	739429.525240
7.1935	-1.4452	1.7663	45.0000	55.0000	739429.525240
7.3093	-1.4452	1.7663	53.7500	55.0000	739429.525240
7.4255	-1.4624	1.7909	55.0000	55.0000	739429.525240
7.5270	-1.5656	1.9383	55.0000	55.0000	739429.525240
7.6418	-1.6861	2.1104	55.0000	55.0000	739429.525240
7.7427	-1.7893	2.2578	55.0000	55.0000	739429.525240
7.8437	-1.8065	2.2824	55.0000	55.0000	739429.525240
7.9595	-1.8065	2.2824	55.0000	55.0000	739429.525240
8.0754	-1.8065	2.2824	62.5000	55.0000	739429.525240
8.1760	-1.8065	2.2824	70.0000	55.0000	739429.525240
8.2927	-1.8065	2.2824	78.7500	55.0000	739429.525240
8.4088	-1.8170	2.3415	80.0000	55.0000	739429.525240
8.5104	-1.8482	2.5187	80.0000	55.0000	739429.525240
8.6270	-1.8743	2.6960	80.0000	55.0000	739429.525240
8.7421	-1.8743	2.7551	80.0000	55.0000	739429.525240
8.8436	-1.8743	2.7551	80.0000	55.0000	739429.525240
8.9587	-1.8743	2.7551	78.7500	55.0000	739429.525240
9.0588	-1.8743	2.7551	71.2500	55.0000	739429.525240
9.1602	-1.8743	2.7551	68.7500	55.0000	739429.525240
9.2760	-1.8743	2.7551	68.7500	55.0000	739429.525240
9.3792	-1.8743	2.7551	68.7500	55.0000	739429.525240
9.4935	-1.8743	2.7551	77.5000	55.0000	739429.525240
9.6102	-1.8743	2.7551	86.2500	55.0000	739429.525240
9.7261	-1.8743	2.7551	95.0000	55.0000	739429.525240
9.8419	-1.8743	2.7551	96.2500	55.0000	739429.525240
9.9596	-1.8743	2.7551	96.2500	55.0000	739429.525240
10.0751	-1.8677	2.8147	96.2500	55.0000	739429.525240
10.1920	-1.8514	2.9639	96.2500	55.0000	739429.525240
10.3084	-1.8514	2.9639	96.2500	55.0000	739429.525240
10.4253	-1.8285	3.1726	96.2500	55.0000	739429.525240
10.5256	-1.8285	3.1726	96.2500	55.0000	739429.525240
10.6417	-1.8285	3.1726	96.2500	55.0000	739429.525240
10.7422	-1.8285	3.1726	96.2500	55.0000	739429.525240
10.8586	-1.8285	3.1726	87.5000	55.0000	739429.525240
10.9751	-1.8285	3.1726	83.7500	55.0000	739429.525240
11.0760	-1.8285	3.1726	83.7500	55.0000	739429.525240
11.1920	-1.8285	3.1726	75.0000	55.0000	739429.525240
11.3083	-1.8285	3.1726	73.7500	55.0000	739429.525240
11.4088	-1.8285	3.1726	72.5000	55.0000	739429.525240
11.5254	-1.8285	3.1726	63.7500	55.0000	739429.525240
11.6416	-1.8285	3.1726	55.0000	55.0000	739429.525240
11.7429	-1.8285	3.1726	47.5000	55.0000	739429.525240
11.8430	-1.8285	3.1726	40.0000	55.0000	739429.525240
11.9583	-1.8285	3.1726	31.2500	55.0000	739429.525240
12.0763	-1.8285	3.1726	22.5000	55.0000	739429.525240
12.1919	-1.8285	3.1726	20.0000	55.0000	739429.525240
12.3096	-1.8285	3.1726	20.0000	55.0000	739429.525240
12.4097	-1.8285	3.1726	20.0000	55.0000	739429.525240
12.5250	-2.0259	3.2444	20.0000	55.0000	739429.525240
12.6262	-2.1950	3.3060	20.0000	55.0000	739429.525240
12.7419	-2.3924	3.3778	20.0000	55.0000	739429.525240
12.8589	-2.5897	3.4496	20.0000	55.0000	739429.525240
12.9752	-2.6179	3.4599	20.0000	55.0000	739429.525240
13.0928	-2.6179	3.4599	12.5000	55.0000	739429.525240
13.2093	-2.6179	3.4599	3.7500	55.0000	739429.525240
13.3258	-2.6179	3.4599	-5.0000	55.0000	739429.525240
13.4427	-2.6179	3.4599	-13.7500	55.0000	739429.525240
13.5583	-2.6179	3.4599	-13.7500	55.0000	739429.525240
13.6587	-2.6179	3.4599	-13.7500	55.0000	739429.525240
13.7594	-2.6179	3.4599	-13.7500	55.0000	739429.525240
13.8769	-2.7344	3.4314	-13.7500	55.0000	739429.525240
13.9922	-2.9384	3.3815	-13.7500	55.0000	739429.525240
14.0936	-3.1133	3.3387	-13.7500	55.0000	739429.525240
14.2088	-3.3173	3.2888	-13.7500	55.0000	739429.525240
14.3091	-3.4921	3.2460	-13.7500	55.0000	739429.525240
14.4102	-3.6669	3.2032	-13.7500	55.0000	739429.525240
14.5260	-3.6961	3.1961	-13.7500	55.0000	739429.525240
14.6421	-3.6961	3.1961	-11.2500	55.0000	739429.525240
14.7438	-3.6961	3.1961	-5.0000	55.0000	739429.525240
14.8601	-3.6961	3.1961	-5.0000	55.0000	739429.525240
14.9755	-3.7260	3.1935	-5.0000	55.0000	739429.525240
15.0769	-3.9053	3.1778	-5.0000	55.0000	739429.525240
15.1919	-3.9650	3.1725	-5.0000	55.0000	739429.525240
15.2927	-3.9650	3.1725	-5.0000	55.0000	739429.525240
15.4096	-3.9650	3.1725	-5.0000	55.0000	739429.525240
15.5252	-3.9650	3.1725	-2.5000	55.0000	739429.525240
15.6253	-3.9650	3.1725	5.0000	55.0000	739429.525240
15.7268	-3.9650	3.1725	5.0000	55.0000	739429.525240
15.8425	-3.9650	3.1725	5.0000	55.0000	739429.525240
15.9426	-4.0547	3.1804	5.0000	55.0000	739429.525240
16.0429	-4.2340	3.1961	5.0000	55.0000	739429.525240
16.1594	-4.4432	3.2144	5.0000	55.0000	739429.525240
16.2754	-4.6524	3.2327	5.0000	55.0000	739429.525240
16.3769	-4.6823	3.2353	5.0000	55.0000	739429.525240
16.4927	-4.6823	3.2353	5.0000	55.0000	739429.525240
16.6089	-4.6823	3.2353	5.0000	55.0000	739429.525240
16.7104	-4.6823	3.2353	5.0000	55.0000	739429.525240
16.8262	-4.6823	3.2353	5.0000	55.0000	739429.525240
16.9421	-4.6823	3.2353	5.0000	55.0000	739429.525240
17.0439	-4.6823	3.2353	7.5000	55.0000	739429.525240
17.1587	-4.6823	3.2353	7.5000	55.0000	739429.525240
17.2627	-4.6823	3.2353	7.5000	55.0000	739429.525240
17.3770	-4.7121	3.2392	7.5000	55.0000	739429.525240
17.4917	-4.9203	3.2666	7.5000	55.0000	739429.525240
17.5927	-5.0987	3.2901	7.5000	55.0000	739429.525240
17.7107	-5.2177	3.3058	7.5000	55.0000	739429.525240
17.8251	-5.2177	3.3058	7.5000	55.0000	739429.525240
17.9254	-5.2177	3.3058	7.5000	55.0000	739429.525240
18.0268	-5.2177	3.3058	15.0000	55.0000	739429.525240
18.1426	-5.2177	3.3058	23.7500	55.0000	739429.525240
18.2587	-5.2177	3.3058	32.5000	55.0000	739429.525240
18.3591	-5.2177	3.3058	40.0000	55.0000	739429.525240
18.4751	-5.2177	3.3058	48.7500	55.0000	739429.525240
18.5752	-5.2177	3.3058	56.2500	55.0000	739429.525240
18.6759	-5.2177	3.3058	57.5000	55.0000	739429.525240
18.7920	-5.2177	3.3058	57.5000	55.0000	739429.525240
18.8935	-5.2177	3.3058	57.5000	55.0000	739429.525240
19.0094	-5.2177	3.3058	57.5000	55.0000	739429.525240
19.1255	-5.2983	3.4323	57.5000	55.0000	739429.525240
19.2268	-5.3950	3.5841	57.5000	55.0000	739429.525240
19.3419	-5.5078	3.7612	57.5000	55.0000	739429.525240
19.4428	-5.5562	3.8371	57.5000	55.0000	739429.525240
19.5594	-5.5562	3.8371	57.5000	55.0000	739429.525240
19.6595	-5.5562	3.8371	65.0000	55.0000	739429.525240
19.7753	-5.5562	3.8371	73.7500	55.0000	739429.525240
19.8768	-5.5562	3.8371	81.2500	55.0000	739429.525240
19.9925	-5.5562	3.8371	90.0000	55.0000	739429.525240
20.1094	-5.5562	3.8371	97.5000	55.0000	739429.525240
20.2260	-5.5562	3.8371	97.5000	55.0000	739429.525240
20.3261	-5.5562	3.8371	97.5000	55.0000	739429.525240
20.4437	-5.5288	4.0453	97.5000	55.0000	739429.525240
20.5594	-5.5014	4.2535	97.5000	55.0000	739429.525240
20.6753	-5.4935	4.3130	97.5000	55.0000	739429.525240
20.7775	-5.4935	4.3130	97.5000	55.0000	739429.525240
20.8934	-5.4935	4.3130	102.5000	55.0000	739429.525240
21.0086	-5.4935	4.3130	111.2500	55.0000	739429.525240
21.1105	-5.4935	4.3130	118.7500	55.0000	739429.525240
21.2250	-5.4935	4.3130	127.5000	55.0000	739429.525240
21.3259	-5.4935	4.3130	135.0000	55.0000	739429.525240
21.4261	-5.4935	4.3130	142.5000	55.0000	739429.525240
21.5427	-5.4935	4.3130	151.2500	55.0000	739429.525240
21.6594	-5.4935	4.3130	152.5000	55.0000	739429.525240
21.7754	-5.4935	4.3130	152.5000	55.0000	739429.525240
21.8920	-5.4935	4.3130	148.7500	55.0000	739429.525240
22.0101	-5.4935	4.3130	142.5000	55.0000	739429.525240
22.1248	-5.4935	4.3130	142.5000	55.0000	739429.525240
22.2250	-5.4935	4.3130	142.5000	55.0000	739429.525240
22.3420	-5.4935	4.3130	142.5000	55.0000	739429.525240
22.4429	-5.4935	4.3130	142.5000	55.0000	739429.525240
22.5583	-5.4935	4.3130	140.0000	55.0000	739429.525240
22.6756	-5.4935	4.3130	131.2500	55.0000	739429.525240
22.7916	-5.4935	4.3130	130.0000	55.0000	739429.525240
22.8921	-5.4935	4.3130	130.0000	55.0000	739429.525240
22.9924	-5.4550	4.3590	130.0000	55.0000	739429.525240
23.1103	-5.3200	4.5198	130.0000	55.0000	739429.525240
23.2258	-5.1850	4.6807	130.0000	55.0000	739429.525240
23.3417	-5.0500	4.8416	130.0000	55.0000	739429.525240
23.4420	-4.9343	4.9795	130.0000	55.0000	739429.525240
23.5587	-4.8572	5.0714	130.0000	55.0000	739429.525240
23.6752	-4.8572	5.0714	130.0000	55.0000	739429.525240
23.7921	-4.8572	5.0714	130.0000	55.0000	739429.525240
23.9082	-4.8572	5.0714	130.0000	55.0000	739429.525240
24.0085	-4.8572	5.0714	130.0000	55.0000	739429.525240
24.1261	-4.9922	4.9105	130.0000	55.0000	739429.525240
24.2418	-5.1271	4.7496	130.0000	55.0000	739429.525240
24.3419	-5.2428	4.6118	130.0000	55.0000	739429.525240
24.4597	-5.3778	4.4509	130.0000	55.0000	739429.525240
24.5749	-5.5128	4.2900	130.0000	55.0000	739429.525240
24.6752	-5.6285	4.1521	130.0000	55.0000	739429.525240
24.7761	-5.7442	4.0142	130.0000	55.0000	739429.525240
24.8928	-5.8599	3.8649	130.0000	55.0000	739429.525240
25.0084	-5.8599	3.7844	130.0000	55.0000	739429.525240
25.1253	-5.8599	3.7040	130.0000	55.0000	739429.525240
25.2272	-5.8599	3.6580	130.0000	55.0000	739429.525240
25.3439	-5.8599	3.6580	130.0000	55.0000	739429.525240
25.4590	-5.8599	3.6580	130.0000	55.0000	739429.525240
25.5749	-5.8599	3.6580	135.0000	55.0000	739429.525240
25.6752	-5.8599	3.6580	135.0000	55.0000	739429.525240
25.7753	-5.8599	3.6580	135.0000	55.0000	739429.525240
25.8921	-5.8599	3.6580	138.7500	55.0000	739429.525240
26.0085	-5.8599	3.6580	147.5000	55.0000	739429.525240
26.1255	-5.8599	3.6580	156.2500	55.0000	739429.525240
26.2417	-5.8599	3.6580	165.0000	55.0000	739429.525240
26.3592	-5.8599	3.6580	170.0000	55.0000	739429.525240
26.4759	-5.8599	3.6580	170.0000	55.0000	739429.525240
26.5762	-5.8599	3.6580	170.0000	55.0000	739429.525240
26.6918	-5.8599	3.6580	170.0000	55.0000	739429.525240
26.7923	-5.8599	3.6580	170.0000	55.0000	739429.525240
26.9086	-5.8599	3.6580	171.2500	55.0000	739429.525240
27.0260	-5.8599	3.6580	180.0000	55.0000	739429.525240
27.1425	-5.8599	3.6580	181.2500	55.0000	739429.525240
27.2435	-5.8599	3.6580	188.7500	55.0000	739429.525240
27.3601	-5.8599	3.6580	191.2500	55.0000	739429.525240
27.4750	-5.8599	3.6580	191.2500	55.0000	739429.525240
27.5759	-5.8599	3.6580	191.2500	55.0000	739429.525240
27.6759	-5.8599	3.6580	191.2500	55.0000	739429.525240
27.7926	-5.8599	3.6580	191.2500	55.0000	739429.525240
27.9086	-5.6834	3.6229	191.2500	55.0000	739429.525240
28.0101	-5.5068	3.5878	191.2500	55.0000	739429.525240
28.1259	-5.3009	3.5468	191.2500	55.0000	739429.525240
28.2261	-5.1243	3.5117	191.2500	55.0000	739429.525240
28.3435	-4.9184	3.4707	191.2500	55.0000	739429.525240
28.4592	-4.7124	3.4298	191.2500	55.0000	739429.525240
28.5754	-4.7124	3.4298	191.2500	55.0000	739429.525240
28.6761	-4.7124	3.4298	195.0000	55.0000	739429.525240
28.7917	-4.7124	3.4298	203.7500	55.0000	739429.525240
28.8920	-4.7124	3.4298	206.2500	55.0000	739429.525240
28.9938	-4.7124	3.4298	206.2500	55.0000	739429.525240
29.1093	-4.5779	3.3634	206.2500	55.0000	739429.525240
29.2253	-4.3895	3.2706	206.2500	55.0000	739429.525240
29.3269	-4.2281	3.1909	206.2500	55.0000	739429.525240
29.4427	-4.2281	3.1909	206.2500	55.0000	739429.525240
29.5588	-4.2281	3.1909	212.5000	55.0000	739429.525240
29.6597	-4.2281	3.1909	220.0000	55.0000	739429.525240
29.7628	-4.2281	3.1909	227.5000	55.0000	739429.525240
29.8767	-4.2281	3.1909	230.0000	55.0000	739429.525240
29.9929	-4.0931	3.0301	230.0000	55.0000	739429.525240
30.1085	-3.9581	2.8692	230.0000	55.0000	739429.525240
30.2087	-3.8424	2.7313	230.0000	55.0000	739429.525240
30.3102	-3.8039	2.6854	230.0000	55.0000	739429.525240
30.4259	-3.8039	2.6854	236.2500	55.0000	739429.525240
30.5423	-3.8039	2.6854	245.0000	55.0000	739429.525240
30.6436	-3.8039	2.6854	246.2500	55.0000	739429.525240
30.7583	-3.7797	2.6304	246.2500	55.0000	739429.525240
30.8585	-3.7072	2.4657	246.2500	55.0000	739429.525240
30.9604	-3.6347	2.3009	246.2500	55.0000	739429.525240
31.0759	-3.5622	2.1362	246.2500	55.0000	739429.525240
31.1921	-3.5622	2.1362	246.2500	55.0000	739429.525240
31.2935	-3.5622	2.1362	252.5000	55.0000	739429.525240
31.4086	-3.5622	2.1362	261.2500	55.0000	739429.525240
31.5092	-3.5622	2.1362	268.7500	55.0000	739429.525240
31.6258	-3.5622	2.1362	277.5000	55.0000	739429.525240
31.7260	-3.5622	2.1362	278.7500	55.0000	739429.525240
31.8420	-3.5668	2.1065	278.7500	55.0000	739429.525240
31.9434	-3.5942	1.9286	278.7500	55.0000	739429.525240
32.0597	-3.6261	1.7211	278.7500	55.0000	739429.525240
32.1754	-3.6580	1.5135	278.7500	55.0000	739429.525240
32.2768	-3.6717	1.4245	278.7500	55.0000	739429.525240
32.3966	-3.6717	1.4245	278.7500	55.0000	739429.525240
32.5089	-3.6717	1.4245	278.7500	55.0000	739429.525240
32.6100	-3.6717	1.4245	272.5000	55.0000	739429.525240
32.7249	-3.6717	1.4245	267.5000	55.0000	739429.525240
32.8254	-3.6717	1.4245	267.5000	55.0000	739429.525240
32.9292	-3.6717	1.4245	266.2500	55.0000	739429.525240
33.0426	-3.6717	1.4245	257.5000	55.0000	739429.525240
33.1587	-3.6717	1.4245	257.5000	55.0000	739429.525240
33.2603	-3.6523	1.3367	257.5000	55.0000	739429.525240
33.3759	-3.6068	1.1317	257.5000	55.0000	739429.525240
33.4762	-3.5678	0.9559	257.5000	55.0000	739429.525240
33.5935	-3.5678	0.9559	257.5000	55.0000	739429.525240
33.7082	-3.5678	0.9559	256.2500	55.0000	739429.525240
33.8084	-3.5678	0.9559	248.7500	55.0000	739429.525240
33.9093	-3.5678	0.9559	241.2500	55.0000	739429.525240
34.0260	-3.5678	0.9559	232.5000	55.0000	739429.525240
34.1264	-3.5678	0.9559	225.0000	55.0000	739429.525240
34.2419	-3.5678	0.9559	225.0000	55.0000	739429.525240
34.3583	-3.4830	0.8711	225.0000	55.0000	739429.525240
34.4585	-3.3557	0.7438	225.0000	55.0000	739429.525240
34.5588	-3.3133	0.7014	225.0000	55.0000	739429.525240
34.6748	-3.3133	0.7014	225.0000	55.0000	739429.525240
34.7756	-3.3133	0.7014	221.2500	55.0000	739429.525240
34.8937	-3.3133	0.7014	212.5000	55.0000	739429.525240
35.0084	-3.3133	0.7014	203.7500	55.0000	739429.525240
35.1087	-3.3133	0.7014	196.2500	55.0000	739429.525240
35.2256	-3.3133	0.7014	196.2500	55.0000	739429.525240
35.3427	-3.3133	0.7014	196.2500	55.0000	739429.525240
35.4593	-3.3133	0.7014	196.2500	55.0000	739429.525240
35.5760	-3.3133	0.7014	196.2500	55.0000	739429.525240
35.6920	-3.3133	0.7014	196.2500	55.0000	739429.525240
35.8085	-3.3133	0.7014	196.2500	55.0000	739429.525240
35.9255	-3.4573	0.7433	196.2500	55.0000	739429.525240
36.0416	-3.6589	0.8021	196.2500	55.0000	739429.525240
36.1420	-3.8317	0.8525	196.2500	55.0000	739429.525240
36.2587	-4.0333	0.9112	196.2500	55.0000	739429.525240
36.3751	-4.2349	0.9700	196.2500	55.0000	739429.525240
36.4753	-4.4077	1.0204	196.2500	55.0000	739429.525240
36.5917	-4.6094	1.0791	196.2500	55.0000	739429.525240
36.6919	-4.7246	1.1127	196.2500	55.0000	739429.525240
36.8085	-4.7246	1.1127	196.2500	55.0000	739429.525240
36.9261	-4.7246	1.1127	196.2500	55.0000	739429.525240
37.0418	-4.7246	1.1127	196.2500	55.0000	739429.525240
37.1587	-4.6094	1.0791	196.2500	55.0000	739429.525240
37.2594	-4.4653	1.0372	196.2500	55.0000	739429.525240
37.3751	-4.4653	1.0372	196.2500	55.0000	739429.525240
37.4752	-4.4653	1.0372	196.2500	55.0000	739429.525240
37.5754	-4.4653	1.0372	196.2500	55.0000	739429.525240
37.6919	-4.4653	1.0372	196.2500	55.0000	739429.525240
37.7921	-4.4653	1.0372	196.2500	55.0000	739429.525240
37.8921	-4.4653	1.0372	188.7500	55.0000	739429.525240
38.0095	-4.4653	1.0372	180.0000	55.0000	739429.525240
38.1251	-4.4653	1.0372	171.2500	55.0000	739429.525240
38.2252	-4.4653	1.0372	163.7500	55.0000	739429.525240
38.3254	-4.4653	1.0372	156.2500	55.0000	739429.525240
38.4273	-4.4653	1.0372	148.7500	55.0000	739429.525240
38.5420	-4.4653	1.0372	140.0000	55.0000	739429.525240
38.6587	-4.4653	1.0372	131.2500	55.0000	739429.525240
38.7750	-4.4653	1.0372	122.5000	55.0000	739429.525240
38.8751	-4.4653	1.0372	115.0000	55.0000	739429.525240
38.9755	-4.4653	1.0372	107.5000	55.0000	739429.525240
39.0917	-4.4653	1.0372	98.7500	55.0000	739429.525240
39.1919	-4.4653	1.0372	91.2500	55.0000	739429.525240
39.2926	-4.4653	1.0372	83.7500	55.0000	739429.525240
39.4087	-4.4653	1.0372	75.0000	55.0000	739429.525240
39.5101	-4.4653	1.0372	68.7500	55.0000	739429.525240
39.6250	-4.4653	1.0372	68.7500	55.0000	739429.525240
39.7253	-4.4653	1.0372	71.2500	55.0000	739429.525240
39.8286	-4.4653	1.0372	78.7500	55.0000	739429.525240
39.9426	-4.4653	1.0372	87.5000	55.0000	739429.525240
40.0585	-4.4653	1.0372	93.7500	55.0000	739429.525240
40.1594	-4.4653	1.0372	93.7500	55.0000	739429.525240
40.2760	-4.4653	1.0372	93.7500	55.0000	739429.525240
40.3915	-4.4653	1.0372	101.2500	55.0000	739429.525240
40.4936	-4.4653	1.0372	108.7500	55.0000	739429.525240
40.6081	-4.4653	1.0372	113.7500	55.0000	739429.525240
40.7094	-4.4653	1.0372	113.7500	55.0000	739429.525240
40.8259	-4.3808	1.2294	113.7500	55.0000	739429.525240
40.9261	-4.3324	1.3392	113.7500	55.0000	739429.525240
41.0426	-4.3324	1.3392	113.7500	55.0000	739429.525240
41.1582	-4.3324	1.3392	116.2500	55.0000	739429.525240
41.2592	-4.3324	1.3392	123.7500	55.0000	739429.525240
41.3754	-4.3324	1.3392	132.5000	55.0000	739429.525240
41.4927	-4.3324	1.3392	141.2500	55.0000	739429.525240
41.6087	-4.3324	1.3392	147.5000	55.0000	739429.525240
41.7101	-4.3324	1.3392	147.5000	55.0000	739429.525240
41.8250	-4.3324	1.3392	147.5000	55.0000	739429.525240
41.9261	-4.3324	1.3392	147.5000	55.0000	739429.525240
42.0268	-4.3324	1.3392	141.2500	55.0000	739429.525240
42.1426	-4.3324	1.3392	138.7500	55.0000	739429.525240
42.2586	-4.3324	1.3392	138.7500	55.0000	739429.525240
42.3602	-4.3324	1.3392	138.7500	55.0000	739429.525240
42.4760	-4.1746	1.4777	138.7500	55.0000	739429.525240
42.5919	-4.0167	1.6161	138.7500	55.0000	739429.525240
42.6935	-3.8813	1.7348	138.7500	55.0000	739429.525240
42.8093	-3.8813	1.7348	138.7500	55.0000	739429.525240
42.9259	-3.8813	1.7348	137.5000	55.0000	739429.525240
43.0417	-3.8813	1.7348	128.7500	55.0000	739429.525240
43.1426	-3.8813	1.7348	121.2500	55.0000	739429.525240
43.2600	-3.8813	1.7348	121.2500	55.0000	739429.525240
43.3755	-3.8191	1.8374	121.2500	55.0000	739429.525240
43.4768	-3.7257	1.9913	121.2500	55.0000	739429.525240
43.5925	-3.6168	2.1708	121.2500	55.0000	739429.525240
43.6926	-3.5389	2.2991	121.2500	55.0000	739429.525240
43.8106	-3.5389	2.2991	121.2500	55.0000	739429.525240
43.9253	-3.5389	2.2991	123.7500	55.0000	739429.525240
44.0416	-3.5389	2.2991	132.5000	55.0000	739429.525240
44.1419	-3.5389	2.2991	133.7500	55.0000	739429.525240
44.2586	-3.5389	2.2991	133.7500	55.0000	739429.525240
44.3595	-3.5389	2.2991	133.7500	55.0000	739429.525240
44.4750	-3.5389	2.2991	127.5000	55.0000	739429.525240
44.5751	-3.5389	2.2991	120.0000	55.0000	739429.525240
44.6761	-3.5389	2.2991	112.5000	55.0000	739429.525240
44.7916	-3.5389	2.2991	103.7500	55.0000	739429.525240
44.8921	-3.5389	2.2991	96.2500	55.0000	739429.525240
45.0086	-3.5389	2.2991	92.5000	55.0000	739429.525240
45.1095	-3.5389	2.2991	92.5000	55.0000	739429.525240
45.2253	-3.5350	2.3890	92.5000	55.0000	739429.525240
45.3421	-3.5259	2.5988	92.5000	55.0000	739429.525240
45.4583	-3.5167	2.8086	92.5000	55.0000	739429.525240
45.5761	-3.5128	2.8985	92.5000	55.0000	739429.525240
45.6925	-3.5128	2.8985	95.0000	55.0000	739429.525240
45.7926	-3.5128	2.8985	102.5000	55.0000	739429.525240
45.9087	-3.5128	2.8985	111.2500	55.0000	739429.525240
46.0260	-3.5128	2.8985	111.2500	55.0000	739429.525240
46.1417	-3.5128	2.8985	111.2500	55.0000	739429.525240
46.2425	-3.5019	2.9265	111.2500	55.0000	739429.525240
46.3606	-3.4367	3.0942	111.2500	55.0000	739429.525240
46.4751	-3.4367	3.0942	111.2500	55.0000	739429.525240
46.5918	-3.4367	3.0942	111.2500	55.0000	739429.525240
46.6936	-3.4367	3.0942	112.5000	55.0000	739429.525240
46.8081	-3.4367	3.0942	121.2500	55.0000	739429.525240
46.9091	-3.4367	3.0942	128.7500	55.0000	739429.525240
47.0264	-3.4367	3.0942	137.5000	55.0000	739429.525240
47.1415	-3.4367	3.0942	146.2500	55.0000	739429.525240
47.2427	-3.4367	3.0942	153.7500	55.0000	739429.525240
47.3584	-3.4367	3.0942	161.2500	55.0000	739429.525240
47.4592	-3.4367	3.0942	161.2500	55.0000	739429.525240
47.5753	-3.4367	3.0942	161.2500	55.0000	739429.525240
47.6768	-3.4367	3.0942	161.2500	55.0000	739429.525240
47.7926	-3.4367	3.0942	161.2500	55.0000	739429.525240
47.9085	-3.4367	3.0942	161.2500	55.0000	739429.525240
48.0101	-3.4367	3.0942	161.2500	55.0000	739429.525240
48.1249	-3.4367	3.0942	161.2500	55.0000	739429.525240
48.2258	-3.2662	3.1521	161.2500	55.0000	739429.525240
48.3416	-3.0674	3.2196	161.2500	55.0000	739429.525240
48.4426	-2.8969	3.2774	161.2500	55.0000	739429.525240
48.5585	-2.6981	3.3449	161.2500	55.0000	739429.525240
48.6601	-2.5276	3.4028	161.2500	55.0000	739429.525240
48.7749	-2.4708	3.4221	161.2500	55.0000	739429.525240
48.8759	-2.4708	3.4221	161.2500	55.0000	739429.525240
48.9927	-2.4708	3.4221	168.7500	55.0000	739429.525240
49.1081	-2.4708	3.4221	177.5000	55.0000	739429.525240
49.2093	-2.4708	3.4221	181.2500	55.0000	739429.525240
49.3100	-2.4708	3.4221	181.2500	55.0000	739429.525240
49.4259	-2.4708	3.4221	181.2500	55.0000	739429.525240
49.5424	-2.3808	3.4201	181.2500	55.0000	739429.525240
49.6429	-2.2009	3.4162	181.2500	55.0000	739429.525240
49.7430	-2.1409	3.4149	181.2500	55.0000	739429.525240
49.8594	-2.1409	3.4149	181.2500	55.0000	739429.525240
49.9769	-2.1409	3.4149	185.0000	55.0000	739429.525240
50.0915	-2.1409	3.4149	193.7500	55.0000	739429.525240
50.1926	-2.1409	3.4149	201.2500	55.0000	739429.525240
50.3102	-2.1409	3.4149	210.0000	55.0000	739429.525240
50.4252	-2.1409	3.4149	218.7500	55.0000	739429.525240
50.5259	-2.1409	3.4149	221.2500	55.0000	739429.525240
50.6452	-2.1409	3.4149	221.2500	55.0000	739429.525240
50.7461	-2.1409	3.4149	221.2500	55.0000	739429.525240
50.8586	-2.1409	3.4149	221.2500	55.0000	739429.525240
50.9602	-2.1409	3.4149	222.5000	55.0000	739429.525240
51.0759	-2.1409	3.4149	231.2500	55.0000	739429.525240
51.1919	-2.1409	3.4149	231.2500	55.0000	739429.525240
51.2935	-2.1409	3.4149	231.2500	55.0000	739429.525240
51.4099	-2.0282	3.2745	231.2500	55.0000	739429.525240
51.5254	-1.8968	3.1107	231.2500	55.0000	739429.525240
51.6259	-1.8968	3.1107	231.2500	55.0000	739429.525240
51.7415	-1.8968	3.1107	231.2500	55.0000	739429.525240
51.8418	-1.8968	3.1107	236.2500	55.0000	739429.525240
51.9436	-1.8968	3.1107	243.7500	55.0000	739429.525240
52.0593	-1.8968	3.1107	252.5000	55.0000	739429.525240
52.1618	-1.8968	3.1107	260.0000	55.0000	739429.525240
52.2768	-1.8968	3.1107	260.0000	55.0000	739429.525240
52.3918	-1.8968	3.1107	260.0000	55.0000	739429.525240
52.4920	-1.8968	3.1107	260.0000	55.0000	739429.525240
52.5935	-1.8968	3.1107	260.0000	55.0000	739429.525240
52.7093	-1.8968	3.1107	260.0000	55.0000	739429.525240
52.8252	-1.8628	2.9656	260.0000	55.0000	739429.525240
52.9269	-1.8316	2.7884	260.0000	55.0000	739429.525240
53.0425	-1.8003	2.6111	260.0000	55.0000	739429.525240
53.1451	-1.8003	2.6111	260.0000	55.0000	739429.525240
53.2594	-1.8003	2.6111	260.0000	55.0000	739429.525240
53.3758	-1.8003	2.6111	260.0000	55.0000	739429.525240
53.4919	-1.7795	2.4929	260.0000	55.0000	739429.525240
53.5937	-1.7691	2.4338	260.0000	55.0000	739429.525240
53.7086	-1.7691	2.4338	260.0000	55.0000	739429.525240
53.8131	-1.7691	2.4338	260.0000	55.0000	739429.525240
53.9255	-1.7691	2.4338	251.2500	55.0000	739429.525240
54.0268	-1.7691	2.4338	248.7500	55.0000	739429.525240
54.1420	-1.7691	2.4338	248.7500	55.0000	739429.525240
54.2583	-1.7691	2.4338	240.0000	55.0000	739429.525240
54.3756	-1.7691	2.4338	240.0000	55.0000	739429.525240
54.4919	-1.7691	2.4338	240.0000	55.0000	739429.525240
54.6084	-1.7691	2.4338	240.0000	55.0000	739429.525240
54.7255	-1.7691	2.4338	240.0000	55.0000	739429.525240
54.8418	-1.7691	2.4338	240.0000	55.0000	739429.525240
54.9595	-1.7691	2.4338	240.0000	55.0000	739429.525240
55.0754	-1.7691	2.4338	248.7500	55.0000	739429.525240
55.1929	-1.7691	2.4338	257.5000	55.0000	739429.525240
55.3083	-1.7691	2.4338	258.7500	55.0000	739429.525240
55.4254	-1.7691	2.4338	258.7500	55.0000	739429.525240
55.5452	-1.7691	2.4338	258.7500	55.0000	739429.525240
55.6591	-1.7691	2.4338	258.7500	55.0000	739429.525240
55.7760	-1.7574	2.3750	258.7500	55.0000	739429.525240
55.8779	-1.7222	2.1985	258.7500	55.0000	739429.525240
55.9935	-1.6813	1.9925	258.7500	55.0000	739429.525240
56.1082	-1.6462	1.8159	258.7500	55.0000	739429.525240
56.2083	-1.6462	1.8159	258.7500	55.0000	739429.525240
56.3101	-1.6462	1.8159	258.7500	55.0000	739429.525240
56.4258	-1.6462	1.8159	258.7500	55.0000	739429.525240
56.5418	-1.6462	1.8159	252.5000	55.0000	739429.525240
56.6426	-1.6462	1.8159	245.0000	55.0000	739429.525240
56.7613	-1.6462	1.8159	236.2500	55.0000	739429.525240
56.8748	-1.6462	1.8159	227.5000	55.0000	739429.525240
56.9752	-1.6462	1.8159	220.0000	55.0000	739429.525240
57.0767	-1.6462	1.8159	212.5000	55.0000	739429.525240
57.1777	-1.6462	1.8159	205.0000	55.0000	739429.525240
57.2924	-1.6462	1.8159	202.5000	55.0000	739429.525240
57.3926	-1.6462	1.8159	202.5000	55.0000	739429.525240
57.5083	-1.6462	1.8159	202.5000	55.0000	739429.525240
57.6258	-1.5076	1.7585	202.5000	55.0000	739429.525240
57.7435	-1.3136	1.6782	202.5000	55.0000	739429.525240
57.8584	-1.1195	1.5978	202.5000	55.0000	739429.525240
57.9592	-1.0364	1.5634	202.5000	55.0000	739429.525240
58.0596	-1.0364	1.5634	202.5000	55.0000	739429.525240
58.1760	-1.0364	1.5634	202.5000	55.0000	739429.525240
58.2925	-1.0364	1.5634	211.2500	55.0000	739429.525240
58.3929	-1.0364	1.5634	218.7500	55.0000	739429.525240
58.5091	-1.0364	1.5634	222.5000	55.0000	739429.525240
58.6252	-1.0364	1.5634	222.5000	55.0000	739429.525240
58.7267	-1.0364	1.5634	222.5000	55.0000	739429.525240
58.8430	-0.9258	1.4620	222.5000	55.0000	739429.525240
58.9603	-0.7710	1.3202	222.5000	55.0000	739429.525240
59.0618	-0.6383	1.1986	222.5000	55.0000	739429.525240
59.1763	-0.5498	1.1175	222.5000	55.0000	739429.525240
59.2936	-0.5498	1.1175	222.5000	55.0000	739429.525240
59.3949	-0.5498	1.1175	225.0000	55.0000	739429.525240
59.5089	-0.5498	1.1175	233.7500	55.0000	739429.525240
59.6101	-0.5498	1.1175	241.2500	55.0000	739429.525240
59.7258	-0.5498	1.1175	250.0000	55.0000	739429.525240
59.8260	-0.5498	1.1175	256.2500	55.0000	739429.525240
59.9437	-0.5498	1.1175	256.2500	55.0000	739429.525240
60.0593	-0.5284	1.0301	256.2500	55.0000	739429.525240
60.1625	-0.4856	0.8552	256.2500	55.0000	739429.525240
60.2794	-0.4428	0.6804	256.2500	55.0000	739429.525240
60.3928	-0.4428	0.6804	256.2500	55.0000	739429.525240
60.5087	-0.4428	0.6804	251.2500	55.0000	739429.525240
60.6253	-0.4428	0.6804	242.5000	55.0000	739429.525240
60.7415	-0.4428	0.6804	240.0000	55.0000	739429.525240
60.8417	-0.4428	0.6804	240.0000	55.0000	739429.525240
60.9421	-0.4428	0.6804	240.0000	55.0000	739429.525240
61.0586	-0.4428	0.6804	240.0000	55.0000	739429.525240
61.1587	-0.4428	0.6804	240.0000	55.0000	739429.525240
61.2601	-0.4428	0.6804	240.0000	55.0000	739429.525240
61.3751	-0.5328	0.8363	240.0000	55.0000	739429.525240
61.4759	-0.6228	0.9921	240.0000	55.0000	739429.525240
61.5917	-0.7278	1.1740	240.0000	55.0000	739429.525240
61.6924	-0.8178	1.3299	240.0000	55.0000	739429.525240
61.8086	-0.9228	1.5118	240.0000	55.0000	739429.525240
61.9095	-1.0128	1.6676	240.0000	55.0000	739429.525240
62.0266	-1.1178	1.8495	240.0000	55.0000	739429.525240
62.1419	-1.2228	2.0314	240.0000	55.0000	739429.525240
62.2425	-1.3128	2.1873	240.0000	55.0000	739429.525240
62.3601	-1.4178	2.3691	240.0000	55.0000	739429.525240
62.4749	-1.4928	2.4990	240.0000	55.0000	739429.525240
62.5757	-1.4928	2.4990	240.0000	55.0000	739429.525240
62.6780	-1.4928	2.4990	240.0000	55.0000	739429.525240
62.7925	-1.4928	2.4990	246.2500	55.0000	739429.525240
62.9087	-1.4928	2.4990	255.0000	55.0000	739429.525240
63.0105	-1.4928	2.4990	258.7500	55.0000	739429.525240
63.1249	-1.4928	2.4990	261.2500	55.0000	739429.525240
63.2260	-1.4928	2.4990	268.7500	55.0000	739429.525240
63.3415	-1.4928	2.4990	270.0000	55.0000	739429.525240
63.4425	-1.4928	2.4990	273.7500	55.0000	739429.525240
63.5585	-1.4928	2.4990	277.5000	55.0000	739429.525240
63.6601	-1.4928	2.4990	280.0000	55.0000	739429.525240
63.7758	-1.4928	2.4990	288.7500	55.0000	739429.525240
63.8759	-1.4928	2.4990	288.7500	55.0000	739429.525240
63.9927	-1.4928	2.4990	288.7500	55.0000	739429.525240
64.0935	-1.5314	2.3854	288.7500	55.0000	739429.525240
64.2102	-1.5989	2.1865	288.7500	55.0000	739429.525240
64.3293	-1.6568	2.0161	288.7500	55.0000	739429.525240
64.4414	-1.6568	2.0161	288.7500	55.0000	739429.525240
64.5418	-1.6568	2.0161	292.5000	55.0000	739429.525240
64.6434	-1.6568	2.0161	300.0000	55.0000	739429.525240
64.7596	-1.6568	2.0161	308.7500	55.0000	739429.525240
64.8753	-1.6568	2.0161	317.5000	55.0000	739429.525240
64.9760	-1.6568	2.0161	325.0000	55.0000	739429.525240
65.0779	-1.6568	2.0161	325.0000	55.0000	739429.525240
65.1919	-1.6568	2.0161	325.0000	55.0000	739429.525240
65.2927	-1.6568	2.0161	325.0000	55.0000	739429.525240
65.4091	-1.6568	2.0161	325.0000	55.0000	739429.525240
65.5253	-1.6568	2.0161	317.5000	55.0000	739429.525240
65.6268	-1.6568	2.0161	312.5000	55.0000	739429.525240
65.7425	-1.6568	2.0161	312.5000	55.0000	739429.525240
65.8602	-1.6568	2.0161	312.5000	55.0000	739429.525240
65.9758	-1.7986	1.8613	312.5000	55.0000	739429.525240
66.0759	-1.9202	1.7286	312.5000	55.0000	739429.525240
66.1916	-1.9405	1.7064	312.5000	55.0000	739429.525240
66.2925	-1.9405	1.7064	312.5000	55.0000	739429.525240
66.4093	-1.9405	1.7064	318.7500	55.0000	739429.525240
66.5253	-1.9405	1.7064	325.0000	55.0000	739429.525240
66.6258	-1.9405	1.7064	325.0000	55.0000	739429.525240
66.7419	-1.9405	1.7064	325.0000	55.0000	739429.525240
66.8435	-2.0634	1.6204	325.0000	55.0000	739429.525240
66.9582	-2.2354	1.5000	325.0000	55.0000	739429.525240
67.0591	-2.2354	1.5000	325.0000	55.0000	739429.525240
67.1751	-2.2354	1.5000	326.2500	55.0000	739429.525240
67.2753	-2.2354	1.5000	333.7500	55.0000	739429.525240
67.3926	-2.2354	1.5000	342.5000	55.0000	739429.525240
67.4927	-2.2354	1.5000	350.0000	55.0000	739429.525240
67.6092	-2.2354	1.5000	358.7500	55.0000	739429.525240
67.7262	-2.2354	1.5000	367.5000	55.0000	739429.525240
67.8264	-2.2354	1.5000	375.0000	55.0000	739429.525240
67.9424	-2.2354	1.5000	383.7500	55.0000	739429.525240
68.0585	-2.2354	1.5000	391.2500	55.0000	739429.525240
68.1602	-2.2354	1.5000	391.2500	55.0000	739429.525240
68.2760	-2.2354	1.5000	391.2500	55.0000	739429.525240
68.3920	-2.2354	1.5000	391.2500	55.0000	739429.525240
68.4934	-2.2354	1.5000	392.5000	55.0000	739429.525240
68.6082	-2.2354	1.5000	401.2500	55.0000	739429.525240
68.7085	-2.2354	1.5000	408.7500	55.0000	739429.525240
68.8262	-2.2354	1.5000	417.5000	55.0000	739429.525240
68.9417	-2.2354	1.5000	426.2500	55.0000	739429.525240
69.0427	-2.2354	1.5000	433.7500	55.0000	739429.525240
69.1584	-2.2354	1.5000	442.5000	55.0000	739429.525240
69.2747	-2.2354	1.5000	446.2500	55.0000	739429.525240
69.3749	-2.2354	1.5000	446.2500	55.0000	739429.525240
69.4760	-2.2354	1.5000	446.2500	55.0000	739429.525240
69.5917	-2.2354	1.5000	446.2500	55.0000	739429.525240
69.6933	-2.2354	1.5000	446.2500	55.0000	739429.525240
69.7935	-2.2354	1.5000	446.2500	55.0000	739429.525240
69.9093	-2.2354	1.5000	452.5000	55.0000	739429.525240
70.0251	-2.2354	1.5000	456.2500	55.0000	739429.525240
70.1254	-2.2354	1.5000	457.5000	55.0000	739429.525240
70.2424	-2.2354	1.5000	465.0000	55.0000	739429.525240
70.3601	-2.2354	1.5000	465.0000	55.0000	739429.525240
70.4759	-2.2354	1.5000	465.0000	55.0000	739429.525240
70.5919	-2.2354	1.5000	465.0000	55.0000	739429.525240
70.6935	-2.2354	1.5000	465.0000	55.0000	739429.525240
70.8083	-2.2354	1.5000	465.0000	55.0000	739429.525240
70.9092	-2.2354	1.5000	466.2500	55.0000	739429.525240
71.0270	-2.2354	1.5000	475.0000	55.0000	739429.525240
71.1417	-2.2354	1.5000	483.7500	55.0000	739429.525240
71.2428	-2.2354	1.5000	491.2500	55.0000	739429.525240
71.3430	-2.2354	1.5000	498.7500	55.0000	739429.525240
71.4591	-2.2354	1.5000	501.2500	55.0000	739429.525240
71.5595	-2.2354	1.5000	501.2500	55.0000	739429.525240
71.6780	-2.2354	1.5000	493.7500	55.0000	739429.525240
71.7933	-2.2354	1.5000	487.5000	55.0000	739429.525240
71.9086	-2.2354	1.5000	487.5000	55.0000	739429.525240
72.0255	-2.2354	1.5000	487.5000	55.0000	739429.525240
72.1427	-2.2354	1.5000	487.5000	55.0000	739429.525240
72.2584	-2.2354	1.5000	488.7500	55.0000	739429.525240
72.3586	-2.2354	1.5000	496.2500	55.0000	739429.525240
72.4755	-2.2354	1.5000	496.2500	55.0000	739429.525240
72.5917	-2.2354	1.5000	500.0000	55.0000	739429.525240
72.6919	-2.2354	1.5000	507.5000	55.0000	739429.525240
72.7935	-2.2354	1.5000	507.5000	55.0000	739429.525240
72.9082	-2.2101	1.5161	507.5000	55.0000	739429.525240
73.0085	-2.0583	1.6128	507.5000	55.0000	739429.525240
73.1263	-1.9824	1.6611	507.5000	55.0000	739429.525240
73.2418	-1.9824	1.6611	507.5000	55.0000	739429.525240
73.3586	-1.9824	1.6611	507.5000	55.0000	739429.525240
73.4749	-1.9824	1.6611	498.7500	55.0000	739429.525240
73.5929	-1.9824	1.6611	495.0000	55.0000	739429.525240
73.7083	-1.9824	1.6611	495.0000	55.0000	739429.525240
73.8252	-1.9824	1.6611	495.0000	55.0000	739429.525240
73.9261	-1.8763	1.7672	495.0000	55.0000	739429.525240
74.0417	-1.8551	1.7884	495.0000	55.0000	739429.525240
74.1597	-1.8551	1.7884	495.0000	55.0000	739429.525240
74.2752	-1.8339	1.8096	495.0000	55.0000	739429.525240
74.3922	-1.7915	1.8521	495.0000	55.0000	739429.525240
74.4928	-1.7915	1.8521	495.0000	55.0000	739429.525240
74.5928	-1.7915	1.8521	491.2500	55.0000	739429.525240
74.7086	-1.7915	1.8521	487.5000	55.0000	739429.525240
74.8253	-1.7915	1.8521	485.0000	55.0000	739429.525240
74.9415	-1.7915	1.8521	476.2500	55.0000	739429.525240
75.0595	-1.7915	1.8521	467.5000	55.0000	739429.525240
75.1750	-1.7915	1.8521	458.7500	55.0000	739429.525240
75.2951	-1.7915	1.8521	455.0000	55.0000	739429.525240
75.4092	-1.7732	2.0613	455.0000	55.0000	739429.525240
75.5252	-1.7549	2.2705	455.0000	55.0000	739429.525240
75.6268	-1.7392	2.4498	455.0000	55.0000	739429.525240
75.7426	-1.7313	2.5394	455.0000	55.0000	739429.525240
75.8587	-1.7313	2.5394	455.0000	55.0000	739429.525240
75.9592	-1.7313	2.5394	450.0000	55.0000	739429.525240
76.0752	-1.7313	2.5394	441.2500	55.0000	739429.525240
76.1759	-1.7313	2.5394	433.7500	55.0000	739429.525240
76.2767	-1.7313	2.5394	428.7500	55.0000	739429.525240
76.3920	-1.7313	2.5394	428.7500	55.0000	739429.525240
76.5100	-1.7313	2.5394	428.7500	55.0000	739429.525240
76.6252	-1.7640	2.6233	428.7500	55.0000	739429.525240
76.7268	-1.8292	2.7911	428.7500	55.0000	739429.525240
76.8425	-1.8649	2.9290	428.7500	55.0000	739429.525240
76.9585	-1.8649	2.9429	428.7500	55.0000	739429.525240
77.0601	-1.8649	2.9429	428.7500	55.0000	739429.525240
77.1758	-1.8649	2.9429	428.7500	55.0000	739429.525240
77.2759	-1.8649	2.9429	428.7500	55.0000	739429.525240
77.3935	-1.8649	2.9429	433.7500	55.0000	739429.525240
77.4957	-1.8649	2.9429	441.2500	55.0000	739429.525240
77.6096	-1.8649	2.9429	443.7500	55.0000	739429.525240
77.7251	-1.8649	2.9429	443.7500	55.0000	739429.525240
77.8427	-1.8649	2.9429	435.0000	55.0000	739429.525240
77.9582	-1.8649	2.9429	426.2500	55.0000	739429.525240
78.0585	-1.8649	2.9429	418.7500	55.0000	739429.525240
78.1587	-1.8649	2.9429	411.2500	55.0000	739429.525240
78.2750	-1.8649	2.9429	402.5000	55.0000	739429.525240
78.3915	-1.8649	2.9429	401.2500	55.0000	739429.525240
78.4919	-1.8649	2.9429	401.2500	55.0000	739429.525240
78.5920	-1.8627	2.9689	401.2500	55.0000	739429.525240
78.6935	-1.8462	2.9671	401.2500	55.0000	739429.525240
78.8088	-1.8462	2.9671	401.2500	55.0000	739429.525240
78.9091	-1.8462	2.9671	401.2500	55.0000	739429.525240
79.0267	-1.8462	2.9671	401.2500	55.0000	739429.525240
79.1415	-1.8462	2.9671	407.5000	55.0000	739429.525240
79.2425	-1.8462	2.9671	411.2500	55.0000	739429.525240
79.3602	-1.8462	2.9671	411.2500	55.0000	739429.525240
79.4766	-1.8462	2.9671	411.2500	55.0000	739429.525240
79.5919	-1.8650	2.9905	411.2500	55.0000	739429.525240
79.6953	-1.8661	3.0393	411.2500	55.0000	739429.525240
79.8084	-1.9976	3.2030	411.2500	55.0000	739429.525240
79.9087	-2.1102	3.3434	411.2500	55.0000	739429.525240
80.0094	-2.2041	3.4604	411.2500	55.0000	739429.525240
80.1259	-2.2041	3.4604	411.2500	55.0000	739429.525240
80.2420	-2.2041	3.4604	411.2500	55.0000	739429.525240
80.3443	-2.2041	3.4604	411.2500	55.0000	739429.525240
80.4582	-2.2041	3.4604	407.5000	55.0000	739429.525240
80.5605	-2.2041	3.4604	400.0000	55.0000	739429.525240
80.6759	-2.2041	3.4604	391.2500	55.0000	739429.525240
80.7916	-2.2041	3.4604	382.5000	55.0000	739429.525240
80.8921	-2.2041	3.4604	375.0000	55.0000	739429.525240
80.9925	-2.2041	3.4604	367.5000	55.0000	739429.525240
81.1092	-2.2041	3.4604	365.0000	55.0000	739429.525240
81.2253	-2.2041	3.4604	365.0000	55.0000	739429.525240
81.3268	-2.2041	3.4604	365.0000	55.0000	739429.525240
81.4425	-2.3834	3.4761	365.0000	55.0000	739429.525240
81.5586	-2.5926	3.4944	365.0000	55.0000	739429.525240
81.6600	-2.7719	3.5101	365.0000	55.0000	739429.525240
81.7751	-2.9811	3.5284	365.0000	55.0000	739429.525240
81.8753	-3.1605	3.5441	365.0000	55.0000	739429.525240
81.9763	-3.3398	3.5598	365.0000	55.0000	739429.525240
82.0925	-3.5490	3.5781	365.0000	55.0000	739429.525240
82.1946	-3.7283	3.5938	365.0000	55.0000	739429.525240
82.3092	-3.9375	3.6121	365.0000	55.0000	739429.525240
82.4255	-3.9375	3.6121	365.0000	55.0000	739429.525240
82.5416	-3.9375	3.6121	365.0000	55.0000	739429.525240
82.6582	-3.9375	3.6121	365.0000	55.0000	739429.525240
82.7761	-3.9375	3.6121	365.0000	55.0000	739429.525240
82.8915	-3.9375	3.6121	365.0000	55.0000	739429.525240
83.0086	-3.9375	3.6121	365.0000	55.0000	739429.525240
83.1250	-3.9674	3.6147	365.0000	55.0000	739429.525240
83.2436	-4.1766	3.6330	365.0000	55.0000	739429.525240
83.3584	-4.3260	3.6461	365.0000	55.0000	739429.525240
83.4760	-4.3260	3.6461	365.0000	55.0000	739429.525240
83.5915	-4.3260	3.6461	365.0000	55.0000	739429.525240
83.7088	-4.3260	3.6461	365.0000	55.0000	739429.525240
83.8258	-4.3260	3.6461	365.0000	55.0000	739429.525240
83.9424	-4.5053	3.6617	365.0000	55.0000	739429.525240
84.0581	-4.5053	3.6617	365.0000	55.0000	739429.525240
84.1592	-4.5053	3.6617	365.0000	55.0000	739429.525240
84.2752	-4.5053	3.6617	365.0000	55.0000	739429.525240
84.3770	-4.5053	3.6617	365.0000	55.0000	739429.525240
84.4920	-4.5053	3.6617	365.0000	55.0000	739429.525240
84.5925	-4.5053	3.6617	365.0000	55.0000	739429.525240
84.7110	-4.5053	3.6617	356.2500	55.0000	739429.525240
84.8255	-4.5053	3.6617	347.5000	55.0000	739429.525240
84.9420	-4.5053	3.6617	346.2500	55.0000	739429.525240
85.0583	-4.5053	3.6617	346.2500	55.0000	739429.525240
85.1750	-4.5053	3.6617	346.2500	55.0000	739429.525240
85.2753	-4.5053	3.6617	346.2500	55.0000	739429.525240
85.3771	-4.6510	3.6261	346.2500	55.0000	739429.525240
85.4924	-4.8259	3.5833	346.2500	55.0000	739429.525240
85.6115	-4.8259	3.5833	346.2500	55.0000	739429.525240
85.7254	-4.8259	3.5833	340.0000	55.0000	739429.525240
85.8258	-4.8259	3.5833	332.5000	55.0000	739429.525240
85.9424	-4.8259	3.5833	323.7500	55.0000	739429.525240
86.0453	-4.8259	3.5833	316.2500	55.0000	739429.525240
86.1595	-4.8259	3.5833	307.5000	55.0000	739429.525240
86.2753	-4.8259	3.5833	300.0000	55.0000	739429.525240
86.3769	-4.8259	3.5833	300.0000	55.0000	739429.525240
86.4925	-4.8259	3.5833	300.0000	55.0000	739429.525240
86.6091	-4.8259	3.5833	302.5000	55.0000	739429.525240
86.7094	-4.8259	3.5833	310.0000	55.0000	739429.525240
86.8260	-4.8259	3.5833	310.0000	55.0000	739429.525240
86.9277	-4.8644	3.5373	310.0000	55.0000	739429.525240
87.0427	-4.9994	3.3765	310.0000	55.0000	739429.525240
87.1582	-5.0766	3.2845	310.0000	55.0000	739429.525240
87.2592	-5.0766	3.2845	310.0000	55.0000	739429.525240
87.3601	-5.0766	3.2845	310.0000	55.0000	739429.525240
87.4606	-5.0766	3.2845	316.2500	55.0000	739429.525240
87.5752	-5.0766	3.2845	325.0000	55.0000	739429.525240
87.6934	-5.0766	3.2845	333.7500	55.0000	739429.525240
87.8093	-5.0766	3.2845	342.5000	55.0000	739429.525240
87.9254	-5.0766	3.2845	351.2500	55.0000	739429.525240
88.0259	-5.0766	3.2845	358.7500	55.0000	739429.525240
88.1262	-5.0766	3.2845	366.2500	55.0000	739429.525240
88.2417	-5.0766	3.2845	375.0000	55.0000	739429.525240
88.3434	-5.0766	3.2845	382.5000	55.0000	739429.525240
88.4593	-5.0766	3.2845	383.7500	55.0000	739429.525240
88.5752	-5.0766	3.2845	383.7500	55.0000	739429.525240
88.6767	-5.0766	3.2845	383.7500	55.0000	739429.525240
88.7966	-5.0766	3.2845	390.0000	55.0000	739429.525240
88.9089	-5.0766	3.2845	392.5000	55.0000	739429.525240
89.0094	-5.0766	3.2845	393.7500	55.0000	739429.525240
89.1249	-5.0766	3.2845	402.5000	55.0000	739429.525240
89.2260	-5.0766	3.2845	402.5000	55.0000	739429.525240
89.3267	-5.0766	3.2845	407.5000	55.0000	739429.525240
89.4425	-5.0766	3.2845	416.2500	55.0000	739429.525240
89.5593	-5.0766	3.2845	425.0000	55.0000	739429.525240
89.6767	-5.0766	3.2845	426.2500	55.0000	739429.525240
89.7915	-5.0766	3.2845	426.2500	55.0000	739429.525240
89.8918	-5.0766	3.2845	426.2500	55.0000	739429.525240
89.9932	-5.1249	3.3944	426.2500	55.0000	739429.525240
90.1091	-5.1732	3.5042	426.2500	55.0000	739429.525240
90.2117	-5.1732	3.5042	426.2500	55.0000	739429.525240
90.3257	-5.1732	3.5042	421.2500	55.0000	739429.525240
90.4296	-5.1732	3.5042	416.2500	55.0000	739429.525240
90.5427	-5.1732	3.5042	417.5000	55.0000	739429.525240
90.6584	-5.1732	3.5042	426.2500	55.0000	739429.525240
90.7591	-5.1732	3.5042	428.7500	55.0000	739429.525240
90.8751	-5.1732	3.5042	428.7500	55.0000	739429.525240
90.9769	-5.1732	3.5042	428.7500	55.0000	739429.525240
91.0924	-5.2385	3.6720	428.7500	55.0000	739429.525240
91.2085	-5.3146	3.8677	428.7500	55.0000	739429.525240
91.3102	-5.3798	4.0355	428.7500	55.0000	739429.525240
91.4117	-5.4342	4.1753	428.7500	55.0000	739429.525240
91.5254	-5.4342	4.1753	428.7500	55.0000	739429.525240
91.6285	-5.4342	4.1753	430.0000	55.0000	739429.525240
91.7424	-5.4342	4.1753	438.7500	55.0000	739429.525240
91.8584	-5.4342	4.1753	443.7500	55.0000	739429.525240
91.9758	-5.4440	4.2647	443.7500	55.0000	739429.525240
92.0924	-5.4668	4.4735	443.7500	55.0000	739429.525240
92.2082	-5.4897	4.6822	443.7500	55.0000	739429.525240
92.3247	-5.5060	4.8313	443.7500	55.0000	739429.525240
92.4250	-5.5060	4.8313	443.7500	55.0000	739429.525240
92.5418	-5.5060	4.8313	443.7500	55.0000	739429.525240
92.6583	-5.5060	4.8313	452.5000	55.0000	739429.525240
92.7747	-5.5060	4.8313	461.2500	55.0000	739429.525240
92.8751	-5.5060	4.8313	468.7500	55.0000	739429.525240
92.9919	-5.5060	4.8313	477.5000	55.0000	739429.525240
93.1086	-5.5060	4.8313	486.2500	55.0000	739429.525240
93.2252	-5.5060	4.8313	495.0000	55.0000	739429.525240
93.3419	-5.5060	4.8313	503.7500	55.0000	739429.525240
93.4588	-5.5060	4.8313	511.2500	55.0000	739429.525240
93.5751	-5.5060	4.8313	511.2500	55.0000	739429.525240
93.6915	-5.5060	4.8313	511.2500	55.0000	739429.525240
93.8095	-5.5060	4.8313	503.7500	55.0000	739429.525240
93.9249	-5.5060	4.8313	498.7500	55.0000	739429.525240
94.0251	-5.5060	4.8313	498.7500	55.0000	739429.525240
94.1420	-5.5060	4.8313	498.7500	55.0000	739429.525240
94.2583	-5.5060	4.8313	498.7500	55.0000	739429.525240
94.3754	-5.5060	4.8313	498.7500	55.0000	739429.525240
94.4926	-5.5060	4.8313	498.7500	55.0000	739429.525240
94.6114	-5.5060	4.8313	498.7500	55.0000	739429.525240
94.7248	-5.3932	4.9302	498.7500	55.0000	739429.525240
94.8293	-5.2579	5.0489	498.7500	55.0000	739429.525240
94.9416	-5.1000	5.1874	498.7500	55.0000	739429.525240
95.0423	-5.1000	5.1874	498.7500	55.0000	739429.525240
95.1425	-5.1000	5.1874	498.7500	55.0000	739429.525240
95.2599	-5.1000	5.1874	490.0000	55.0000	739429.525240
95.3747	-5.1000	5.1874	485.0000	55.0000	739429.525240
95.4759	-5.1000	5.1874	485.0000	55.0000	739429.525240
95.5925	-5.1000	5.1874	485.0000	55.0000	739429.525240
95.7082	-5.1000	5.1874	485.0000	55.0000	739429.525240
95.8085	-5.1000	5.1874	485.0000	55.0000	739429.525240
95.9093	-5.1000	5.1874	492.5000	55.0000	739429.525240
96.0259	-5.1000	5.1874	495.0000	55.0000	739429.525240
96.1418	-5.1000	5.1874	495.0000	55.0000	739429.525240
96.2434	-4.9728	5.3147	495.0000	55.0000	739429.525240
96.3590	-4.8879	5.3995	495.0000	55.0000	739429.525240
96.4752	-4.8879	5.3995	495.0000	55.0000	739429.525240
96.5758	-4.8879	5.3995	495.0000	55.0000	739429.525240
96.6914	-4.8879	5.3995	502.5000	55.0000	739429.525240
96.7927	-4.8879	5.3995	510.0000	55.0000	739429.525240
96.9101	-4.8879	5.3995	518.7500	55.0000	739429.525240
97.0256	-4.8879	5.3995	526.2500	55.0000	739429.525240
97.1415	-4.8879	5.3995	526.2500	55.0000	739429.525240
97.2581	-4.8879	5.3995	526.2500	55.0000	739429.525240
97.3584	-4.8879	5.3995	526.2500	55.0000	739429.525240
97.4751	-4.8879	5.3995	526.2500	55.0000	739429.525240
97.5754	-4.8879	5.3995	526.2500	55.0000	739429.525240
97.6938	-4.8588	5.4067	526.2500	55.0000	739429.525240
97.8082	-4.6548	5.4566	526.2500	55.0000	739429.525240
97.9252	-4.4508	5.5065	526.2500	55.0000	739429.525240
98.0261	-4.2760	5.5493	526.2500	55.0000	739429.525240
98.1415	-4.0720	5.5992	526.2500	55.0000	739429.525240
98.2585	-3.8680	5.6491	526.2500	55.0000	739429.525240
98.3586	-3.7806	5.6705	526.2500	55.0000	739429.525240
98.4750	-3.7806	5.6705	526.2500	55.0000	739429.525240
98.5918	-3.7806	5.6705	518.7500	55.0000	739429.525240
98.7085	-3.7806	5.6705	510.0000	55.0000	739429.525240
98.8252	-3.7806	5.6705	507.5000	55.0000	739429.525240
98.9415	-3.7806	5.6705	507.5000	55.0000	739429.525240
99.0586	-3.7806	5.6705	507.5000	55.0000	739429.525240
99.1750	-3.8565	5.6221	507.5000	55.0000	739429.525240
99.2751	-4.0083	5.5254	507.5000	55.0000	739429.525240
99.3754	-4.1601	5.4287	507.5000	55.0000	739429.525240
99.4761	-4.3119	5.3320	507.5000	55.0000	739429.525240
99.5913	-4.4890	5.2192	507.5000	55.0000	739429.525240
99.6917	-4.6408	5.1224	507.5000	55.0000	739429.525240
99.8096	-4.8179	5.0096	507.5000	55.0000	739429.525240
99.9247	-4.9951	4.8968	507.5000	55.0000	739429.525240
100.0250	-5.0963	4.8323	507.5000	55.0000	739429.525240
100.1253	-5.0963	4.8323	507.5000	55.0000	739429.525240
100.2439	-5.0963	4.8323	507.5000	55.0000	739429.525240
100.3582	-5.0963	4.8323	515.0000	55.0000	739429.525240
100.4588	-5.0963	4.8323	522.5000	55.0000	739429.525240
100.5594	-5.0963	4.8323	530.0000	55.0000	739429.525240
100.6752	-5.0963	4.8323	538.7500	55.0000	739429.525240
100.7917	-5.0963	4.8323	547.5000	55.0000	739429.525240
100.9087	-5.0963	4.8323	547.5000	55.0000	739429.525240
101.0249	-5.0963	4.8323	547.5000	55.0000	739429.525240
101.1252	-5.0963	4.8323	547.5000	55.0000	739429.525240
101.2416	-4.9773	4.8166	547.5000	55.0000	739429.525240
101.3583	-4.7691	4.7892	547.5000	55.0000	739429.525240
101.4758	-4.5609	4.7618	547.5000	55.0000	739429.525240
101.5925	-4.3527	4.7344	547.5000	55.0000	739429.525240
101.6931	-4.1742	4.7109	547.5000	55.0000	739429.525240
101.8091	-3.9660	4.6835	547.5000	55.0000	739429.525240
101.9257	-3.7578	4.6561	547.5000	55.0000	739429.525240
102.0433	-3.5496	4.6287	547.5000	55.0000	739429.525240
102.1593	-3.3414	4.6013	547.5000	55.0000	739429.525240
102.2752	-3.1332	4.5739	547.5000	55.0000	739429.525240
102.3760	-2.9547	4.5504	547.5000	55.0000	739429.525240
102.4914	-2.7465	4.5230	547.5000	55.0000	739429.525240
102.6082	-2.5383	4.4955	547.5000	55.0000	739429.525240
102.7249	-2.3301	4.4681	547.5000	55.0000	739429.525240
102.8419	-2.1219	4.4407	547.5000	55.0000	739429.525240
102.9595	-1.9137	4.4133	547.5000	55.0000	739429.525240
103.0596	-1.7353	4.3898	547.5000	55.0000	739429.525240
103.1748	-1.5271	4.3624	547.5000	55.0000	739429.525240
103.2751	-1.3486	4.3389	547.5000	55.0000	739429.525240
103.3752	-1.3486	4.3389	547.5000	55.0000	739429.525240
103.4753	-1.3486	4.3389	547.5000	55.0000	739429.525240
103.5914	-1.3486	4.3389	547.5000	55.0000	739429.525240
103.7083	-1.3486	4.3389	547.5000	55.0000	739429.525240
103.8086	-1.3486	4.3389	546.2500	55.0000	739429.525240
103.9254	-1.3486	4.3389	537.5000	55.0000	739429.525240
104.0419	-1.3486	4.3389	537.5000	55.0000	739429.525240
104.1587	-1.3486	4.3389	537.5000	55.0000	739429.525240
104.2748	-1.3486	4.3389	537.5000	55.0000	739429.525240
104.3753	-1.3486	4.3389	531.2500	55.0000	739429.525240
104.4763	-1.3486	4.3389	523.7500	55.0000	739429.525240
104.5915	-1.3486	4.3389	523.7500	55.0000	739429.525240
104.6927	-1.3486	4.3389	521.2500	55.0000	739429.525240
104.8082	-1.3486	4.3389	512.5000	55.0000	739429.525240
104.9084	-1.3486	4.3389	511.2500	55.0000	739429.525240
105.0092	-1.3486	4.3389	511.2500	55.0000	739429.525240
105.1251	-1.3486	4.3389	507.5000	55.0000	739429.525240
105.2266	-1.3486	4.3389	501.2500	55.0000	739429.525240
105.3413	-1.3486	4.3389	501.2500	55.0000	739429.525240
105.4420	-1.3486	4.3389	501.2500	55.0000	739429.525240
105.5422	-1.3486	4.3389	503.7500	55.0000	739429.525240
105.6592	-1.3486	4.3389	512.5000	55.0000	739429.525240
105.7751	-1.3486	4.3389	521.2500	55.0000	739429.525240
105.8766	-1.3486	4.3389	523.7500	55.0000	739429.525240
105.9924	-1.3486	4.3389	523.7500	55.0000	739429.525240
106.1085	-1.3486	4.3389	520.0000	55.0000	739429.525240
106.2100	-1.3486	4.3389	512.5000	55.0000	739429.525240
106.3258	-1.3486	4.3389	511.2500	55.0000	739429.525240
106.4260	-1.3486	4.3389	511.2500	55.0000	739429.525240
106.5435	-1.3486	4.3389	511.2500	55.0000	739429.525240
106.6580	-1.3486	4.3389	511.2500	55.0000	739429.525240
106.7589	-1.2697	4.3822	511.2500	55.0000	739429.525240
106.8618	-1.1119	4.4688	511.2500	55.0000	739429.525240
106.9759	-0.9278	4.5698	511.2500	55.0000	739429.525240
107.0919	-0.8226	4.6275	511.2500	55.0000	739429.525240
107.1933	-0.8226	4.6275	511.2500	55.0000	739429.525240
107.3082	-0.8226	4.6275	505.0000	55.0000	739429.525240
107.4093	-0.8226	4.6275	497.5000	55.0000	739429.525240
107.5267	-0.8226	4.6275	488.7500	55.0000	739429.525240
107.6413	-0.8226	4.6275	480.0000	55.0000	739429.525240
107.7434	-0.7574	4.7626	475.0000	55.0000	739429.525240
107.8591	-0.6687	4.9529	475.0000	55.0000	739429.525240
107.9748	-0.6433	5.0073	475.0000	55.0000	739429.525240
108.0754	-0.6433	5.0073	475.0000	55.0000	739429.525240
108.1926	-0.6433	5.0073	476.2500	55.0000	739429.525240
108.3086	-0.6433	5.0073	485.0000	55.0000	739429.525240
108.4248	-0.6433	5.0073	492.5000	55.0000	739429.525240
108.5418	-0.6433	5.0073	492.5000	55.0000	739429.525240
108.6581	-0.6433	5.0073	492.5000	55.0000	739429.525240
108.7583	-0.5825	5.0736	492.5000	55.0000	739429.525240
108.8751	-0.4406	5.2285	492.5000	55.0000	739429.525240
108.9753	-0.3190	5.3612	492.5000	55.0000	739429.525240
109.0915	-0.1771	5.5160	492.5000	55.0000	739429.525240
109.1917	-0.0555	5.6487	492.5000	55.0000	739429.525240
109.3082	0.0863	5.8035	492.5000	55.0000	739429.525240
109.4084	0.2079	5.9363	492.5000	55.0000	739429.525240
