T	X	Y	HEADING	PERPSECTIVE_ANGLE	NOW_NUM
0.1176	0.0000	0.0000	45.0000	55.0000	739429.525240
0.2264	0.0000	0.0000	45.0000	55.0000	739429.525240
0.3312	0.0000	0.0000	45.0000	55.0000	739429.525240
0.4435	0.0000	0.0000	45.0000	55.0000	739429.525240
0.5451	0.0000	0.0000	45.0000	55.0000	739429.525240
0.6608	0.0000	0.0000	45.0000	55.0000	739429.525240
0.7610	0.0000	0.0000	45.0000	55.0000	739429.525240
0.8799	0.0000	0.0000	45.0000	55.0000	739429.525240
0.9808	-0.0849	0.0849	45.0000	55.0000	739429.525240
1.0943	-0.0849	0.0849	45.0000	55.0000	739429.525240
1.2109	-0.0849	0.0849	45.0000	55.0000	739429.525240
1.3268	-0.0849	0.0849	45.0000	55.0000	739429.525240
1.4276	-0.0849	0.0849	45.0000	55.0000	739429.525240
1.5285	-0.0849	0.0849	45.0000	55.0000	739429.525240
1.6445	-0.0849	0.0849	45.0000	55.0000	739429.525240
1.7605	-0.0849	0.0849	45.0000	55.0000	739429.525240
1.8619	-0.0849	0.0849	45.0000	55.0000	739429.525240
1.9778	-0.0849	0.0849	45.0000	55.0000	739429.525240
2.0937	-0.0849	0.0849	45.0000	55.0000	739429.525240
2.1945	-0.0849	0.0849	45.0000	55.0000	739429.525240
2.3098	-0.0849	0.0849	45.0000	55.0000	739429.525240
2.4103	-0.0849	0.0849	45.0000	55.0000	739429.525240
2.5275	-0.0849	0.0849	45.0000	55.0000	739429.525240
2.6432	-0.0849	0.0849	52.5000	55.0000	739429.525240
2.7435	-0.0849	0.0849	58.7500	55.0000	739429.525240
2.8442	-0.1004	0.1105	58.7500	55.0000	739429.525240
2.9605	-0.2094	0.2900	58.7500	55.0000	739429.525240
3.0610	-0.3027	0.4439	58.7500	55.0000	739429.525240
3.1775	-0.3650	0.5465	58.7500	55.0000	739429.525240
3.2776	-0.3650	0.5465	58.7500	55.0000	739429.525240
3.3958	-0.3650	0.5465	58.7500	55.0000	739429.525240
3.5102	-0.3650	0.5465	55.0000	55.0000	739429.525240
3.6110	-0.3650	0.5465	55.0000	55.0000	739429.525240
3.7277	-0.3650	0.5465	55.0000	55.0000	739429.525240
3.8433	-0.3650	0.5465	62.5000	55.0000	739429.525240
3.9442	-0.3650	0.5465	70.0000	55.0000	739429.525240
4.0447	-0.3650	0.5465	77.5000	55.0000	739429.525240
4.1608	-0.3650	0.5465	86.2500	55.0000	739429.525240
4.2777	-0.3650	0.5465	95.0000	55.0000	739429.525240
4.3952	-0.3650	0.5465	96.2500	55.0000	739429.525240
4.5102	-0.3454	0.7254	96.2500	55.0000	739429.525240
4.6268	-0.3225	0.9342	96.2500	55.0000	739429.525240
4.7433	-0.2997	1.1429	96.2500	55.0000	739429.525240
4.8435	-0.2801	1.3219	96.2500	55.0000	739429.525240
4.9437	-0.2605	1.5008	96.2500	55.0000	739429.525240
5.0444	-0.2409	1.6797	96.2500	55.0000	739429.525240
5.1612	-0.2344	1.7394	96.2500	55.0000	739429.525240
5.2770	-0.2344	1.7394	96.2500	55.0000	739429.525240
5.3808	-0.2344	1.7394	92.5000	55.0000	739429.525240
5.4934	-0.2344	1.7394	83.7500	55.0000	739429.525240
5.5944	-0.2344	1.7394	76.2500	55.0000	739429.525240
5.6951	-0.2344	1.7394	68.7500	55.0000	739429.525240
5.8109	-0.2344	1.7394	63.7500	55.0000	739429.525240
5.9270	-0.2344	1.7394	63.7500	55.0000	739429.525240
6.0285	-0.2609	1.7932	63.7500	55.0000	739429.525240
6.1443	-0.3538	1.9815	63.7500	55.0000	739429.525240
6.2605	-0.3538	1.9815	63.7500	55.0000	739429.525240
6.3609	-0.3538	1.9815	63.7500	55.0000	739429.525240
6.4776	-0.3538	1.9815	60.0000	55.0000	739429.525240
6.5937	-0.3538	1.9815	51.2500	55.0000	739429.525240
6.6985	-0.3538	1.9815	43.7500	55.0000	739429.525240
6.8099	-0.3538	1.9815	35.0000	55.0000	739429.525240
6.9104	-0.3538	1.9815	27.5000	55.0000	739429.525240
7.0111	-0.3538	1.9815	20.0000	55.0000	739429.525240
7.1115	-0.3538	1.9815	12.5000	55.0000	739429.525240
7.2276	-0.3538	1.9815	6.2500	55.0000	739429.525240
7.3442	-0.4731	1.9946	6.2500	55.0000	739429.525240
7.4449	-0.6520	2.0142	6.2500	55.0000	739429.525240
7.5609	-0.8607	2.0371	6.2500	55.0000	739429.525240
7.6615	-0.8693	2.0563	6.2500	55.0000	739429.525240
7.7776	-0.8760	2.0827	6.2500	55.0000	739429.525240
7.8940	-0.9200	2.1149	6.2500	55.0000	739429.525240
7.9952	-0.9778	2.1275	6.2500	55.0000	739429.525240
8.1108	-0.9778	2.1275	12.5000	55.0000	739429.525240
8.2269	-0.9778	2.1275	21.2500	55.0000	739429.525240
8.3317	-0.9778	2.1275	23.7500	55.0000	739429.525240
8.4434	-1.1700	2.2121	23.7500	55.0000	739429.525240
8.5444	-1.3348	2.2846	23.7500	55.0000	739429.525240
8.6452	-1.4995	2.3571	23.7500	55.0000	739429.525240
8.7714	-1.6917	2.4416	23.7500	55.0000	739429.525240
8.8772	-1.8565	2.5141	23.7500	55.0000	739429.525240
8.9785	-1.8565	2.5141	18.7500	55.0000	739429.525240
9.0943	-1.8565	2.5141	10.0000	55.0000	739429.525240
9.2104	-1.8565	2.5141	1.2500	55.0000	739429.525240
9.3113	-1.8565	2.5141	-6.2500	55.0000	739429.525240
9.4269	-2.0623	2.4732	-15.0000	55.0000	739429.525240
9.5282	-2.2327	2.4154	-20.0000	55.0000	739429.525240
9.6452	-2.2890	2.3948	-17.5000	55.0000	739429.525240
9.7601	-2.2890	2.3948	-8.7500	55.0000	739429.525240
9.8767	-2.2890	2.3948	0.0000	55.0000	739429.525240
9.9768	-2.2890	2.3948	7.5000	55.0000	739429.525240
10.0774	-2.2890	2.3948	15.0000	55.0000	739429.525240
10.1936	-2.2890	2.3948	16.2500	55.0000	739429.525240
10.2951	-2.3178	2.4032	16.2500	55.0000	739429.525240
10.4108	-2.5195	2.4620	16.2500	55.0000	739429.525240
10.5269	-2.7211	2.5208	16.2500	55.0000	739429.525240
10.6285	-2.8939	2.5711	16.2500	55.0000	739429.525240
10.7444	-3.0955	2.6299	16.2500	55.0000	739429.525240
10.8603	-3.1531	2.6467	16.2500	55.0000	739429.525240
10.9618	-3.1531	2.6467	23.7500	55.0000	739429.525240
11.0768	-3.1531	2.6467	32.5000	55.0000	739429.525240
11.1778	-3.1531	2.6467	40.0000	55.0000	739429.525240
11.2950	-3.1531	2.6467	48.7500	55.0000	739429.525240
11.4102	-3.1531	2.6467	53.7500	55.0000	739429.525240
11.5108	-3.1531	2.6467	53.7500	55.0000	739429.525240
11.6270	-3.1531	2.6467	53.7500	55.0000	739429.525240
11.7434	-3.1531	2.6467	53.7500	55.0000	739429.525240
11.8437	-3.1531	2.6467	53.7500	55.0000	739429.525240
11.9602	-3.2063	2.7193	53.7500	55.0000	739429.525240
12.0604	-3.3127	2.8644	53.7500	55.0000	739429.525240
12.1765	-3.3127	2.8644	53.7500	55.0000	739429.525240
12.2769	-3.3127	2.8644	53.7500	55.0000	739429.525240
12.3785	-3.3127	2.8644	55.0000	55.0000	739429.525240
12.4934	-3.3127	2.8644	63.7500	55.0000	739429.525240
12.5942	-3.3127	2.8644	71.2500	55.0000	739429.525240
12.7108	-3.3127	2.8644	80.0000	55.0000	739429.525240
12.8119	-3.3127	2.8644	83.7500	55.0000	739429.525240
12.9276	-3.3127	2.8644	83.7500	55.0000	739429.525240
13.0439	-3.3258	2.9837	83.7500	55.0000	739429.525240
13.1601	-3.3487	3.1925	83.7500	55.0000	739429.525240
13.2609	-3.3683	3.3714	83.7500	55.0000	739429.525240
13.3770	-3.3911	3.5802	83.7500	55.0000	739429.525240
13.4785	-3.4107	3.7591	83.7500	55.0000	739429.525240
13.5951	-3.4303	3.9380	83.7500	55.0000	739429.525240
13.6952	-3.4303	3.9380	87.5000	55.0000	739429.525240
13.8110	-3.4303	3.9380	96.2500	55.0000	739429.525240
13.9277	-3.4303	3.9380	105.0000	55.0000	739429.525240
14.0451	-3.4303	3.9380	113.7500	55.0000	739429.525240
14.1600	-3.4303	3.9380	122.5000	55.0000	739429.525240
14.2602	-3.4303	3.9380	130.0000	55.0000	739429.525240
14.3617	-3.4303	3.9380	137.5000	55.0000	739429.525240
14.4769	-3.3626	3.9974	138.7500	55.0000	739429.525240
14.5776	-3.2273	4.1160	138.7500	55.0000	739429.525240
14.6951	-3.0694	4.2545	138.7500	55.0000	739429.525240
14.8101	-2.9115	4.3930	138.7500	55.0000	739429.525240
14.9108	-2.8213	4.4721	138.7500	55.0000	739429.525240
15.0273	-2.8213	4.4721	138.7500	55.0000	739429.525240
15.1441	-2.8213	4.4721	138.7500	55.0000	739429.525240
15.2602	-2.8213	4.4721	138.7500	55.0000	739429.525240
15.3617	-2.8213	4.4721	138.7500	55.0000	739429.525240
15.4776	-2.8213	4.4721	135.0000	55.0000	739429.525240
15.5935	-2.8213	4.4721	126.2500	55.0000	739429.525240
15.7099	-2.8213	4.4721	117.5000	55.0000	739429.525240
15.8279	-2.8213	4.4721	115.0000	55.0000	739429.525240
15.9433	-2.8086	4.4993	115.0000	55.0000	739429.525240
16.0435	-2.7326	4.6624	115.0000	55.0000	739429.525240
16.1599	-2.6438	4.8527	115.0000	55.0000	739429.525240
16.2603	-2.6058	4.9343	115.0000	55.0000	739429.525240
16.3769	-2.6058	4.9343	115.0000	55.0000	739429.525240
16.4934	-2.6058	4.9343	106.2500	55.0000	739429.525240
16.5966	-2.6058	4.9343	98.7500	55.0000	739429.525240
16.7098	-2.6058	4.9343	90.0000	55.0000	739429.525240
16.8101	-2.6058	4.9343	82.5000	55.0000	739429.525240
16.9106	-2.6058	4.9343	75.0000	55.0000	739429.525240
17.0268	-2.6058	4.9343	66.2500	55.0000	739429.525240
17.1270	-2.6058	4.9343	58.7500	55.0000	739429.525240
17.2432	-2.6058	4.9343	50.0000	55.0000	739429.525240
17.3434	-2.6058	4.9343	47.5000	55.0000	739429.525240
17.4436	-2.6058	4.9343	47.5000	55.0000	739429.525240
17.5451	-2.6058	4.9343	47.5000	55.0000	739429.525240
17.6607	-2.6058	4.9343	47.5000	55.0000	739429.525240
17.7609	-2.6058	4.9343	47.5000	55.0000	739429.525240
17.8627	-2.6869	5.0228	47.5000	55.0000	739429.525240
17.9774	-2.8287	5.1776	47.5000	55.0000	739429.525240
18.0971	-2.8287	5.1776	47.5000	55.0000	739429.525240
18.2120	-2.8287	5.1776	46.2500	55.0000	739429.525240
18.3266	-2.8287	5.1776	37.5000	55.0000	739429.525240
18.4268	-2.8287	5.1776	30.0000	55.0000	739429.525240
18.5283	-2.8287	5.1776	22.5000	55.0000	739429.525240
18.6441	-2.8287	5.1776	15.0000	55.0000	739429.525240
18.7603	-2.8287	5.1776	15.0000	55.0000	739429.525240
18.8618	-2.8287	5.1776	15.0000	55.0000	739429.525240
18.9775	-2.8287	5.1776	15.0000	55.0000	739429.525240
19.0777	-2.8867	5.1931	15.0000	55.0000	739429.525240
19.1951	-3.0895	5.2475	15.0000	55.0000	739429.525240
19.3098	-3.2924	5.3018	15.0000	55.0000	739429.525240
19.4102	-3.4662	5.3484	15.0000	55.0000	739429.525240
19.5118	-3.6401	5.3950	15.0000	55.0000	739429.525240
19.6273	-3.8430	5.4494	15.0000	55.0000	739429.525240
19.7435	-4.0458	5.5037	15.0000	55.0000	739429.525240
19.8442	-4.2197	5.5503	15.0000	55.0000	739429.525240
19.9608	-4.3646	5.5891	13.7500	55.0000	739429.525240
20.0770	-4.3646	5.5891	5.0000	55.0000	739429.525240
20.1784	-4.3646	5.5891	-2.5000	55.0000	739429.525240
20.2932	-4.3646	5.5891	-11.2500	55.0000	739429.525240
20.3977	-4.3646	5.5891	-18.7500	55.0000	739429.525240
20.5143	-4.3646	5.5891	-27.5000	55.0000	739429.525240
20.6264	-4.3646	5.5891	-36.2500	55.0000	739429.525240
20.7268	-4.3646	5.5891	-43.7500	55.0000	739429.525240
20.8272	-4.3646	5.5891	-51.2500	55.0000	739429.525240
20.9441	-4.3646	5.5891	-55.0000	55.0000	739429.525240
21.0599	-4.4850	5.4171	-55.0000	55.0000	739429.525240
21.1764	-4.6055	5.2451	-55.0000	55.0000	739429.525240
21.2770	-4.6748	5.1472	-51.2500	55.0000	739429.525240
21.3779	-4.6748	5.1472	-43.7500	55.0000	739429.525240
21.4969	-4.6748	5.1472	-35.0000	55.0000	739429.525240
21.6098	-4.6748	5.1472	-31.2500	55.0000	739429.525240
21.7111	-4.7518	5.1005	-31.2500	55.0000	739429.525240
21.8136	-4.7518	5.1005	-33.7500	55.0000	739429.525240
21.9276	-4.7518	5.1005	-42.5000	55.0000	739429.525240
22.0453	-4.7518	5.1005	-51.2500	55.0000	739429.525240
22.1599	-4.8151	4.9986	-60.0000	55.0000	739429.525240
22.2611	-4.8929	4.8364	-67.5000	55.0000	739429.525240
22.3784	-4.9430	4.6950	-71.2500	55.0000	739429.525240
22.4942	-4.9430	4.6950	-71.2500	55.0000	739429.525240
22.6140	-4.9430	4.6950	-66.2500	55.0000	739429.525240
22.7276	-4.9430	4.6950	-57.5000	55.0000	739429.525240
22.8433	-4.9430	4.6950	-48.7500	55.0000	739429.525240
22.9446	-4.9430	4.6950	-46.2500	55.0000	739429.525240
23.0637	-4.9430	4.6950	-46.2500	55.0000	739429.525240
23.1768	-4.9430	4.6950	-46.2500	55.0000	739429.525240
23.2936	-4.9430	4.6950	-46.2500	55.0000	739429.525240
23.4101	-4.9430	4.6950	-46.2500	55.0000	739429.525240
23.5270	-4.8392	4.8034	-46.2500	55.0000	739429.525240
23.6431	-4.6940	4.9551	-46.2500	55.0000	739429.525240
23.7435	-4.5695	5.0851	-46.2500	55.0000	739429.525240
23.8600	-4.4243	5.2368	-46.2500	55.0000	739429.525240
23.9764	-4.2791	5.3885	-46.2500	55.0000	739429.525240
24.0778	-4.1546	5.5185	-46.2500	55.0000	739429.525240
24.1934	-4.0094	5.6702	-46.2500	55.0000	739429.525240
24.3099	-3.9057	5.7786	-46.2500	55.0000	739429.525240
24.4110	-3.9057	5.7786	-46.2500	55.0000	739429.525240
24.5269	-3.9057	5.7786	-53.7500	55.0000	739429.525240
24.6435	-3.9057	5.7786	-62.5000	55.0000	739429.525240
24.7444	-3.9057	5.7786	-70.0000	55.0000	739429.525240
24.8603	-3.9057	5.7786	-77.5000	55.0000	739429.525240
24.9768	-3.9057	5.7786	-77.5000	55.0000	739429.525240
25.0769	-3.9122	5.7493	-77.5000	55.0000	739429.525240
25.1935	-3.9576	5.5443	-77.5000	55.0000	739429.525240
25.2944	-3.9836	5.4271	-77.5000	55.0000	739429.525240
25.4100	-3.9836	5.4271	-77.5000	55.0000	739429.525240
25.5267	-3.9836	5.4271	-70.0000	55.0000	739429.525240
25.6286	-3.9836	5.4271	-65.0000	55.0000	739429.525240
25.7436	-3.9836	5.4271	-65.0000	55.0000	739429.525240
25.8598	-4.0343	5.3184	-65.0000	55.0000	739429.525240
25.9600	-4.1104	5.1552	-65.0000	55.0000	739429.525240
26.0610	-4.1865	4.9921	-65.0000	55.0000	739429.525240
26.1768	-4.2752	4.8018	-65.0000	55.0000	739429.525240
26.2931	-4.3259	4.6930	-65.0000	55.0000	739429.525240
26.3933	-4.3259	4.6930	-65.0000	55.0000	739429.525240
26.4935	-4.3259	4.6930	-65.0000	55.0000	739429.525240
26.5937	-4.3259	4.6930	-70.0000	55.0000	739429.525240
26.7101	-4.3259	4.6930	-78.7500	55.0000	739429.525240
26.8268	-4.3259	4.6930	-87.5000	55.0000	739429.525240
26.9436	-4.3259	4.6930	-92.5000	55.0000	739429.525240
27.0446	-4.3259	4.6930	-92.5000	55.0000	739429.525240
27.1597	-4.3233	4.6331	-92.5000	55.0000	739429.525240
27.2602	-4.3155	4.4532	-92.5000	55.0000	739429.525240
27.3766	-4.3063	4.2434	-92.5000	55.0000	739429.525240
27.4944	-4.2971	4.0336	-92.5000	55.0000	739429.525240
27.6102	-4.2880	3.8238	-92.5000	55.0000	739429.525240
27.7266	-4.2788	3.6140	-92.5000	55.0000	739429.525240
27.8279	-4.2710	3.4342	-92.5000	55.0000	739429.525240
27.9439	-4.2618	3.2244	-92.5000	55.0000	739429.525240
28.0601	-4.2527	3.0146	-92.5000	55.0000	739429.525240
28.1607	-4.2448	2.8348	-92.5000	55.0000	739429.525240
28.2620	-4.2370	2.6550	-92.5000	55.0000	739429.525240
28.3765	-4.2278	2.4452	-92.5000	55.0000	739429.525240
28.4777	-4.2199	2.2653	-92.5000	55.0000	739429.525240
28.5936	-4.2108	2.0555	-92.5000	55.0000	739429.525240
28.7098	-4.2095	2.0256	-88.7500	55.0000	739429.525240
28.8099	-4.2095	2.0256	-81.2500	55.0000	739429.525240
28.9271	-4.2095	2.0256	-72.5000	55.0000	739429.525240
29.0277	-4.2095	2.0256	-65.0000	55.0000	739429.525240
29.1433	-4.2095	2.0256	-60.0000	55.0000	739429.525240
29.2438	-4.2095	2.0256	-60.0000	55.0000	739429.525240
29.3603	-4.2995	1.8697	-60.0000	55.0000	739429.525240
29.4768	-4.3745	1.7398	-60.0000	55.0000	739429.525240
29.5937	-4.3745	1.7398	-60.0000	55.0000	739429.525240
29.7100	-4.3745	1.7398	-62.5000	55.0000	739429.525240
29.8284	-4.3745	1.7398	-71.2500	55.0000	739429.525240
29.9442	-4.3745	1.7398	-80.0000	55.0000	739429.525240
30.0602	-4.3745	1.7398	-80.0000	55.0000	739429.525240
30.1767	-4.3745	1.7398	-80.0000	55.0000	739429.525240
30.2774	-4.3745	1.7398	-80.0000	55.0000	739429.525240
30.3935	-4.4109	1.5330	-80.0000	55.0000	739429.525240
30.4950	-4.4422	1.3557	-80.0000	55.0000	739429.525240
30.6097	-4.4787	1.1489	-80.0000	55.0000	739429.525240
30.7108	-4.4787	1.1489	-80.0000	55.0000	739429.525240
30.8286	-4.4787	1.1489	-77.5000	55.0000	739429.525240
30.9432	-4.4787	1.1489	-68.7500	55.0000	739429.525240
31.0440	-4.4787	1.1489	-61.2500	55.0000	739429.525240
31.1452	-4.4787	1.1489	-53.7500	55.0000	739429.525240
31.2607	-4.4787	1.1489	-53.7500	55.0000	739429.525240
31.3617	-4.4787	1.1489	-53.7500	55.0000	739429.525240
31.4811	-4.6028	0.9795	-53.7500	55.0000	739429.525240
31.5942	-4.7093	0.8344	-53.7500	55.0000	739429.525240
31.7103	-4.7093	0.8344	-53.7500	55.0000	739429.525240
31.8110	-4.7093	0.8344	-50.0000	55.0000	739429.525240
31.9118	-4.7093	0.8344	-42.5000	55.0000	739429.525240
32.0276	-4.7093	0.8344	-33.7500	55.0000	739429.525240
32.1435	-4.7093	0.8344	-31.2500	55.0000	739429.525240
32.2472	-4.7606	0.8032	-31.2500	55.0000	739429.525240
32.3615	-4.9401	0.6943	-31.2500	55.0000	739429.525240
32.4778	-5.0940	0.6009	-31.2500	55.0000	739429.525240
32.5942	-5.0940	0.6009	-31.2500	55.0000	739429.525240
32.7098	-5.0940	0.6009	-32.5000	55.0000	739429.525240
32.8128	-5.0940	0.6009	-40.0000	55.0000	739429.525240
32.9267	-5.0940	0.6009	-46.2500	55.0000	739429.525240
33.0433	-5.1977	0.4926	-46.2500	55.0000	739429.525240
33.1601	-5.3429	0.3409	-46.2500	55.0000	739429.525240
33.2602	-5.4674	0.2108	-46.2500	55.0000	739429.525240
33.3766	-5.6042	0.0849	-46.2500	55.0000	739429.525240
33.4938	-5.7494	-0.0668	-46.2500	55.0000	739429.525240
33.6103	-5.8739	-0.1968	-46.2500	55.0000	739429.525240
33.7278	-5.8739	-0.1968	-46.2500	55.0000	739429.525240
33.8432	-5.8739	-0.1968	-46.2500	55.0000	739429.525240
33.9602	-5.8739	-0.1968	-46.2500	55.0000	739429.525240
34.0766	-5.8739	-0.1968	-46.2500	55.0000	739429.525240
34.1936	-5.8739	-0.1968	-46.2500	55.0000	739429.525240
34.2937	-5.8739	-0.1968	-46.2500	55.0000	739429.525240
34.4100	-5.8739	-0.1968	-46.2500	55.0000	739429.525240
34.5101	-5.8739	-0.1968	-41.2500	55.0000	739429.525240
34.6104	-5.8739	-0.1968	-33.7500	55.0000	739429.525240
34.7290	-5.8739	-0.1968	-28.7500	55.0000	739429.525240
34.8434	-6.0054	-0.2690	-28.7500	55.0000	739429.525240
