T	X	Y	HEADING	PERPSECTIVE_ANGLE	NOW_NUM
0.1285	0.0000	0.0000	45.0000	55.0000	739582.631510
0.2466	0.0000	0.0000	45.0000	55.0000	739582.631510
0.3631	0.0000	0.0000	45.0000	55.0000	739582.631510
0.4662	0.0000	0.0000	45.0000	55.0000	739582.631510
0.5818	0.0000	0.0000	45.0000	55.0000	739582.631510
0.6820	0.0000	0.0000	45.0000	55.0000	739582.631510
0.7821	0.0000	0.0000	45.0000	55.0000	739582.631510
0.8989	0.0000	0.0000	45.0000	55.0000	739582.631510
0.9991	0.0000	0.0000	45.0000	55.0000	739582.631510
1.1157	0.0000	0.0000	45.0000	55.0000	739582.631510
1.2158	0.0000	0.0000	45.0000	55.0000	739582.631510
1.3159	-0.0849	0.0849	45.0000	55.0000	739582.631510
1.4329	-0.1838	0.1838	45.0000	55.0000	739582.631510
1.5495	-0.2828	0.2828	45.0000	55.0000	739582.631510
1.6498	-0.3677	0.3677	45.0000	55.0000	739582.631510
1.7662	-0.4667	0.4667	45.0000	55.0000	739582.631510
1.8830	-0.5657	0.5657	45.0000	55.0000	739582.631510
1.9831	-0.6505	0.6505	45.0000	55.0000	739582.631510
2.1000	-0.7495	0.7495	45.0000	55.0000	739582.631510
2.2166	-0.7778	0.7778	45.0000	55.0000	739582.631510
2.3170	-0.7778	0.7778	45.0000	55.0000	739582.631510
2.4334	-0.7778	0.7778	45.0000	55.0000	739582.631510
2.5336	-0.7778	0.7778	45.0000	55.0000	739582.631510
2.6505	-0.7778	0.7778	45.0000	55.0000	739582.631510
2.7507	-0.7778	0.7778	45.0000	55.0000	739582.631510
2.8674	-0.7778	0.7778	45.0000	55.0000	739582.631510
2.9840	-0.7778	0.7778	45.0000	55.0000	739582.631510
3.0840	-0.7778	0.7778	45.0000	55.0000	739582.631510
3.1842	-0.7778	0.7778	45.0000	55.0000	739582.631510
3.3009	-0.7920	0.7920	45.0000	55.0000	739582.631510
3.4177	-0.8910	0.8910	45.0000	55.0000	739582.631510
3.5178	-0.9758	0.9758	45.0000	55.0000	739582.631510
3.6346	-1.0748	1.0748	45.0000	55.0000	739582.631510
3.7515	-1.0889	1.0889	47.4400	55.0000	739582.631510
3.8681	-1.0889	1.0889	55.9800	55.0000	739582.631510
3.9683	-1.0889	1.0889	63.3000	55.0000	739582.631510
4.0849	-1.0889	1.0889	71.8400	55.0000	739582.631510
4.1852	-1.0889	1.0889	79.1600	55.0000	739582.631510
4.3018	-1.0889	1.0889	80.3800	55.0000	739582.631510
4.4187	-1.0889	1.0889	80.3800	55.0000	739582.631510
4.5355	-1.0889	1.0889	80.3800	55.0000	739582.631510
4.6357	-1.0889	1.0889	85.2600	55.0000	739582.631510
4.7357	-1.0889	1.0889	92.5800	55.0000	739582.631510
4.8523	-1.0871	1.1289	92.5800	55.0000	739582.631510
4.9524	-1.0817	1.2488	92.5800	55.0000	739582.631510
5.0525	-1.0763	1.3687	92.5800	55.0000	739582.631510
5.1526	-1.0709	1.4885	92.5800	55.0000	739582.631510
5.2527	-1.0655	1.6084	92.5800	55.0000	739582.631510
5.3529	-1.0628	1.6684	91.3600	55.0000	739582.631510
5.4695	-1.0628	1.6684	82.8200	55.0000	739582.631510
5.5696	-1.0628	1.6684	75.5000	55.0000	739582.631510
5.6696	-1.0628	1.6684	69.4000	55.0000	739582.631510
5.7697	-1.0910	1.7432	69.4000	55.0000	739582.631510
5.8710	-1.1332	1.8556	69.4000	55.0000	739582.631510
5.9866	-1.1825	1.9866	69.4000	55.0000	739582.631510
6.1033	-1.2317	2.1177	69.4000	55.0000	739582.631510
6.2034	-1.2739	2.2300	69.4000	55.0000	739582.631510
6.3035	-1.3162	2.3423	69.4000	55.0000	739582.631510
6.4036	-1.3584	2.4546	69.4000	55.0000	739582.631510
6.5037	-1.4006	2.5670	69.4000	55.0000	739582.631510
6.6038	-1.4428	2.6793	69.4000	55.0000	739582.631510
6.7039	-1.4850	2.7916	69.4000	55.0000	739582.631510
6.8207	-1.5128	2.8667	74.2800	55.0000	739582.631510
6.9209	-1.5128	2.8667	81.6000	55.0000	739582.631510
7.0378	-1.5128	2.8667	90.1400	55.0000	739582.631510
7.1542	-1.5128	2.8667	98.6800	55.0000	739582.631510
7.2545	-1.5128	2.8667	106.0000	55.0000	739582.631510
7.3546	-1.5128	2.8667	113.3200	55.0000	739582.631510
7.4546	-1.5128	2.8667	120.6400	55.0000	739582.631510
7.5548	-1.5128	2.8667	127.9600	55.0000	739582.631510
7.6714	-1.5128	2.8667	127.9600	55.0000	739582.631510
7.7715	-1.5128	2.8667	130.4000	55.0000	739582.631510
7.8715	-1.5128	2.8667	137.7200	55.0000	739582.631510
7.9716	-1.5128	2.8667	145.0400	55.0000	739582.631510
8.0886	-1.5128	2.8667	153.5800	55.0000	739582.631510
8.2055	-1.5128	2.8667	162.1200	55.0000	739582.631510
8.3221	-1.5128	2.8667	170.6600	55.0000	739582.631510
8.4388	-1.5128	2.8667	179.2000	55.0000	739582.631510
8.5389	-1.5128	2.8667	186.5200	55.0000	739582.631510
8.6557	-1.5128	2.8667	195.0600	55.0000	739582.631510
8.7559	-1.5128	2.8667	202.3800	55.0000	739582.631510
8.8725	-1.5128	2.8667	210.9200	55.0000	739582.631510
8.9727	-1.5128	2.8667	218.2400	55.0000	739582.631510
9.0894	-1.5128	2.8667	226.7800	55.0000	739582.631510
9.1896	-1.5128	2.8667	234.1000	55.0000	739582.631510
9.3062	-1.4673	2.8009	235.3200	55.0000	739582.631510
9.4063	-1.3990	2.7022	235.3200	55.0000	739582.631510
9.5065	-1.3307	2.6035	235.3200	55.0000	739582.631510
9.6066	-1.2738	2.5213	235.3200	55.0000	739582.631510
9.7232	-1.2738	2.5213	243.8600	55.0000	739582.631510
9.8234	-1.2738	2.5213	251.1800	55.0000	739582.631510
9.9402	-1.2738	2.5213	259.7200	55.0000	739582.631510
10.0405	-1.2738	2.5213	267.0400	55.0000	739582.631510
10.1569	-1.2738	2.5213	275.5800	55.0000	739582.631510
10.2571	-1.2738	2.5213	282.9000	55.0000	739582.631510
10.3737	-1.2921	2.4641	287.7800	55.0000	739582.631510
10.4739	-1.3288	2.3499	287.7800	55.0000	739582.631510
10.5740	-1.3654	2.2356	287.7800	55.0000	739582.631510
10.6907	-1.4082	2.1023	287.7800	55.0000	739582.631510
10.7909	-1.4448	1.9880	287.7800	55.0000	739582.631510
10.8910	-1.4815	1.8738	287.7800	55.0000	739582.631510
10.9910	-1.5181	1.7595	287.7800	55.0000	739582.631510
11.0915	-1.5548	1.6452	287.7800	55.0000	739582.631510
11.2079	-1.5975	1.5119	287.7800	55.0000	739582.631510
11.3084	-1.6341	1.3976	287.7800	55.0000	739582.631510
11.4247	-1.6769	1.2643	287.7800	55.0000	739582.631510
11.5249	-1.7135	1.1501	287.7800	55.0000	739582.631510
11.6250	-1.7502	1.0358	287.7800	55.0000	739582.631510
11.7427	-1.7807	0.9406	289.0000	55.0000	739582.631510
11.8586	-1.7807	0.9406	297.5400	55.0000	739582.631510
11.9764	-1.7807	0.9406	306.0800	55.0000	739582.631510
12.0921	-1.7807	0.9406	314.6200	55.0000	739582.631510
12.1924	-1.7807	0.9406	321.9400	55.0000	739582.631510
12.3091	-1.7807	0.9406	330.4800	55.0000	739582.631510
12.4257	-1.7807	0.9406	339.0200	55.0000	739582.631510
12.5259	-1.7807	0.9406	346.3400	55.0000	739582.631510
12.6425	-1.8205	0.9361	353.6600	55.0000	739582.631510
12.7434	-1.8846	0.9225	353.6600	55.0000	739582.631510
12.8594	-1.9154	0.9043	353.6600	55.0000	739582.631510
12.9761	-1.9516	0.8827	353.6600	55.0000	739582.631510
13.0770	-2.0472	0.8672	353.6600	55.0000	739582.631510
13.1930	-2.0869	0.8627	353.6600	55.0000	739582.631510
13.2932	-2.0869	0.8627	353.6600	55.0000	739582.631510
13.3933	-2.0869	0.8627	348.7800	55.0000	739582.631510
13.4940	-2.0869	0.8627	341.4600	55.0000	739582.631510
13.6101	-2.0869	0.8627	336.5800	55.0000	739582.631510
13.7110	-2.0869	0.8627	336.5800	55.0000	739582.631510
13.8274	-2.1971	0.8150	336.5800	55.0000	739582.631510
13.9437	-2.3255	0.7594	336.5800	55.0000	739582.631510
14.0441	-2.4356	0.7117	336.5800	55.0000	739582.631510
14.1605	-2.5641	0.6561	336.5800	55.0000	739582.631510
14.2608	-2.6742	0.6084	336.5800	55.0000	739582.631510
14.3773	-2.8027	0.5527	336.5800	55.0000	739582.631510
14.4776	-2.9128	0.5050	336.5800	55.0000	739582.631510
14.5942	-3.0413	0.4494	336.5800	55.0000	739582.631510
14.6943	-3.1514	0.4017	336.5800	55.0000	739582.631510
14.7945	-3.2647	0.3623	343.9000	55.0000	739582.631510
14.9112	-3.2647	0.3623	352.4400	55.0000	739582.631510
15.0114	-3.2647	0.3623	359.7600	55.0000	739582.631510
15.1116	-3.2647	0.3623	367.0800	55.0000	739582.631510
15.2281	-3.2647	0.3623	375.6200	55.0000	739582.631510
15.3282	-3.2647	0.3623	382.9400	55.0000	739582.631510
15.4283	-3.2647	0.3623	390.2600	55.0000	739582.631510
15.5452	-3.2647	0.3623	398.8000	55.0000	739582.631510
15.6620	-3.2647	0.3623	407.3400	55.0000	739582.631510
15.7786	-3.2647	0.3623	413.4400	55.0000	739582.631510
15.8787	-3.3004	0.4105	413.4400	55.0000	739582.631510
15.9955	-3.3838	0.5230	413.4400	55.0000	739582.631510
16.1123	-3.4672	0.6354	413.4400	55.0000	739582.631510
16.2290	-3.5506	0.7479	413.4400	55.0000	739582.631510
16.3291	-3.6221	0.8443	413.4400	55.0000	739582.631510
16.4293	-3.6935	0.9407	413.4400	55.0000	739582.631510
16.5460	-3.7769	1.0531	413.4400	55.0000	739582.631510
16.6476	-3.8484	1.1495	413.4400	55.0000	739582.631510
16.7476	-3.9199	1.2459	413.4400	55.0000	739582.631510
16.8628	-4.0033	1.3583	413.4400	55.0000	739582.631510
16.9629	-4.0390	1.4065	413.4400	55.0000	739582.631510
17.0630	-4.0390	1.4065	418.3200	55.0000	739582.631510
17.1631	-4.0390	1.4065	425.6400	55.0000	739582.631510
17.2634	-4.0390	1.4065	432.9600	55.0000	739582.631510
17.3646	-4.0390	1.4065	440.2800	55.0000	739582.631510
17.4801	-4.0390	1.4065	448.8200	55.0000	739582.631510
17.5803	-4.0390	1.4065	456.1400	55.0000	739582.631510
17.6972	-4.0390	1.4065	462.2400	55.0000	739582.631510
17.8137	-4.0390	1.4065	462.2400	55.0000	739582.631510
17.9139	-4.0390	1.4065	454.9200	55.0000	739582.631510
18.0306	-4.0390	1.4065	446.3800	55.0000	739582.631510
18.1309	-4.0390	1.4065	439.0600	55.0000	739582.631510
18.2310	-4.0390	1.4065	431.7400	55.0000	739582.631510
18.3478	-4.0390	1.4065	429.3000	55.0000	739582.631510
18.4643	-4.0532	1.4440	429.3000	55.0000	739582.631510
18.5645	-4.0956	1.5562	429.3000	55.0000	739582.631510
18.6646	-4.1380	1.6685	429.3000	55.0000	739582.631510
18.7814	-4.1875	1.7994	429.3000	55.0000	739582.631510
18.8981	-4.2370	1.9304	429.3000	55.0000	739582.631510
19.0149	-4.2440	1.9491	432.9600	55.0000	739582.631510
19.1315	-4.2440	1.9491	441.5000	55.0000	739582.631510
19.2316	-4.2440	1.9491	448.8200	55.0000	739582.631510
19.3318	-4.2440	1.9491	456.1400	55.0000	739582.631510
19.4319	-4.2440	1.9491	463.4600	55.0000	739582.631510
19.5486	-4.2440	1.9491	472.0000	55.0000	739582.631510
19.6487	-4.2440	1.9491	479.3200	55.0000	739582.631510
19.7655	-4.2440	1.9491	487.8600	55.0000	739582.631510
19.8657	-4.2440	1.9491	495.1800	55.0000	739582.631510
19.9824	-4.2440	1.9491	503.7200	55.0000	739582.631510
20.0825	-4.2440	1.9491	511.0400	55.0000	739582.631510
20.1994	-4.2440	1.9491	519.5800	55.0000	739582.631510
20.3160	-4.2440	1.9491	528.1200	55.0000	739582.631510
20.4162	-4.2440	1.9491	535.4400	55.0000	739582.631510
20.5328	-4.2440	1.9491	537.8800	55.0000	739582.631510
20.6331	-4.2440	1.9491	537.8800	55.0000	739582.631510
20.7497	-4.2440	1.9491	537.8800	55.0000	739582.631510
20.8498	-4.2440	1.9491	537.8800	55.0000	739582.631510
20.9665	-4.2440	1.9491	546.4200	55.0000	739582.631510
21.0668	-4.2440	1.9491	547.6400	55.0000	739582.631510
21.1835	-4.1846	1.9411	547.6400	55.0000	739582.631510
21.2836	-4.0974	1.9213	547.6400	55.0000	739582.631510
21.3837	-4.0629	1.8917	547.6400	55.0000	739582.631510
21.4839	-3.9794	1.8693	547.6400	55.0000	739582.631510
21.6004	-3.8407	1.8507	547.6400	55.0000	739582.631510
21.7006	-3.7812	1.8427	547.6400	55.0000	739582.631510
21.8007	-3.7812	1.8427	547.6400	55.0000	739582.631510
21.9174	-3.7812	1.8427	556.1800	55.0000	739582.631510
22.0174	-3.7812	1.8427	563.5000	55.0000	739582.631510
22.1176	-3.7812	1.8427	569.6000	55.0000	739582.631510
22.2344	-3.7464	1.8230	569.6000	55.0000	739582.631510
22.3344	-3.6421	1.7637	569.6000	55.0000	739582.631510
22.4347	-3.5378	1.7044	569.6000	55.0000	739582.631510
22.5513	-3.4160	1.6353	569.6000	55.0000	739582.631510
22.6681	-3.3285	1.5870	564.7200	55.0000	739582.631510
22.7682	-3.3285	1.5870	557.4000	55.0000	739582.631510
22.8849	-3.3285	1.5870	548.8600	55.0000	739582.631510
23.0018	-3.3285	1.5870	540.3200	55.0000	739582.631510
23.1185	-3.3285	1.5870	533.0000	55.0000	739582.631510
23.2354	-3.2292	1.5992	533.0000	55.0000	739582.631510
23.3519	-3.0903	1.6163	533.0000	55.0000	739582.631510
23.4521	-2.9711	1.6309	533.0000	55.0000	739582.631510
23.5522	-2.8520	1.6455	533.0000	55.0000	739582.631510
23.6522	-2.7329	1.6601	533.0000	55.0000	739582.631510
23.7523	-2.6145	1.6790	528.1200	55.0000	739582.631510
23.8525	-2.6145	1.6790	520.8000	55.0000	739582.631510
23.9525	-2.6145	1.6790	513.4800	55.0000	739582.631510
24.0526	-2.6145	1.6790	506.1600	55.0000	739582.631510
24.1528	-2.6145	1.6790	498.8400	55.0000	739582.631510
24.2529	-2.6145	1.6790	491.5200	55.0000	739582.631510
24.3697	-2.6145	1.6790	482.9800	55.0000	739582.631510
24.4698	-2.6145	1.6790	475.6600	55.0000	739582.631510
24.5863	-2.6145	1.6790	467.1200	55.0000	739582.631510
24.6865	-2.6145	1.6790	462.2400	55.0000	739582.631510
24.8033	-2.6018	1.7376	462.2400	55.0000	739582.631510
24.9033	-2.5763	1.8549	462.2400	55.0000	739582.631510
25.0034	-2.5509	1.9721	462.2400	55.0000	739582.631510
25.1036	-2.5254	2.0894	462.2400	55.0000	739582.631510
25.2039	-2.5000	2.2067	462.2400	55.0000	739582.631510
25.3205	-2.4703	2.3435	462.2400	55.0000	739582.631510
25.4207	-2.4449	2.4608	462.2400	55.0000	739582.631510
25.5379	-2.4152	2.5976	462.2400	55.0000	739582.631510
25.6540	-2.3855	2.7344	462.2400	55.0000	739582.631510
25.7541	-2.3601	2.8517	462.2400	55.0000	739582.631510
25.8543	-2.3346	2.9690	462.2400	55.0000	739582.631510
25.9711	-2.3050	3.1058	462.2400	55.0000	739582.631510
26.0880	-2.2753	3.2426	462.2400	55.0000	739582.631510
26.2045	-2.2456	3.3794	462.2400	55.0000	739582.631510
26.3046	-2.2202	3.4967	462.2400	55.0000	739582.631510
26.4214	-2.1947	3.6343	457.3600	55.0000	739582.631510
26.5216	-2.1947	3.6343	450.0400	55.0000	739582.631510
26.6383	-2.1947	3.6343	447.6000	55.0000	739582.631510
26.7384	-2.1947	3.6343	447.6000	55.0000	739582.631510
26.8551	-2.1997	3.7542	447.6000	55.0000	739582.631510
26.9552	-2.2047	3.8741	447.6000	55.0000	739582.631510
27.0720	-2.2106	4.0139	447.6000	55.0000	739582.631510
27.1887	-2.2164	4.1538	447.6000	55.0000	739582.631510
27.2888	-2.2215	4.2737	447.6000	55.0000	739582.631510
27.4056	-2.2273	4.4136	447.6000	55.0000	739582.631510
27.5057	-2.2323	4.5335	447.6000	55.0000	739582.631510
27.6227	-2.2382	4.6734	447.6000	55.0000	739582.631510
27.7392	-2.2441	4.8132	447.6000	55.0000	739582.631510
27.8393	-2.2491	4.9331	447.6000	55.0000	739582.631510
27.9394	-2.2554	5.0530	445.1600	55.0000	739582.631510
28.0562	-2.2575	5.0728	436.6200	55.0000	739582.631510
28.1563	-2.2575	5.0728	429.3000	55.0000	739582.631510
28.2734	-2.2575	5.0728	420.7600	55.0000	739582.631510
28.3898	-2.2575	5.0728	412.2200	55.0000	739582.631510
28.5067	-2.2575	5.0728	403.6800	55.0000	739582.631510
28.6234	-2.2575	5.0728	395.1400	55.0000	739582.631510
28.7235	-2.2575	5.0728	387.8200	55.0000	739582.631510
28.8403	-2.2575	5.0728	387.8200	55.0000	739582.631510
28.9569	-2.3636	5.1288	387.8200	55.0000	739582.631510
29.0571	-2.4698	5.1848	387.8200	55.0000	739582.631510
29.1572	-2.5759	5.2409	387.8200	55.0000	739582.631510
29.2739	-2.6997	5.3062	387.8200	55.0000	739582.631510
29.3743	-2.8058	5.3622	387.8200	55.0000	739582.631510
29.4908	-2.8058	5.3622	387.8200	55.0000	739582.631510
29.6076	-2.8058	5.3622	382.9400	55.0000	739582.631510
29.7079	-2.8058	5.3622	375.6200	55.0000	739582.631510
29.8245	-2.8058	5.3622	367.0800	55.0000	739582.631510
29.9411	-2.8058	5.3622	358.5400	55.0000	739582.631510
30.0414	-2.8058	5.3622	351.2200	55.0000	739582.631510
30.1581	-2.8058	5.3622	342.6800	55.0000	739582.631510
30.2583	-2.8058	5.3622	335.3600	55.0000	739582.631510
30.3750	-2.8058	5.3622	326.8200	55.0000	739582.631510
30.4918	-2.8058	5.3622	318.2800	55.0000	739582.631510
30.6084	-2.8058	5.3622	309.7400	55.0000	739582.631510
30.7085	-2.8058	5.3622	302.4200	55.0000	739582.631510
30.8086	-2.8058	5.3622	295.1000	55.0000	739582.631510
30.9087	-2.8058	5.3622	289.0000	55.0000	739582.631510
31.0257	-2.8058	5.3622	289.0000	55.0000	739582.631510
31.1422	-2.8058	5.3622	289.0000	55.0000	739582.631510
31.2426	-2.8058	5.3622	289.0000	55.0000	739582.631510
31.3590	-2.8319	5.2866	289.0000	55.0000	739582.631510
31.4591	-2.8644	5.1920	289.0000	55.0000	739582.631510
31.5760	-2.8644	5.1920	286.5600	55.0000	739582.631510
31.6927	-2.8644	5.1920	278.0200	55.0000	739582.631510
31.7928	-2.8644	5.1920	270.7000	55.0000	739582.631510
31.8937	-2.8644	5.1920	263.3800	55.0000	739582.631510
32.0105	-2.8644	5.1920	263.3800	55.0000	739582.631510
32.1273	-2.8575	5.1324	263.3800	55.0000	739582.631510
32.2435	-2.8414	4.9933	263.3800	55.0000	739582.631510
32.3440	-2.8276	4.8741	263.3800	55.0000	739582.631510
32.4606	-2.8114	4.7351	263.3800	55.0000	739582.631510
32.5769	-2.7953	4.5960	263.3800	55.0000	739582.631510
32.6774	-2.7814	4.4768	263.3800	55.0000	739582.631510
32.7937	-2.7653	4.3377	263.3800	55.0000	739582.631510
32.8940	-2.7515	4.2185	263.3800	55.0000	739582.631510
32.9942	-2.7376	4.0993	263.3800	55.0000	739582.631510
33.1106	-2.7215	3.9603	263.3800	55.0000	739582.631510
33.2107	-2.7077	3.8411	263.3800	55.0000	739582.631510
33.3108	-2.6938	3.7219	263.3800	55.0000	739582.631510
33.4276	-2.6777	3.5828	263.3800	55.0000	739582.631510
33.5444	-2.6615	3.4437	263.3800	55.0000	739582.631510
33.6611	-2.6454	3.3047	263.3800	55.0000	739582.631510
33.7614	-2.6316	3.1855	263.3800	55.0000	739582.631510
33.8781	-2.6154	3.0464	263.3800	55.0000	739582.631510
33.9948	-2.5993	2.9073	263.3800	55.0000	739582.631510
34.1115	-2.5832	2.7683	263.3800	55.0000	739582.631510
34.2116	-2.5693	2.6491	263.3800	55.0000	739582.631510
34.3117	-2.5555	2.5299	263.3800	55.0000	739582.631510
34.4117	-2.5417	2.4107	263.3800	55.0000	739582.631510
34.5119	-2.5347	2.3511	265.8200	55.0000	739582.631510
34.6119	-2.5347	2.3511	273.1400	55.0000	739582.631510
34.7286	-2.5347	2.3511	281.6800	55.0000	739582.631510
34.8287	-2.5347	2.3511	289.0000	55.0000	739582.631510
34.9291	-2.5555	2.2948	290.2200	55.0000	739582.631510
35.0458	-2.6039	2.1634	290.2200	55.0000	739582.631510
35.1458	-2.6453	2.0508	290.2200	55.0000	739582.631510
35.2626	-2.6937	1.9194	290.2200	55.0000	739582.631510
35.3627	-2.7352	1.8068	290.2200	55.0000	739582.631510
35.4795	-2.7836	1.6754	290.2200	55.0000	739582.631510
35.5797	-2.7978	1.6381	296.3200	55.0000	739582.631510
35.6983	-2.7978	1.6381	304.8600	55.0000	739582.631510
35.8130	-2.7978	1.6381	313.4000	55.0000	739582.631510
35.9132	-2.7978	1.6381	320.7200	55.0000	739582.631510
36.0133	-2.7978	1.6381	328.0400	55.0000	739582.631510
36.1317	-2.7978	1.6381	336.5800	55.0000	739582.631510
36.2468	-2.7978	1.6381	345.1200	55.0000	739582.631510
36.3636	-2.7978	1.6381	353.6600	55.0000	739582.631510
36.4638	-2.7978	1.6381	359.7600	55.0000	739582.631510
36.5805	-2.7978	1.6381	359.7600	55.0000	739582.631510
36.6979	-2.7978	1.6381	354.8800	55.0000	739582.631510
36.8138	-2.8775	1.6309	354.8800	55.0000	739582.631510
36.9140	-2.9970	1.6202	354.8800	55.0000	739582.631510
37.0142	-3.1165	1.6095	354.8800	55.0000	739582.631510
37.1311	-3.2560	1.5970	354.8800	55.0000	739582.631510
37.2476	-3.3954	1.5845	354.8800	55.0000	739582.631510
37.3478	-3.4751	1.5774	354.8800	55.0000	739582.631510
37.4644	-3.4751	1.5774	362.2000	55.0000	739582.631510
37.5646	-3.4751	1.5774	369.5200	55.0000	739582.631510
37.6649	-3.4751	1.5774	376.8400	55.0000	739582.631510
37.7815	-3.4751	1.5774	381.7200	55.0000	739582.631510
37.8817	-3.5494	1.6070	381.7200	55.0000	739582.631510
37.9983	-3.6795	1.6588	381.7200	55.0000	739582.631510
38.1151	-3.8095	1.7106	381.7200	55.0000	739582.631510
38.2154	-3.9210	1.7550	381.7200	55.0000	739582.631510
38.3321	-4.0511	1.8068	381.7200	55.0000	739582.631510
38.4487	-4.1811	1.8586	381.7200	55.0000	739582.631510
38.5488	-4.2183	1.8734	385.3800	55.0000	739582.631510
38.6655	-4.2183	1.8734	393.9200	55.0000	739582.631510
38.7656	-4.2183	1.8734	401.2400	55.0000	739582.631510
38.8658	-4.2183	1.8734	408.5600	55.0000	739582.631510
38.9826	-4.2183	1.8734	417.1000	55.0000	739582.631510
39.0994	-4.2183	1.8734	425.6400	55.0000	739582.631510
39.2160	-4.2183	1.8734	434.1800	55.0000	739582.631510
39.3162	-4.2183	1.8734	441.5000	55.0000	739582.631510
39.4163	-4.2183	1.8734	448.8200	55.0000	739582.631510
39.5330	-4.2183	1.8734	457.3600	55.0000	739582.631510
39.6498	-4.2183	1.8734	465.9000	55.0000	739582.631510
39.7499	-4.2183	1.8734	473.2200	55.0000	739582.631510
39.8500	-4.2183	1.8734	480.5400	55.0000	739582.631510
39.9667	-4.2183	1.8734	489.0800	55.0000	739582.631510
40.0835	-4.2183	1.8734	497.6200	55.0000	739582.631510
40.2003	-4.2183	1.8734	506.1600	55.0000	739582.631510
40.3004	-4.2183	1.8734	513.4800	55.0000	739582.631510
40.4006	-4.2183	1.8734	520.8000	55.0000	739582.631510
40.5174	-4.2183	1.8734	529.3400	55.0000	739582.631510
40.6339	-4.2183	1.8734	537.8800	55.0000	739582.631510
40.7340	-4.2183	1.8734	545.2000	55.0000	739582.631510
40.8342	-4.2183	1.8734	552.5200	55.0000	739582.631510
40.9344	-4.2183	1.8734	559.8400	55.0000	739582.631510
41.0509	-4.2183	1.8734	568.3800	55.0000	739582.631510
41.1511	-4.2183	1.8734	570.8200	55.0000	739582.631510
41.2511	-4.2183	1.8734	570.8200	55.0000	739582.631510
41.3513	-4.1152	1.8119	570.8200	55.0000	739582.631510
41.4515	-4.0122	1.7505	570.8200	55.0000	739582.631510
41.5683	-3.9778	1.7300	573.2600	55.0000	739582.631510
41.6849	-3.9778	1.7300	581.8000	55.0000	739582.631510
41.7850	-3.9778	1.7300	589.1200	55.0000	739582.631510
41.9019	-3.9778	1.7300	597.6600	55.0000	739582.631510
42.0185	-3.9490	1.6773	601.3200	55.0000	739582.631510
42.1186	-3.8915	1.5721	601.3200	55.0000	739582.631510
42.2355	-3.8243	1.4492	601.3200	55.0000	739582.631510
42.3521	-3.7571	1.3264	601.3200	55.0000	739582.631510
42.4522	-3.6995	1.2211	601.3200	55.0000	739582.631510
42.5523	-3.6419	1.1159	601.3200	55.0000	739582.631510
42.6691	-3.5747	0.9930	601.3200	55.0000	739582.631510
42.7692	-3.5359	0.9231	597.6600	55.0000	739582.631510
42.8860	-3.5359	0.9231	589.1200	55.0000	739582.631510
42.9862	-3.5359	0.9231	581.8000	55.0000	739582.631510
43.1028	-3.5359	0.9231	573.2600	55.0000	739582.631510
43.2196	-3.5359	0.9231	564.7200	55.0000	739582.631510
43.3196	-3.5173	0.9159	561.0600	55.0000	739582.631510
43.4197	-3.4053	0.8727	561.0600	55.0000	739582.631510
43.5198	-3.2933	0.8296	561.0600	55.0000	739582.631510
43.6200	-3.1813	0.7865	561.0600	55.0000	739582.631510
43.7366	-3.0507	0.7362	561.0600	55.0000	739582.631510
43.8368	-2.9387	0.6931	561.0600	55.0000	739582.631510
43.9534	-2.8080	0.6428	561.0600	55.0000	739582.631510
44.0537	-2.6961	0.5996	561.0600	55.0000	739582.631510
44.1704	-2.5654	0.5493	561.0600	55.0000	739582.631510
44.2707	-2.4534	0.5062	561.0600	55.0000	739582.631510
44.3874	-2.3228	0.4559	561.0600	55.0000	739582.631510
44.5041	-2.2106	0.4132	558.6200	55.0000	739582.631510
44.6042	-2.2106	0.4132	551.3000	55.0000	739582.631510
44.7209	-2.2106	0.4132	542.7600	55.0000	739582.631510
44.8210	-2.2106	0.4132	537.8800	55.0000	739582.631510
44.9211	-2.1707	0.4147	537.8800	55.0000	739582.631510
45.0213	-2.0508	0.4191	537.8800	55.0000	739582.631510
45.1379	-1.9109	0.4243	537.8800	55.0000	739582.631510
45.2382	-1.7909	0.4287	537.8800	55.0000	739582.631510
45.3548	-1.6510	0.4339	537.8800	55.0000	739582.631510
45.4549	-1.5311	0.4383	537.8800	55.0000	739582.631510
45.5717	-1.3912	0.4435	537.8800	55.0000	739582.631510
45.6883	-1.2513	0.4487	537.8800	55.0000	739582.631510
45.7885	-1.1314	0.4531	537.8800	55.0000	739582.631510
45.8889	-1.0115	0.4576	537.8800	55.0000	739582.631510
46.0054	-0.8716	0.4623	539.1000	55.0000	739582.631510
46.1055	-0.8716	0.4623	546.4200	55.0000	739582.631510
46.2056	-0.8716	0.4623	553.7400	55.0000	739582.631510
46.3057	-0.8716	0.4623	561.0600	55.0000	739582.631510
46.4058	-0.8716	0.4623	568.3800	55.0000	739582.631510
46.5226	-0.8716	0.4623	576.9200	55.0000	739582.631510
46.6393	-0.8716	0.4623	585.4600	55.0000	739582.631510
46.7395	-0.8716	0.4623	591.5600	55.0000	739582.631510
46.8561	-0.8716	0.4623	595.2200	55.0000	739582.631510
46.9562	-0.8716	0.4623	602.5400	55.0000	739582.631510
47.0563	-0.8716	0.4623	609.8600	55.0000	739582.631510
47.1566	-0.8716	0.4623	617.1800	55.0000	739582.631510
47.2571	-0.8716	0.4623	624.5000	55.0000	739582.631510
47.3732	-0.8716	0.4623	633.0400	55.0000	739582.631510
47.4733	-0.8716	0.4623	640.3600	55.0000	739582.631510
47.5734	-0.8716	0.4623	647.6800	55.0000	739582.631510
47.6736	-0.8716	0.4623	655.0000	55.0000	739582.631510
47.7737	-0.8716	0.4623	662.3200	55.0000	739582.631510
47.8738	-0.8716	0.4623	669.6400	55.0000	739582.631510
47.9905	-0.8716	0.4623	678.1800	55.0000	739582.631510
48.0906	-0.8716	0.4623	685.5000	55.0000	739582.631510
48.1908	-0.8716	0.4623	692.8200	55.0000	739582.631510
48.3074	-0.8716	0.4623	701.3600	55.0000	739582.631510
48.4074	-0.8716	0.4623	708.6800	55.0000	739582.631510
48.5076	-0.8716	0.4623	716.0000	55.0000	739582.631510
48.6077	-0.8716	0.4623	723.3200	55.0000	739582.631510
48.7248	-0.8716	0.4623	731.8600	55.0000	739582.631510
48.8413	-0.8716	0.4623	740.4000	55.0000	739582.631510
48.9579	-0.8716	0.4623	744.0600	55.0000	739582.631510
49.0581	-0.8716	0.4623	744.0600	55.0000	739582.631510
49.1582	-0.8716	0.4623	747.7200	55.0000	739582.631510
49.2582	-0.8716	0.4623	755.0400	55.0000	739582.631510
49.3584	-0.8716	0.4623	762.3600	55.0000	739582.631510
49.4753	-0.8716	0.4623	770.9000	55.0000	739582.631510
49.5920	-0.8716	0.4623	772.1200	55.0000	739582.631510
49.7086	-0.8716	0.4623	772.1200	55.0000	739582.631510
49.8090	-0.8716	0.4623	772.1200	55.0000	739582.631510
49.9257	-0.8716	0.4623	772.1200	55.0000	739582.631510
50.0259	-0.9084	0.5097	772.1200	55.0000	739582.631510
50.1423	-0.9944	0.6202	772.1200	55.0000	739582.631510
50.2428	-1.0680	0.7149	772.1200	55.0000	739582.631510
50.3592	-1.1540	0.8254	772.1200	55.0000	739582.631510
50.4595	-1.2031	0.8885	774.5600	55.0000	739582.631510
50.5598	-1.2031	0.8885	781.8800	55.0000	739582.631510
50.6761	-1.2031	0.8885	790.4200	55.0000	739582.631510
50.7762	-1.2031	0.8885	797.7400	55.0000	739582.631510
50.8929	-1.2031	0.8885	806.2800	55.0000	739582.631510
50.9932	-1.2031	0.8885	813.6000	55.0000	739582.631510
51.1098	-1.2031	0.8885	814.8200	55.0000	739582.631510
51.2100	-1.1998	0.9284	814.8200	55.0000	739582.631510
51.3267	-1.1880	1.0679	814.8200	55.0000	739582.631510
51.4268	-1.1779	1.1875	814.8200	55.0000	739582.631510
51.5269	-1.1678	1.3071	814.8200	55.0000	739582.631510
51.6270	-1.1577	1.4266	814.8200	55.0000	739582.631510
51.7272	-1.1577	1.4266	809.9400	55.0000	739582.631510
51.8273	-1.1577	1.4266	802.6200	55.0000	739582.631510
51.9441	-1.1577	1.4266	795.3000	55.0000	739582.631510
52.0608	-1.1730	1.4847	795.3000	55.0000	739582.631510
52.1775	-1.2085	1.6201	795.3000	55.0000	739582.631510
52.2776	-1.2389	1.7362	795.3000	55.0000	739582.631510
52.3777	-1.2694	1.8522	795.3000	55.0000	739582.631510
52.4945	-1.3049	1.9877	795.3000	55.0000	739582.631510
52.6112	-1.3404	2.1231	795.3000	55.0000	739582.631510
52.7115	-1.3709	2.2391	795.3000	55.0000	739582.631510
52.8116	-1.4014	2.3552	795.3000	55.0000	739582.631510
52.9282	-1.4369	2.4906	795.3000	55.0000	739582.631510
53.0283	-1.4673	2.6067	795.3000	55.0000	739582.631510
53.1284	-1.4978	2.7228	795.3000	55.0000	739582.631510
53.2450	-1.5333	2.8582	795.3000	55.0000	739582.631510
53.3452	-1.5435	2.8969	800.1800	55.0000	739582.631510
53.4453	-1.5435	2.8969	807.5000	55.0000	739582.631510
53.5453	-1.5435	2.8969	814.8200	55.0000	739582.631510
53.6456	-1.5435	2.8969	816.0400	55.0000	739582.631510
53.7624	-1.5308	3.0162	816.0400	55.0000	739582.631510
53.8789	-1.5161	3.1554	816.0400	55.0000	739582.631510
53.9791	-1.5035	3.2748	816.0400	55.0000	739582.631510
54.0792	-1.4908	3.3941	816.0400	55.0000	739582.631510
54.1959	-1.4761	3.5333	816.0400	55.0000	739582.631510
54.2960	-1.4635	3.6527	816.0400	55.0000	739582.631510
54.3961	-1.4509	3.7720	816.0400	55.0000	739582.631510
54.4963	-1.4445	3.8317	818.4800	55.0000	739582.631510
54.5963	-1.4445	3.8317	825.8000	55.0000	739582.631510
54.6964	-1.4445	3.8317	833.1200	55.0000	739582.631510
54.7967	-1.4445	3.8317	840.4400	55.0000	739582.631510
54.9131	-1.4445	3.8317	848.9800	55.0000	739582.631510
55.0136	-1.4445	3.8317	856.3000	55.0000	739582.631510
55.1319	-1.4445	3.8317	864.8400	55.0000	739582.631510
55.2469	-1.4445	3.8317	873.3800	55.0000	739582.631510
55.3470	-1.4445	3.8317	880.7000	55.0000	739582.631510
55.4472	-1.4445	3.8317	888.0200	55.0000	739582.631510
55.5474	-1.4445	3.8317	895.3400	55.0000	739582.631510
55.6640	-1.4445	3.8317	903.8800	55.0000	739582.631510
55.7807	-1.4445	3.8317	912.4200	55.0000	739582.631510
55.8808	-1.4445	3.8317	919.7400	55.0000	739582.631510
55.9809	-1.4445	3.8317	927.0600	55.0000	739582.631510
56.0810	-1.4445	3.8317	934.3800	55.0000	739582.631510
56.1978	-1.4445	3.8317	942.9200	55.0000	739582.631510
56.3145	-1.4445	3.8317	951.4600	55.0000	739582.631510
56.4150	-1.4445	3.8317	958.7800	55.0000	739582.631510
56.5315	-1.4445	3.8317	967.3200	55.0000	739582.631510
56.6316	-1.4445	3.8317	974.6400	55.0000	739582.631510
56.7483	-1.4445	3.8317	983.1800	55.0000	739582.631510
56.8484	-1.4445	3.8317	988.0600	55.0000	739582.631510
56.9651	-1.4445	3.8317	988.0600	55.0000	739582.631510
57.0818	-1.4418	3.7517	988.0600	55.0000	739582.631510
57.1821	-1.4378	3.6318	988.0600	55.0000	739582.631510
57.2987	-1.4330	3.4919	988.0600	55.0000	739582.631510
57.3988	-1.4290	3.3719	988.0600	55.0000	739582.631510
57.5156	-1.4242	3.2320	988.0600	55.0000	739582.631510
57.6157	-1.4202	3.1121	988.0600	55.0000	739582.631510
57.7159	-1.4161	2.9921	988.0600	55.0000	739582.631510
57.8325	-1.4114	2.8522	988.0600	55.0000	739582.631510
57.9326	-1.4073	2.7323	988.0600	55.0000	739582.631510
58.0328	-1.4032	2.6124	988.0600	55.0000	739582.631510
58.1495	-1.3985	2.4724	988.0600	55.0000	739582.631510
58.2496	-1.3944	2.3525	988.0600	55.0000	739582.631510
58.3496	-1.3904	2.2326	988.0600	55.0000	739582.631510
58.4499	-1.3863	2.1127	988.0600	55.0000	739582.631510
58.5664	-1.3816	1.9727	988.0600	55.0000	739582.631510
58.6665	-1.3775	1.8528	988.0600	55.0000	739582.631510
58.7667	-1.3735	1.7329	988.0600	55.0000	739582.631510
58.8835	-1.3687	1.5929	988.0600	55.0000	739582.631510
59.0002	-1.3640	1.4530	988.0600	55.0000	739582.631510
59.1172	-1.3592	1.3131	988.0600	55.0000	739582.631510
59.2338	-1.3592	1.3131	992.9400	55.0000	739582.631510
59.3339	-1.3592	1.3131	1000.2600	55.0000	739582.631510
59.4339	-1.3592	1.3131	1007.5800	55.0000	739582.631510
59.5507	-1.3592	1.3131	1013.6800	55.0000	739582.631510
59.6675	-1.3994	1.2215	1013.6800	55.0000	739582.631510
59.7843	-1.4556	1.0933	1013.6800	55.0000	739582.631510
59.8845	-1.5038	0.9834	1013.6800	55.0000	739582.631510
60.0014	-1.5601	0.8552	1013.6800	55.0000	739582.631510
60.1179	-1.5765	0.8188	1021.0000	55.0000	739582.631510
60.2180	-1.5765	0.8188	1028.3200	55.0000	739582.631510
60.3181	-1.5765	0.8188	1035.6400	55.0000	739582.631510
60.4348	-1.5765	0.8188	1044.1800	55.0000	739582.631510
60.5350	-1.5765	0.8188	1051.5000	55.0000	739582.631510
60.6516	-1.5765	0.8188	1060.0400	55.0000	739582.631510
60.7518	-1.5765	0.8188	1067.3600	55.0000	739582.631510
60.8519	-1.5765	0.8188	1072.2400	55.0000	739582.631510
60.9521	-1.6360	0.8106	1072.2400	55.0000	739582.631510
61.0523	-1.7549	0.7944	1072.2400	55.0000	739582.631510
61.1688	-1.8936	0.7755	1072.2400	55.0000	739582.631510
61.2705	-2.0125	0.7593	1072.2400	55.0000	739582.631510
61.3857	-2.1512	0.7404	1072.2400	55.0000	739582.631510
61.4857	-2.2701	0.7242	1072.2400	55.0000	739582.631510
61.5860	-2.3890	0.7080	1072.2400	55.0000	739582.631510
61.7026	-2.5277	0.6891	1072.2400	55.0000	739582.631510
61.8027	-2.6466	0.6729	1072.2400	55.0000	739582.631510
61.9195	-2.7853	0.6540	1072.2400	55.0000	739582.631510
62.0198	-2.9042	0.6378	1072.2400	55.0000	739582.631510
62.1364	-3.0430	0.6189	1072.2400	55.0000	739582.631510
62.2534	-3.1817	0.6000	1072.2400	55.0000	739582.631510
62.3699	-3.3204	0.5811	1072.2400	55.0000	739582.631510
62.4701	-3.3799	0.5734	1077.1200	55.0000	739582.631510
62.5868	-3.3799	0.5734	1085.6600	55.0000	739582.631510
62.7036	-3.3799	0.5734	1094.2000	55.0000	739582.631510
62.8037	-3.3799	0.5734	1101.5200	55.0000	739582.631510
62.9204	-3.3799	0.5734	1110.0600	55.0000	739582.631510
63.0370	-3.3799	0.5734	1118.6000	55.0000	739582.631510
63.1373	-3.3799	0.5734	1125.9200	55.0000	739582.631510
63.2374	-3.3799	0.5734	1133.2400	55.0000	739582.631510
63.3543	-3.3799	0.5734	1134.4600	55.0000	739582.631510
63.4709	-3.4380	0.6548	1134.4600	55.0000	739582.631510
63.5713	-3.5078	0.7524	1134.4600	55.0000	739582.631510
63.6878	-3.5891	0.8664	1134.4600	55.0000	739582.631510
63.8044	-3.6705	0.9803	1134.4600	55.0000	739582.631510
63.9046	-3.7403	1.0779	1134.4600	55.0000	739582.631510
64.0047	-3.8100	1.1756	1134.4600	55.0000	739582.631510
64.1215	-3.8333	1.2081	1134.4600	55.0000	739582.631510
64.2215	-3.8333	1.2081	1141.7800	55.0000	739582.631510
64.3216	-3.8333	1.2081	1149.1000	55.0000	739582.631510
64.4384	-3.8333	1.2081	1157.6400	55.0000	739582.631510
64.5551	-3.8333	1.2081	1166.1800	55.0000	739582.631510
64.6552	-3.8333	1.2081	1173.5000	55.0000	739582.631510
64.7553	-3.8333	1.2081	1180.8200	55.0000	739582.631510
64.8721	-3.8333	1.2081	1189.3600	55.0000	739582.631510
64.9889	-3.8333	1.2081	1197.9000	55.0000	739582.631510
65.1056	-3.8333	1.2081	1205.2200	55.0000	739582.631510
65.2057	-3.8333	1.2081	1205.2200	55.0000	739582.631510
65.3225	-3.8333	1.2081	1206.4400	55.0000	739582.631510
65.4226	-3.8333	1.2081	1213.7600	55.0000	739582.631510
65.5226	-3.8333	1.2081	1218.6400	55.0000	739582.631510
65.6228	-3.8333	1.2081	1218.6400	55.0000	739582.631510
65.7229	-3.8333	1.2081	1218.6400	55.0000	739582.631510
65.8397	-3.8333	1.2081	1218.6400	55.0000	739582.631510
65.9398	-3.8333	1.2081	1225.9600	55.0000	739582.631510
66.0565	-3.8333	1.2081	1229.6200	55.0000	739582.631510
66.1732	-3.8333	1.2081	1229.6200	55.0000	739582.631510
66.2733	-3.7988	1.2284	1229.6200	55.0000	739582.631510
66.3734	-3.6953	1.2890	1229.6200	55.0000	739582.631510
66.4735	-3.5917	1.3497	1229.6200	55.0000	739582.631510
66.5901	-3.4710	1.4205	1229.6200	55.0000	739582.631510
66.6904	-3.3674	1.4812	1229.6200	55.0000	739582.631510
66.7904	-3.2639	1.5419	1229.6200	55.0000	739582.631510
66.8906	-3.1604	1.6026	1229.6200	55.0000	739582.631510
66.9908	-3.0569	1.6633	1229.6200	55.0000	739582.631510
67.1074	-2.9361	1.7341	1229.6200	55.0000	739582.631510
67.2075	-2.8498	1.7847	1229.6200	55.0000	739582.631510
67.3077	-2.8498	1.7847	1227.1800	55.0000	739582.631510
67.4245	-2.8498	1.7847	1218.6400	55.0000	739582.631510
67.5413	-2.8498	1.7847	1210.1000	55.0000	739582.631510
67.6579	-2.8498	1.7847	1201.5600	55.0000	739582.631510
67.7581	-2.8498	1.7847	1194.2400	55.0000	739582.631510
67.8748	-2.8498	1.7847	1185.7000	55.0000	739582.631510
67.9749	-2.8498	1.7847	1178.3800	55.0000	739582.631510
68.0916	-2.8498	1.7847	1172.2800	55.0000	739582.631510
68.1918	-2.8498	1.7847	1172.2800	55.0000	739582.631510
68.3085	-2.8474	1.8446	1172.2800	55.0000	739582.631510
68.4253	-2.8419	1.9845	1172.2800	55.0000	739582.631510
68.5419	-2.8363	2.1244	1172.2800	55.0000	739582.631510
68.6425	-2.8315	2.2443	1172.2800	55.0000	739582.631510
68.7589	-2.8259	2.3842	1172.2800	55.0000	739582.631510
68.8590	-2.8212	2.5041	1172.2800	55.0000	739582.631510
68.9757	-2.8156	2.6440	1172.2800	55.0000	739582.631510
69.0759	-2.8108	2.7639	1172.2800	55.0000	739582.631510
69.1928	-2.8053	2.9038	1172.2800	55.0000	739582.631510
69.3094	-2.7997	3.0437	1172.2800	55.0000	739582.631510
69.4099	-2.7949	3.1636	1172.2800	55.0000	739582.631510
69.5262	-2.7893	3.3035	1172.2800	55.0000	739582.631510
69.6263	-2.7846	3.4234	1172.2800	55.0000	739582.631510
69.7264	-2.7798	3.5433	1172.2800	55.0000	739582.631510
69.8265	-2.7750	3.6632	1172.2800	55.0000	739582.631510
69.9266	-2.7702	3.7831	1172.2800	55.0000	739582.631510
70.0267	-2.7655	3.9030	1172.2800	55.0000	739582.631510
70.1434	-2.7599	4.0429	1172.2800	55.0000	739582.631510
70.2435	-2.7551	4.1628	1172.2800	55.0000	739582.631510
70.3603	-2.7496	4.3027	1172.2800	55.0000	739582.631510
70.4604	-2.7448	4.4226	1172.2800	55.0000	739582.631510
70.5771	-2.7392	4.5625	1172.2800	55.0000	739582.631510
70.6772	-2.7344	4.6824	1172.2800	55.0000	739582.631510
70.7940	-2.7289	4.8223	1172.2800	55.0000	739582.631510
70.8941	-2.7241	4.9422	1172.2800	55.0000	739582.631510
70.9941	-2.7193	5.0621	1172.2800	55.0000	739582.631510
71.0942	-2.7146	5.1820	1172.2800	55.0000	739582.631510
71.1943	-2.7098	5.3019	1172.2800	55.0000	739582.631510
71.3110	-2.7070	5.3818	1167.4000	55.0000	739582.631510
71.4111	-2.7070	5.3818	1160.0800	55.0000	739582.631510
71.5113	-2.7070	5.3818	1152.7600	55.0000	739582.631510
71.6114	-2.7070	5.3818	1145.4400	55.0000	739582.631510
71.7116	-2.7070	5.3818	1138.1200	55.0000	739582.631510
71.8283	-2.7070	5.3818	1129.5800	55.0000	739582.631510
71.9451	-2.7070	5.3818	1121.0400	55.0000	739582.631510
72.0617	-2.7070	5.3818	1112.5000	55.0000	739582.631510
72.1619	-2.7070	5.3818	1105.1800	55.0000	739582.631510
72.2620	-2.7070	5.3818	1097.8600	55.0000	739582.631510
72.3787	-2.7070	5.3818	1089.3200	55.0000	739582.631510
72.4956	-2.7070	5.3818	1088.1000	55.0000	739582.631510
72.6123	-2.7070	5.3818	1088.1000	55.0000	739582.631510
72.7124	-2.7070	5.3818	1088.1000	55.0000	739582.631510
72.8125	-2.8258	5.3987	1088.1000	55.0000	739582.631510
72.9293	-2.9644	5.4185	1088.1000	55.0000	739582.631510
73.0310	-3.0832	5.4354	1088.1000	55.0000	739582.631510
73.1462	-3.2218	5.4551	1088.1000	55.0000	739582.631510
73.2629	-3.3604	5.4748	1088.1000	55.0000	739582.631510
73.3630	-3.4792	5.4917	1088.1000	55.0000	739582.631510
73.4797	-3.6178	5.5115	1088.1000	55.0000	739582.631510
73.5798	-3.7366	5.5284	1088.1000	55.0000	739582.631510
73.6966	-3.8752	5.5481	1088.1000	55.0000	739582.631510
73.8134	-4.0139	5.5678	1088.1000	55.0000	739582.631510
73.9136	-4.1327	5.5847	1088.1000	55.0000	739582.631510
74.0303	-4.2713	5.6044	1088.1000	55.0000	739582.631510
74.1471	-4.4099	5.6242	1088.1000	55.0000	739582.631510
74.2637	-4.5485	5.6439	1088.1000	55.0000	739582.631510
74.3639	-4.6673	5.6608	1088.1000	55.0000	739582.631510
74.4805	-4.8059	5.6805	1088.1000	55.0000	739582.631510
74.5809	-4.8257	5.6833	1088.1000	55.0000	739582.631510
74.6975	-4.8257	5.6833	1088.1000	55.0000	739582.631510
74.7976	-4.8257	5.6833	1088.1000	55.0000	739582.631510
74.8976	-4.8257	5.6833	1088.1000	55.0000	739582.631510
74.9977	-4.8257	5.6833	1088.1000	55.0000	739582.631510
75.0978	-4.8257	5.6833	1088.1000	55.0000	739582.631510
75.2145	-4.8257	5.6833	1088.1000	55.0000	739582.631510
75.3146	-4.8257	5.6833	1088.1000	55.0000	739582.631510
75.4148	-4.8257	5.6833	1088.1000	55.0000	739582.631510
75.5316	-4.8257	5.6833	1088.1000	55.0000	739582.631510
75.6483	-4.8257	5.6833	1088.1000	55.0000	739582.631510
75.7484	-4.8059	5.6805	1088.1000	55.0000	739582.631510
75.8485	-4.6871	5.6636	1088.1000	55.0000	739582.631510
75.9653	-4.5485	5.6439	1088.1000	55.0000	739582.631510
76.0820	-4.4099	5.6242	1088.1000	55.0000	739582.631510
76.1823	-4.2911	5.6073	1088.1000	55.0000	739582.631510
76.2989	-4.1525	5.5875	1088.1000	55.0000	739582.631510
76.3990	-4.0337	5.5706	1088.1000	55.0000	739582.631510
76.5157	-3.8951	5.5509	1088.1000	55.0000	739582.631510
76.6158	-3.7762	5.5340	1088.1000	55.0000	739582.631510
76.7327	-3.6376	5.5143	1088.1000	55.0000	739582.631510
76.8493	-3.4990	5.4945	1088.1000	55.0000	739582.631510
76.9495	-3.3802	5.4776	1088.1000	55.0000	739582.631510
77.0664	-3.2416	5.4579	1088.1000	55.0000	739582.631510
77.1829	-3.1030	5.4382	1088.1000	55.0000	739582.631510
77.2831	-2.9842	5.4213	1088.1000	55.0000	739582.631510
77.3999	-2.8456	5.4015	1088.1000	55.0000	739582.631510
77.5165	-2.7070	5.3818	1088.1000	55.0000	739582.631510
77.6166	-2.5882	5.3649	1088.1000	55.0000	739582.631510
77.7168	-2.4694	5.3480	1088.1000	55.0000	739582.631510
77.8337	-2.3308	5.3283	1088.1000	55.0000	739582.631510
77.9503	-2.1922	5.3086	1088.1000	55.0000	739582.631510
78.0505	-2.1328	5.2959	1088.1000	55.0000	739582.631510
78.1671	-2.1328	5.2904	1083.2200	55.0000	739582.631510
78.2673	-2.1328	5.2904	1075.9000	55.0000	739582.631510
78.3841	-2.1328	5.2904	1067.3600	55.0000	739582.631510
78.4842	-2.1328	5.2904	1060.0400	55.0000	739582.631510
78.6009	-2.1328	5.2904	1056.3800	55.0000	739582.631510
78.7010	-2.1328	5.2904	1056.3800	55.0000	739582.631510
78.8011	-2.2428	5.2424	1056.3800	55.0000	739582.631510
78.9012	-2.3527	5.1943	1056.3800	55.0000	739582.631510
79.0179	-2.4810	5.1382	1056.3800	55.0000	739582.631510
79.1180	-2.5909	5.0901	1056.3800	55.0000	739582.631510
79.2181	-2.6825	5.0500	1056.3800	55.0000	739582.631510
79.3182	-2.6825	5.0500	1050.2800	55.0000	739582.631510
79.4183	-2.6825	5.0500	1042.9600	55.0000	739582.631510
79.5185	-2.6825	5.0500	1035.6400	55.0000	739582.631510
79.6352	-2.6825	5.0500	1027.1000	55.0000	739582.631510
79.7520	-2.6825	5.0500	1022.2200	55.0000	739582.631510
79.8521	-2.6825	5.0500	1022.2200	55.0000	739582.631510
79.9689	-2.7572	4.9316	1022.2200	55.0000	739582.631510
80.0856	-2.8318	4.8132	1022.2200	55.0000	739582.631510
80.1858	-2.8958	4.7116	1022.2200	55.0000	739582.631510
80.3025	-2.9705	4.5932	1022.2200	55.0000	739582.631510
80.4025	-3.0344	4.4917	1022.2200	55.0000	739582.631510
80.5196	-3.1091	4.3732	1022.2200	55.0000	739582.631510
80.6360	-3.1837	4.2548	1022.2200	55.0000	739582.631510
80.7362	-3.2477	4.1533	1022.2200	55.0000	739582.631510
80.8530	-3.3223	4.0348	1022.2200	55.0000	739582.631510
80.9697	-3.3970	3.9164	1022.2200	55.0000	739582.631510
81.0698	-3.4290	3.8656	1023.4400	55.0000	739582.631510
81.1699	-3.4290	3.8656	1030.7600	55.0000	739582.631510
81.2866	-3.4290	3.8656	1039.3000	55.0000	739582.631510
81.4036	-3.4290	3.8656	1047.8400	55.0000	739582.631510
81.5203	-3.4798	3.8337	1047.8400	55.0000	739582.631510
81.6203	-3.5814	3.7698	1047.8400	55.0000	739582.631510
81.7370	-3.6999	3.6953	1047.8400	55.0000	739582.631510
81.8371	-3.8015	3.6314	1047.8400	55.0000	739582.631510
81.9541	-3.9200	3.5569	1047.8400	55.0000	739582.631510
82.0706	-4.0385	3.4824	1047.8400	55.0000	739582.631510
82.1708	-4.1062	3.4398	1049.0600	55.0000	739582.631510
82.2709	-4.1062	3.4398	1056.3800	55.0000	739582.631510
82.3876	-4.1062	3.4398	1064.9200	55.0000	739582.631510
82.5046	-4.1062	3.4398	1073.4600	55.0000	739582.631510
82.6211	-4.1062	3.4398	1078.3400	55.0000	739582.631510
82.7212	-4.2262	3.4363	1078.3400	55.0000	739582.631510
82.8213	-4.3461	3.4329	1078.3400	55.0000	739582.631510
82.9382	-4.4861	3.4288	1078.3400	55.0000	739582.631510
83.0383	-4.6060	3.4253	1078.3400	55.0000	739582.631510
83.1550	-4.7460	3.4213	1078.3400	55.0000	739582.631510
83.2551	-4.8659	3.4178	1078.3400	55.0000	739582.631510
83.3719	-5.0052	3.4048	1071.0200	55.0000	739582.631510
83.4720	-5.0445	3.3973	1063.7000	55.0000	739582.631510
83.5887	-5.0445	3.3973	1055.1600	55.0000	739582.631510
83.7057	-5.0445	3.3973	1046.6200	55.0000	739582.631510
83.8221	-5.0445	3.3973	1038.0800	55.0000	739582.631510
83.9224	-5.0445	3.3973	1030.7600	55.0000	739582.631510
84.0391	-5.0445	3.3973	1022.2200	55.0000	739582.631510
84.1392	-5.0445	3.3973	1014.9000	55.0000	739582.631510
84.2393	-5.0445	3.3973	1007.5800	55.0000	739582.631510
84.3560	-5.0445	3.3973	1003.9200	55.0000	739582.631510
84.4562	-5.0445	3.3973	1003.9200	55.0000	739582.631510
84.5730	-5.0637	3.3197	1003.9200	55.0000	739582.631510
84.6897	-5.0637	3.3197	1010.0200	55.0000	739582.631510
84.7901	-5.0637	3.3197	1017.3400	55.0000	739582.631510
84.9065	-5.0637	3.3197	1025.8800	55.0000	739582.631510
85.0233	-5.0637	3.3197	1031.9800	55.0000	739582.631510
85.1402	-5.1306	3.2453	1031.9800	55.0000	739582.631510
85.2568	-5.2242	3.1413	1031.9800	55.0000	739582.631510
85.3570	-5.3045	3.0521	1031.9800	55.0000	739582.631510
85.4736	-5.3982	2.9480	1031.9800	55.0000	739582.631510
85.5738	-5.4775	2.8579	1029.5400	55.0000	739582.631510
85.6739	-5.4775	2.8579	1022.2200	55.0000	739582.631510
85.7739	-5.4775	2.8579	1014.9000	55.0000	739582.631510
85.8740	-5.4775	2.8579	1007.5800	55.0000	739582.631510
85.9741	-5.4775	2.8579	1000.2600	55.0000	739582.631510
86.0742	-5.4775	2.8579	992.9400	55.0000	739582.631510
86.1908	-5.4775	2.8579	986.8400	55.0000	739582.631510
86.2911	-5.4730	2.7781	986.8400	55.0000	739582.631510
86.4079	-5.4653	2.6383	986.8400	55.0000	739582.631510
86.5080	-5.4587	2.5185	986.8400	55.0000	739582.631510
86.6248	-5.4510	2.3787	986.8400	55.0000	739582.631510
86.7414	-5.4433	2.2389	986.8400	55.0000	739582.631510
86.8415	-5.4367	2.1191	986.8400	55.0000	739582.631510
86.9417	-5.4300	1.9992	986.8400	55.0000	739582.631510
87.0418	-5.4234	1.8794	986.8400	55.0000	739582.631510
87.1419	-5.4168	1.7596	986.8400	55.0000	739582.631510
87.2586	-5.4091	1.6198	986.8400	55.0000	739582.631510
87.3754	-5.4014	1.4800	986.8400	55.0000	739582.631510
87.4757	-5.3948	1.3602	986.8400	55.0000	739582.631510
87.5922	-5.3871	1.2204	986.8400	55.0000	739582.631510
87.6923	-5.3804	1.1006	986.8400	55.0000	739582.631510
87.7924	-5.3738	0.9808	986.8400	55.0000	739582.631510
87.8925	-5.3685	0.8609	989.2800	55.0000	739582.631510
87.9927	-5.3687	0.8409	996.6000	55.0000	739582.631510
88.1100	-5.3687	0.8409	1005.1400	55.0000	739582.631510
88.2104	-5.3687	0.8409	1010.0200	55.0000	739582.631510
88.3264	-5.4029	0.7470	1010.0200	55.0000	739582.631510
88.4265	-5.4440	0.6342	1010.0200	55.0000	739582.631510
88.5434	-5.4919	0.5027	1010.0200	55.0000	739582.631510
88.6598	-5.5398	0.3711	1010.0200	55.0000	739582.631510
88.7600	-5.5809	0.2584	1010.0200	55.0000	739582.631510
88.8601	-5.6220	0.1456	1010.0200	55.0000	739582.631510
88.9768	-5.6699	0.0141	1010.0200	55.0000	739582.631510
89.0937	-5.6699	0.0141	1010.0200	55.0000	739582.631510
89.2103	-5.6699	0.0141	1010.0200	55.0000	739582.631510
89.3105	-5.6699	0.0141	1010.0200	55.0000	739582.631510
89.4107	-5.6699	0.0141	1010.0200	55.0000	739582.631510
89.5273	-5.6699	0.0141	1010.0200	55.0000	739582.631510
89.6440	-5.6699	0.0141	1010.0200	55.0000	739582.631510
89.7442	-5.6699	0.0141	1010.0200	55.0000	739582.631510
89.8609	-5.6699	0.0141	1010.0200	55.0000	739582.631510
89.9610	-5.6699	0.0141	1010.0200	55.0000	739582.631510
90.0778	-5.6699	0.0141	1010.0200	55.0000	739582.631510
90.1780	-5.6699	0.0141	1010.0200	55.0000	739582.631510
90.2946	-5.6699	0.0141	1010.0200	55.0000	739582.631510
90.3947	-5.6699	0.0141	1010.0200	55.0000	739582.631510
90.5116	-5.6699	0.0141	1013.6800	55.0000	739582.631510
90.6284	-5.6699	0.0141	1022.2200	55.0000	739582.631510
90.7450	-5.6699	0.0141	1024.6600	55.0000	739582.631510
90.8451	-5.6699	0.0141	1024.6600	55.0000	739582.631510
90.9619	-5.6699	0.0141	1025.8800	55.0000	739582.631510
91.0786	-5.6699	0.0141	1034.4200	55.0000	739582.631510
91.1787	-5.6699	0.0141	1041.7400	55.0000	739582.631510
91.2788	-5.6699	0.0141	1046.6200	55.0000	739582.631510
91.3789	-5.6699	0.0141	1046.6200	55.0000	739582.631510
91.4790	-5.7701	-0.0519	1046.6200	55.0000	739582.631510
91.5959	-5.8870	-0.1289	1046.6200	55.0000	739582.631510
91.7126	-6.0039	-0.2060	1046.6200	55.0000	739582.631510
