T	X	Y	HEADING	PERPSECTIVE_ANGLE	NOW_NUM
0.1267	0.0000	0.0000	45.0000	55.0000	739582.631510
0.2599	0.0000	0.0000	45.0000	55.0000	739582.631510
0.3601	0.0000	0.0000	45.0000	55.0000	739582.631510
0.4768	0.0000	0.0000	45.0000	55.0000	739582.631510
0.5768	0.0000	0.0000	45.0000	55.0000	739582.631510
0.6935	0.0000	0.0000	45.0000	55.0000	739582.631510
0.8105	0.0000	0.0000	45.0000	55.0000	739582.631510
0.9272	0.0000	0.0000	45.0000	55.0000	739582.631510
1.0272	0.0000	0.0000	45.0000	55.0000	739582.631510
1.1439	0.0000	0.0000	45.0000	55.0000	739582.631510
1.2440	0.0000	0.0000	45.0000	55.0000	739582.631510
1.3608	0.0000	0.0000	45.0000	55.0000	739582.631510
1.4610	0.0000	0.0000	45.0000	55.0000	739582.631510
1.5777	0.0000	0.0000	42.5600	55.0000	739582.631510
1.6955	0.0000	0.0000	34.0200	55.0000	739582.631510
1.8112	0.0000	0.0000	25.4800	55.0000	739582.631510
1.9280	0.0000	0.0000	18.1600	55.0000	739582.631510
2.0280	0.0000	0.0000	18.1600	55.0000	739582.631510
2.1281	0.0000	0.0000	18.1600	55.0000	739582.631510
2.2450	0.0000	0.0000	18.1600	55.0000	739582.631510
2.3616	0.0000	0.0000	18.1600	55.0000	739582.631510
2.4619	0.0000	0.0000	18.1600	55.0000	739582.631510
2.5786	0.0000	0.0000	18.1600	55.0000	739582.631510
2.6787	0.0000	0.0000	18.1600	55.0000	739582.631510
2.7954	0.0000	0.0000	18.1600	55.0000	739582.631510
2.9122	0.0000	0.0000	18.1600	55.0000	739582.631510
3.0124	0.0000	0.0000	18.1600	55.0000	739582.631510
3.1291	-0.0760	0.0249	18.1600	55.0000	739582.631510
3.2291	-0.1900	0.0623	18.1600	55.0000	739582.631510
3.3293	-0.3041	0.0997	18.1600	55.0000	739582.631510
3.4460	-0.4371	0.1434	18.1600	55.0000	739582.631510
3.5628	-0.5701	0.1870	18.1600	55.0000	739582.631510
3.6635	-0.6841	0.2244	18.1600	55.0000	739582.631510
3.7806	-0.8172	0.2680	18.1600	55.0000	739582.631510
3.8969	-0.9502	0.3117	18.1600	55.0000	739582.631510
3.9973	-1.0262	0.3366	18.1600	55.0000	739582.631510
4.1133	-1.0262	0.3366	13.2800	55.0000	739582.631510
4.2139	-1.0262	0.3366	5.9600	55.0000	739582.631510
4.3156	-1.0262	0.3366	-1.3600	55.0000	739582.631510
4.4305	-1.0262	0.3366	-3.8000	55.0000	739582.631510
4.5474	-1.1659	0.3273	-3.8000	55.0000	739582.631510
4.6638	-1.3056	0.3180	-3.8000	55.0000	739582.631510
4.7638	-1.4253	0.3101	-3.8000	55.0000	739582.631510
4.8639	-1.5451	0.3021	-3.8000	55.0000	739582.631510
4.9806	-1.6848	0.2929	-3.8000	55.0000	739582.631510
5.0810	-1.8045	0.2849	-3.8000	55.0000	739582.631510
5.1982	-1.9442	0.2756	-3.8000	55.0000	739582.631510
5.3143	-2.0839	0.2664	-3.8000	55.0000	739582.631510
5.4145	-2.2036	0.2584	-3.8000	55.0000	739582.631510
5.5312	-2.3433	0.2491	-3.8000	55.0000	739582.631510
5.6478	-2.4830	0.2398	-3.8000	55.0000	739582.631510
5.7480	-2.6027	0.2319	-3.8000	55.0000	739582.631510
5.8481	-2.7225	0.2239	-3.8000	55.0000	739582.631510
5.9650	-2.8622	0.2147	-3.8000	55.0000	739582.631510
6.0817	-3.0019	0.2054	-3.8000	55.0000	739582.631510
6.1817	-3.1216	0.1974	-3.8000	55.0000	739582.631510
6.2985	-3.2613	0.1882	-3.8000	55.0000	739582.631510
6.3985	-3.3810	0.1802	-3.8000	55.0000	739582.631510
6.5154	-3.5207	0.1709	-3.8000	55.0000	739582.631510
6.6154	-3.6404	0.1630	-3.8000	55.0000	739582.631510
6.7322	-3.7801	0.1537	-3.8000	55.0000	739582.631510
6.8345	-3.8999	0.1457	-3.8000	55.0000	739582.631510
6.9491	-4.0396	0.1365	-3.8000	55.0000	739582.631510
7.0491	-4.1593	0.1285	-3.8000	55.0000	739582.631510
7.1659	-4.1992	0.1259	-3.8000	55.0000	739582.631510
7.2828	-4.1992	0.1259	2.3000	55.0000	739582.631510
7.3995	-4.1992	0.1259	10.8400	55.0000	739582.631510
7.4996	-4.1992	0.1259	13.2800	55.0000	739582.631510
7.6179	-4.2771	0.1442	13.2800	55.0000	739582.631510
7.7331	-4.4133	0.1764	13.2800	55.0000	739582.631510
7.8498	-4.5496	0.2085	13.2800	55.0000	739582.631510
7.9499	-4.6664	0.2361	13.2800	55.0000	739582.631510
8.0500	-4.7832	0.2637	13.2800	55.0000	739582.631510
8.1504	-4.8026	0.2683	16.9400	55.0000	739582.631510
8.2669	-4.8026	0.2683	25.4800	55.0000	739582.631510
8.3670	-4.8026	0.2683	32.8000	55.0000	739582.631510
8.4670	-4.8026	0.2683	40.1200	55.0000	739582.631510
8.5671	-4.8026	0.2683	47.4400	55.0000	739582.631510
8.6672	-4.8026	0.2683	54.7600	55.0000	739582.631510
8.7839	-4.8026	0.2683	54.7600	55.0000	739582.631510
8.8840	-4.8026	0.2683	54.7600	55.0000	739582.631510
8.9841	-4.8026	0.2683	54.7600	55.0000	739582.631510
9.0844	-4.8603	0.3499	54.7600	55.0000	739582.631510
9.2012	-4.9411	0.4643	54.7600	55.0000	739582.631510
9.3178	-4.9411	0.4643	58.4200	55.0000	739582.631510
9.4345	-4.9411	0.4643	66.9600	55.0000	739582.631510
9.5346	-4.9411	0.4643	74.2800	55.0000	739582.631510
9.6347	-4.9411	0.4643	81.6000	55.0000	739582.631510
9.7349	-4.9411	0.4643	88.9200	55.0000	739582.631510
9.8349	-4.9411	0.4643	96.2400	55.0000	739582.631510
9.9350	-4.9411	0.4643	103.5600	55.0000	739582.631510
10.0351	-4.9411	0.4643	110.8800	55.0000	739582.631510
10.1519	-4.9411	0.4643	119.4200	55.0000	739582.631510
10.2687	-4.9411	0.4643	127.9600	55.0000	739582.631510
10.3689	-4.9411	0.4643	135.2800	55.0000	739582.631510
10.4855	-4.9411	0.4643	138.9400	55.0000	739582.631510
10.5856	-4.9411	0.4643	138.9400	55.0000	739582.631510
10.7027	-4.8356	0.5563	138.9400	55.0000	739582.631510
10.8191	-4.7300	0.6482	138.9400	55.0000	739582.631510
10.9193	-4.6395	0.7270	138.9400	55.0000	739582.631510
11.0361	-4.5339	0.8190	138.9400	55.0000	739582.631510
11.1362	-4.4435	0.8978	138.9400	55.0000	739582.631510
11.2529	-4.3379	0.9898	138.9400	55.0000	739582.631510
11.3530	-4.2474	1.0686	138.9400	55.0000	739582.631510
11.4531	-4.1569	1.1474	138.9400	55.0000	739582.631510
11.5699	-4.0514	1.2394	138.9400	55.0000	739582.631510
11.6700	-3.9609	1.3182	138.9400	55.0000	739582.631510
11.7700	-3.9307	1.3445	137.7200	55.0000	739582.631510
11.8701	-3.9307	1.3445	130.4000	55.0000	739582.631510
11.9702	-3.9307	1.3445	123.0800	55.0000	739582.631510
12.0702	-3.9307	1.3445	119.4200	55.0000	739582.631510
12.1703	-3.9013	1.3967	119.4200	55.0000	739582.631510
12.2871	-3.8325	1.5187	119.4200	55.0000	739582.631510
12.3872	-3.7735	1.6232	119.4200	55.0000	739582.631510
12.5040	-3.7048	1.7451	119.4200	55.0000	739582.631510
12.6208	-3.6360	1.8671	119.4200	55.0000	739582.631510
12.7375	-3.5672	1.9890	119.4200	55.0000	739582.631510
12.8377	-3.5083	2.0936	119.4200	55.0000	739582.631510
12.9543	-3.4886	2.1284	121.8600	55.0000	739582.631510
13.0545	-3.4886	2.1284	129.1800	55.0000	739582.631510
13.1712	-3.4886	2.1284	137.7200	55.0000	739582.631510
13.2714	-3.4886	2.1284	145.0400	55.0000	739582.631510
13.3714	-3.4886	2.1284	146.2600	55.0000	739582.631510
13.4882	-3.3722	2.2062	146.2600	55.0000	739582.631510
13.5882	-3.2724	2.2728	146.2600	55.0000	739582.631510
13.6883	-3.1726	2.3395	146.2600	55.0000	739582.631510
13.7885	-3.0729	2.4061	146.2600	55.0000	739582.631510
13.8887	-3.0396	2.4283	146.2600	55.0000	739582.631510
14.0053	-3.0396	2.4283	137.7200	55.0000	739582.631510
14.1054	-3.0396	2.4283	130.4000	55.0000	739582.631510
14.2056	-3.0396	2.4283	123.0800	55.0000	739582.631510
14.3223	-3.0396	2.4283	114.5400	55.0000	739582.631510
14.4391	-3.0396	2.4283	112.1000	55.0000	739582.631510
14.5392	-3.0396	2.4283	112.1000	55.0000	739582.631510
14.6559	-3.0396	2.4283	113.3200	55.0000	739582.631510
14.7561	-3.0396	2.4283	120.6400	55.0000	739582.631510
14.8727	-3.0396	2.4283	129.1800	55.0000	739582.631510
14.9728	-3.0396	2.4283	136.5000	55.0000	739582.631510
15.0898	-3.0396	2.4283	140.1600	55.0000	739582.631510
15.2063	-3.0242	2.4412	140.1600	55.0000	739582.631510
15.3064	-2.9321	2.5180	140.1600	55.0000	739582.631510
15.4233	-2.8246	2.6077	140.1600	55.0000	739582.631510
15.5399	-2.7171	2.6974	140.1600	55.0000	739582.631510
15.6404	-2.6403	2.7615	140.1600	55.0000	739582.631510
15.7568	-2.6403	2.7615	136.5000	55.0000	739582.631510
15.8570	-2.6403	2.7615	129.1800	55.0000	739582.631510
15.9571	-2.6403	2.7615	121.8600	55.0000	739582.631510
16.0738	-2.6403	2.7615	113.3200	55.0000	739582.631510
16.1906	-2.6403	2.7615	104.7800	55.0000	739582.631510
16.2907	-2.6403	2.7615	97.4600	55.0000	739582.631510
16.4075	-2.6403	2.7615	96.2400	55.0000	739582.631510
16.5077	-2.6403	2.7615	96.2400	55.0000	739582.631510
16.6242	-2.6403	2.7615	96.2400	55.0000	739582.631510
16.7245	-2.6403	2.7615	96.2400	55.0000	739582.631510
16.8411	-2.6403	2.7615	96.2400	55.0000	739582.631510
16.9580	-2.6251	2.9006	96.2400	55.0000	739582.631510
17.0746	-2.6099	3.0398	96.2400	55.0000	739582.631510
17.1749	-2.5968	3.1591	96.2400	55.0000	739582.631510
17.2751	-2.5838	3.2784	96.2400	55.0000	739582.631510
17.3916	-2.5686	3.4176	96.2400	55.0000	739582.631510
17.4918	-2.5555	3.5369	96.2400	55.0000	739582.631510
17.5919	-2.5425	3.6561	96.2400	55.0000	739582.631510
17.7086	-2.5273	3.7953	96.2400	55.0000	739582.631510
17.8087	-2.5142	3.9146	96.2400	55.0000	739582.631510
17.9254	-2.4990	4.0538	96.2400	55.0000	739582.631510
18.0255	-2.4860	4.1731	96.2400	55.0000	739582.631510
18.1257	-2.4729	4.2923	96.2400	55.0000	739582.631510
18.2424	-2.4577	4.4315	96.2400	55.0000	739582.631510
18.3591	-2.4425	4.5707	96.2400	55.0000	739582.631510
18.4592	-2.4381	4.6105	92.5800	55.0000	739582.631510
18.5593	-2.4381	4.6105	85.2600	55.0000	739582.631510
18.6594	-2.4381	4.6105	77.9400	55.0000	739582.631510
18.7594	-2.4381	4.6105	70.6200	55.0000	739582.631510
18.8596	-2.4448	4.6293	70.6200	55.0000	739582.631510
18.9764	-2.4912	4.7614	70.6200	55.0000	739582.631510
19.0931	-2.5377	4.8935	70.6200	55.0000	739582.631510
19.1932	-2.5775	5.0067	70.6200	55.0000	739582.631510
19.2933	-2.5908	5.0444	66.9600	55.0000	739582.631510
19.4101	-2.5908	5.0444	58.4200	55.0000	739582.631510
19.5103	-2.5908	5.0444	51.1000	55.0000	739582.631510
19.6269	-2.5908	5.0444	42.5600	55.0000	739582.631510
19.7437	-2.5908	5.0444	34.0200	55.0000	739582.631510
19.8605	-2.5908	5.0444	30.3600	55.0000	739582.631510
19.9772	-2.5908	5.0444	24.2600	55.0000	739582.631510
20.0773	-2.5908	5.0444	20.6000	55.0000	739582.631510
20.1774	-2.5908	5.0444	20.6000	55.0000	739582.631510
20.2775	-2.5908	5.0444	20.6000	55.0000	739582.631510
20.3776	-2.5908	5.0444	20.6000	55.0000	739582.631510
20.4776	-2.6844	5.0796	20.6000	55.0000	739582.631510
20.5778	-2.7967	5.1218	20.6000	55.0000	739582.631510
20.6779	-2.9091	5.1640	20.6000	55.0000	739582.631510
20.7947	-3.0401	5.2133	20.6000	55.0000	739582.631510
20.9115	-3.1711	5.2625	20.6000	55.0000	739582.631510
21.0284	-3.3022	5.3118	20.6000	55.0000	739582.631510
21.1448	-3.4332	5.3610	20.6000	55.0000	739582.631510
21.2452	-3.5456	5.4033	20.6000	55.0000	739582.631510
21.3618	-3.6766	5.4525	20.6000	55.0000	739582.631510
21.4622	-3.7141	5.4666	19.3800	55.0000	739582.631510
21.5787	-3.7141	5.4666	10.8400	55.0000	739582.631510
21.6788	-3.7141	5.4666	3.5200	55.0000	739582.631510
21.7958	-3.7141	5.4666	-5.0200	55.0000	739582.631510
21.9124	-3.7339	5.4640	-7.4600	55.0000	739582.631510
22.0124	-3.8529	5.4484	-7.4600	55.0000	739582.631510
22.1291	-3.9917	5.4302	-7.4600	55.0000	739582.631510
22.2459	-4.1305	5.4121	-7.4600	55.0000	739582.631510
22.3461	-4.2495	5.3965	-7.4600	55.0000	739582.631510
22.4632	-4.3883	5.3783	-7.4600	55.0000	739582.631510
22.5795	-4.5271	5.3601	-7.4600	55.0000	739582.631510
22.6797	-4.6461	5.3446	-7.4600	55.0000	739582.631510
22.7800	-4.7651	5.3290	-7.4600	55.0000	739582.631510
22.8966	-4.8048	5.3238	-2.5800	55.0000	739582.631510
22.9967	-4.8048	5.3238	4.7400	55.0000	739582.631510
23.0968	-4.8048	5.3238	12.0600	55.0000	739582.631510
23.2135	-4.8048	5.3238	15.7200	55.0000	739582.631510
23.3303	-4.9010	5.3509	15.7200	55.0000	739582.631510
23.4303	-5.0165	5.3834	15.7200	55.0000	739582.631510
23.5471	-5.1513	5.4213	15.7200	55.0000	739582.631510
23.6639	-5.2860	5.4593	15.7200	55.0000	739582.631510
23.7641	-5.3631	5.4809	15.7200	55.0000	739582.631510
23.8642	-5.3631	5.4809	21.8200	55.0000	739582.631510
23.9808	-5.3631	5.4809	30.3600	55.0000	739582.631510
24.0975	-5.3794	5.4925	35.2400	55.0000	739582.631510
24.1976	-5.4774	5.5617	35.2400	55.0000	739582.631510
24.2977	-5.5754	5.6309	35.2400	55.0000	739582.631510
24.3978	-5.6734	5.7002	35.2400	55.0000	739582.631510
24.4979	-5.7714	5.7694	35.2400	55.0000	739582.631510
24.5981	-5.8694	5.8387	35.2400	55.0000	739582.631510
24.7147	-5.9838	5.9194	35.2400	55.0000	739582.631510
24.8148	-6.0818	5.9887	35.2400	55.0000	739582.631510
24.9149	-6.1798	6.0579	35.2400	55.0000	739582.631510
