T	X	Y	HEADING	PERPSECTIVE_ANGLE	NOW_NUM
0.1091	0.0000	0.0000	45.0000	55.0000	739696.710641
0.2094	0.0000	0.0000	45.0000	55.0000	739696.710641
0.3181	0.0000	0.0000	45.0000	55.0000	739696.710641
0.4183	0.0000	0.0000	45.0000	55.0000	739696.710641
0.5346	0.0000	0.0000	45.0000	55.0000	739696.710641
0.6348	0.0000	0.0000	45.0000	55.0000	739696.710641
0.7514	0.0000	0.0000	45.0000	55.0000	739696.710641
0.8515	0.0000	0.0000	45.0000	55.0000	739696.710641
0.9532	0.0000	0.0000	45.0000	55.0000	739696.710641
1.0682	0.0000	0.0000	45.0000	55.0000	739696.710641
1.1848	0.0000	0.0000	45.0000	55.0000	739696.710641
1.3014	0.0000	0.0000	45.0000	55.0000	739696.710641
1.4016	0.0000	0.0000	45.0000	55.0000	739696.710641
1.5180	0.0000	0.0000	45.0000	55.0000	739696.710641
1.6348	0.0000	0.0000	45.0000	55.0000	739696.710641
1.7513	0.0000	0.0000	45.0000	55.0000	739696.710641
1.8514	0.0000	0.0000	45.0000	55.0000	739696.710641
1.9681	0.0000	0.0000	45.0000	55.0000	739696.710641
2.0848	0.0000	0.0000	45.0000	55.0000	739696.710641
2.2013	0.0000	0.0000	45.0000	55.0000	739696.710641
2.3014	0.0000	0.0000	45.0000	55.0000	739696.710641
2.4181	0.0000	0.0000	45.0000	55.0000	739696.710641
2.5348	0.0000	0.0000	45.0000	55.0000	739696.710641
2.6409	0.0000	0.0000	45.0000	55.0000	739696.710641
2.7514	0.0000	0.0000	45.0000	55.0000	739696.710641
2.8681	0.0000	0.0000	45.0000	55.0000	739696.710641
2.9847	0.0000	0.0000	45.0000	55.0000	739696.710641
3.0861	0.0000	0.0000	45.0000	55.0000	739696.710641
3.2014	0.0000	0.0000	45.0000	55.0000	739696.710641
3.3180	0.0000	0.0000	45.0000	55.0000	739696.710641
3.4348	0.0000	0.0000	45.0000	55.0000	739696.710641
3.5530	0.0000	0.0000	45.0000	55.0000	739696.710641
3.6707	0.0000	0.0000	45.0000	55.0000	739696.710641
3.7847	0.0000	0.0000	45.0000	55.0000	739696.710641
3.8866	0.0000	0.0000	45.0000	55.0000	739696.710641
4.0014	0.0000	0.0000	45.0000	55.0000	739696.710641
4.1032	0.0000	0.0000	45.0000	55.0000	739696.710641
4.2200	0.0000	0.0000	45.0000	55.0000	739696.710641
4.3205	0.0000	0.0000	45.0000	55.0000	739696.710641
4.4363	0.0000	0.0000	45.0000	55.0000	739696.710641
4.5532	0.0000	0.0000	45.0000	55.0000	739696.710641
4.6681	0.0000	0.0000	45.0000	55.0000	739696.710641
4.7700	0.0000	0.0000	45.0000	55.0000	739696.710641
4.8847	0.0000	0.0000	45.0000	55.0000	739696.710641
4.9866	0.0000	0.0000	45.0000	55.0000	739696.710641
5.1014	0.0000	0.0000	45.0000	55.0000	739696.710641
5.2032	0.0000	0.0000	45.0000	55.0000	739696.710641
5.3181	0.0000	0.0000	45.0000	55.0000	739696.710641
5.4199	0.0000	0.0000	45.0000	55.0000	739696.710641
5.5364	0.0000	0.0000	45.0000	55.0000	739696.710641
5.6365	0.0000	0.0000	45.0000	55.0000	739696.710641
5.7514	0.0000	0.0000	45.0000	55.0000	739696.710641
5.8532	0.0000	0.0000	45.0000	55.0000	739696.710641
5.9698	0.0000	0.0000	45.0000	55.0000	739696.710641
6.0699	0.0000	0.0000	45.0000	55.0000	739696.710641
6.1864	0.0000	0.0000	45.0000	55.0000	739696.710641
6.2865	0.0000	0.0000	45.0000	55.0000	739696.710641
6.4031	0.0000	0.0000	45.0000	55.0000	739696.710641
6.5181	0.0000	0.0000	45.0000	55.0000	739696.710641
6.6199	0.0000	0.0000	45.0000	55.0000	739696.710641
6.7349	0.0000	0.0000	45.0000	55.0000	739696.710641
6.8365	0.0000	0.0000	45.0000	55.0000	739696.710641
6.9380	0.0000	0.0000	45.0000	55.0000	739696.710641
7.0533	0.0000	0.0000	45.0000	55.0000	739696.710641
7.1699	0.0000	0.0000	45.0000	55.0000	739696.710641
7.2848	0.0000	0.0000	45.0000	55.0000	739696.710641
7.3865	0.0000	0.0000	45.0000	55.0000	739696.710641
7.5013	0.0000	0.0000	45.0000	55.0000	739696.710641
7.6033	0.0000	0.0000	45.0000	55.0000	739696.710641
7.7180	0.0000	0.0000	45.0000	55.0000	739696.710641
7.8198	0.0000	0.0000	45.0000	55.0000	739696.710641
7.9348	0.0000	0.0000	45.0000	55.0000	739696.710641
8.0366	0.0000	0.0000	45.0000	55.0000	739696.710641
8.1531	0.0000	0.0000	45.0000	55.0000	739696.710641
8.2697	0.0000	0.0000	45.0000	55.0000	739696.710641
8.3698	0.0000	0.0000	45.0000	55.0000	739696.710641
8.4866	0.0000	0.0000	45.0000	55.0000	739696.710641
8.6013	0.0000	0.0000	45.0000	55.0000	739696.710641
8.7033	0.0000	0.0000	45.0000	55.0000	739696.710641
8.8197	0.0000	0.0000	45.0000	55.0000	739696.710641
8.9199	0.0000	0.0000	45.0000	55.0000	739696.710641
9.0366	0.0000	0.0000	45.0000	55.0000	739696.710641
9.1514	0.0000	0.0000	45.0000	55.0000	739696.710641
9.2531	0.0000	0.0000	45.0000	55.0000	739696.710641
9.3533	0.0000	0.0000	45.0000	55.0000	739696.710641
9.4698	0.0000	0.0000	45.0000	55.0000	739696.710641
9.5700	0.0000	0.0000	45.0000	55.0000	739696.710641
9.6864	0.0000	0.0000	45.0000	55.0000	739696.710641
9.7866	0.0000	0.0000	45.0000	55.0000	739696.710641
9.9030	0.0000	0.0000	45.0000	55.0000	739696.710641
10.0032	0.0000	0.0000	45.0000	55.0000	739696.710641
10.1199	0.0000	0.0000	45.0000	55.0000	739696.710641
10.2347	0.0000	0.0000	45.0000	55.0000	739696.710641
10.3364	0.0000	0.0000	45.0000	55.0000	739696.710641
10.4533	0.0000	0.0000	45.0000	55.0000	739696.710641
10.5697	0.0000	0.0000	45.0000	55.0000	739696.710641
10.6699	0.0000	0.0000	45.0000	55.0000	739696.710641
10.7866	0.0000	0.0000	45.0000	55.0000	739696.710641
10.8867	0.0000	0.0000	45.0000	55.0000	739696.710641
11.0013	0.0000	0.0000	45.0000	55.0000	739696.710641
11.1045	0.0000	0.0000	45.0000	55.0000	739696.710641
11.2207	0.0000	0.0000	45.0000	55.0000	739696.710641
11.3363	0.0000	0.0000	45.0000	55.0000	739696.710641
11.4364	0.0000	0.0000	45.0000	55.0000	739696.710641
11.5532	0.0000	0.0000	45.0000	55.0000	739696.710641
11.6694	0.0000	0.0000	45.0000	55.0000	739696.710641
11.7848	0.0000	0.0000	45.0000	55.0000	739696.710641
11.9014	0.0000	0.0000	45.0000	55.0000	739696.710641
12.0014	0.0000	0.0000	45.0000	55.0000	739696.710641
12.1015	0.0000	0.0000	45.0000	55.0000	739696.710641
12.2032	0.0000	0.0000	45.0000	55.0000	739696.710641
12.3181	0.0000	0.0000	45.0000	55.0000	739696.710641
12.4198	0.0000	0.0000	45.0000	55.0000	739696.710641
12.5348	0.0000	0.0000	45.0000	55.0000	739696.710641
12.6366	0.0000	0.0000	45.0000	55.0000	739696.710641
12.7515	0.0000	0.0000	45.0000	55.0000	739696.710641
12.8535	0.0000	0.0000	45.0000	55.0000	739696.710641
12.9681	0.0000	0.0000	45.0000	55.0000	739696.710641
13.0700	0.0000	0.0000	45.0000	55.0000	739696.710641
13.1866	0.0000	0.0000	45.0000	55.0000	739696.710641
13.3032	0.0000	0.0000	45.0000	55.0000	739696.710641
13.4182	0.0000	0.0000	45.0000	55.0000	739696.710641
13.5199	0.0000	0.0000	45.0000	55.0000	739696.710641
13.6346	0.0000	0.0000	41.3400	55.0000	739696.710641
13.7367	0.0000	0.0000	41.3400	55.0000	739696.710641
13.8514	0.0000	0.0000	41.3400	55.0000	739696.710641
13.9534	0.0000	0.0000	41.3400	55.0000	739696.710641
14.0681	0.0000	0.0000	41.3400	55.0000	739696.710641
14.1699	0.0000	0.0000	41.3400	55.0000	739696.710641
14.2864	0.0000	0.0000	41.3400	55.0000	739696.710641
14.3867	0.0000	0.0000	41.3400	55.0000	739696.710641
14.5042	0.0000	0.0000	41.3400	55.0000	739696.710641
14.6045	-0.0450	0.0396	41.3400	55.0000	739696.710641
14.7204	-0.1502	0.1321	41.3400	55.0000	739696.710641
14.8346	-0.2553	0.2246	41.3400	55.0000	739696.710641
14.9367	-0.3454	0.3038	41.3400	55.0000	739696.710641
15.0514	-0.4505	0.3963	41.3400	55.0000	739696.710641
15.1531	-0.5406	0.4756	41.3400	55.0000	739696.710641
15.2533	-0.6307	0.5548	41.3400	55.0000	739696.710641
15.3697	-0.7358	0.6473	41.3400	55.0000	739696.710641
15.4700	-0.8215	0.7312	47.4400	55.0000	739696.710641
15.5865	-0.9070	0.8419	55.9800	55.0000	739696.710641
15.7030	-0.9751	0.9641	64.5200	55.0000	739696.710641
15.8032	-1.0185	1.0759	71.8400	55.0000	739696.710641
15.9200	-1.0510	1.2119	79.1600	55.0000	739696.710641
16.0347	-1.0774	1.3494	79.1600	55.0000	739696.710641
16.1365	-1.0999	1.4673	79.1600	55.0000	739696.710641
16.2513	-1.1263	1.6048	79.1600	55.0000	739696.710641
16.3533	-1.1488	1.7227	79.1600	55.0000	739696.710641
16.4680	-1.1751	1.8602	79.1600	55.0000	739696.710641
16.5699	-1.1977	1.9780	79.1600	55.0000	739696.710641
16.6865	-1.2240	2.1155	79.1600	55.0000	739696.710641
16.7868	-1.2466	2.2334	79.1600	55.0000	739696.710641
16.9030	-1.2729	2.3709	79.1600	55.0000	739696.710641
17.0199	-1.2993	2.5084	79.1600	55.0000	739696.710641
17.1347	-1.3256	2.6459	79.1600	55.0000	739696.710641
17.2365	-1.3482	2.7637	79.1600	55.0000	739696.710641
17.3531	-1.3745	2.9012	79.1600	55.0000	739696.710641
17.4533	-1.3971	3.0191	79.1600	55.0000	739696.710641
17.5696	-1.4234	3.1566	79.1600	55.0000	739696.710641
17.6699	-1.4460	3.2745	79.1600	55.0000	739696.710641
17.7847	-1.4723	3.4120	79.1600	55.0000	739696.710641
17.8865	-1.4949	3.5298	79.1600	55.0000	739696.710641
18.0030	-1.5212	3.6673	79.1600	55.0000	739696.710641
18.1032	-1.5438	3.7852	79.1600	55.0000	739696.710641
18.2198	-1.5475	3.8048	74.2800	55.0000	739696.710641
18.3200	-1.5475	3.8048	66.9600	55.0000	739696.710641
18.4364	-1.5475	3.8048	58.4200	55.0000	739696.710641
18.5366	-1.5475	3.8048	51.1000	55.0000	739696.710641
18.6530	-1.5623	3.8183	42.5600	55.0000	739696.710641
18.7699	-1.6654	3.9130	42.5600	55.0000	739696.710641
18.8847	-1.7685	4.0077	42.5600	55.0000	739696.710641
18.9865	-1.8560	4.0898	45.0000	55.0000	739696.710641
19.1014	-1.9461	4.1968	53.5400	55.0000	739696.710641
19.2033	-2.0111	4.2976	58.4200	55.0000	739696.710641
19.3181	-2.0848	4.4167	57.2000	55.0000	739696.710641
19.4198	-2.0848	4.4167	49.8800	55.0000	739696.710641
19.5347	-2.0848	4.4167	41.3400	55.0000	739696.710641
19.6365	-2.0848	4.4167	34.0200	55.0000	739696.710641
19.7366	-2.0848	4.4167	26.7000	55.0000	739696.710641
19.8533	-2.0848	4.4167	18.1600	55.0000	739696.710641
19.9697	-2.0848	4.4167	9.6200	55.0000	739696.710641
20.0698	-2.0848	4.4167	2.3000	55.0000	739696.710641
20.1847	-2.1646	4.4118	-3.8000	55.0000	739696.710641
20.2866	-2.2844	4.4038	-3.8000	55.0000	739696.710641
20.4032	-2.4241	4.3945	-3.8000	55.0000	739696.710641
20.5036	-2.5438	4.3866	-3.8000	55.0000	739696.710641
20.6197	-2.6835	4.3773	-3.8000	55.0000	739696.710641
20.7199	-2.8032	4.3694	-3.8000	55.0000	739696.710641
20.8364	-2.9430	4.3605	-2.5800	55.0000	739696.710641
20.9365	-3.0429	4.3624	4.7400	55.0000	739696.710641
21.0531	-3.0429	4.3624	13.2800	55.0000	739696.710641
21.1699	-3.0429	4.3624	21.8200	55.0000	739696.710641
21.2708	-3.0965	4.3894	26.7000	55.0000	739696.710641
21.3877	-3.2216	4.4523	26.7000	55.0000	739696.710641
21.5014	-3.3466	4.5152	26.7000	55.0000	739696.710641
21.6032	-3.4538	4.5691	26.7000	55.0000	739696.710641
21.7181	-3.5789	4.6320	26.7000	55.0000	739696.710641
21.8199	-3.6148	4.6496	21.8200	55.0000	739696.710641
21.9361	-3.6148	4.6496	21.8200	55.0000	739696.710641
22.0365	-3.6148	4.6496	19.3800	55.0000	739696.710641
22.1532	-3.6148	4.6496	12.0600	55.0000	739696.710641
22.2699	-3.6148	4.6496	12.0600	55.0000	739696.710641
22.3847	-3.6148	4.6496	10.8400	55.0000	739696.710641
22.4866	-3.6148	4.6496	3.5200	55.0000	739696.710641
22.6014	-3.6148	4.6496	-5.0200	55.0000	739696.710641
22.7032	-3.6148	4.6496	-12.3400	55.0000	739696.710641
22.8032	-3.6148	4.6496	-19.6600	55.0000	739696.710641
22.9199	-3.6148	4.6496	-28.2000	55.0000	739696.710641
23.0347	-3.6639	4.6151	-35.5200	55.0000	739696.710641
23.1366	-3.7616	4.5453	-35.5200	55.0000	739696.710641
23.2542	-3.8755	4.4640	-35.5200	55.0000	739696.710641
23.3545	-3.9732	4.3943	-35.5200	55.0000	739696.710641
23.4698	-4.0709	4.3246	-36.7400	55.0000	739696.710641
23.5699	-4.0709	4.3246	-44.0600	55.0000	739696.710641
23.6864	-4.0709	4.3246	-52.6000	55.0000	739696.710641
23.7866	-4.0709	4.3246	-59.9200	55.0000	739696.710641
23.9031	-4.0709	4.3246	-68.4600	55.0000	739696.710641
24.0033	-4.0709	4.3246	-75.7800	55.0000	739696.710641
24.1197	-4.0709	4.3246	-84.3200	55.0000	739696.710641
24.2199	-4.0709	4.3246	-91.6400	55.0000	739696.710641
24.3364	-4.0709	4.3246	-100.1800	55.0000	739696.710641
24.4531	-4.0709	4.3246	-108.7200	55.0000	739696.710641
24.5681	-4.0709	4.3246	-117.2600	55.0000	739696.710641
24.6699	-4.0709	4.3246	-124.5800	55.0000	739696.710641
24.7846	-4.0709	4.3246	-133.1200	55.0000	739696.710641
24.8866	-4.0709	4.3246	-140.4400	55.0000	739696.710641
25.0032	-4.0709	4.3246	-148.9800	55.0000	739696.710641
25.1203	-4.0709	4.3246	-157.5200	55.0000	739696.710641
25.2347	-4.0709	4.3246	-163.6200	55.0000	739696.710641
25.3377	-3.9941	4.3020	-163.6200	55.0000	739696.710641
25.4514	-3.8598	4.2625	-163.6200	55.0000	739696.710641
25.5533	-3.7447	4.2287	-163.6200	55.0000	739696.710641
25.6681	-3.6104	4.1892	-163.6200	55.0000	739696.710641
25.7699	-3.4952	4.1554	-163.6200	55.0000	739696.710641
25.8847	-3.3993	4.1272	-164.8400	55.0000	739696.710641
26.0017	-3.3993	4.1272	-173.3800	55.0000	739696.710641
26.1020	-3.3993	4.1272	-180.7000	55.0000	739696.710641
26.2032	-3.3993	4.1272	-188.0200	55.0000	739696.710641
26.3180	-3.3993	4.1272	-196.5600	55.0000	739696.710641
26.4199	-3.3247	4.1560	-201.4400	55.0000	739696.710641
26.5347	-3.1944	4.2072	-201.4400	55.0000	739696.710641
26.6371	-3.0827	4.2511	-201.4400	55.0000	739696.710641
26.7514	-2.9523	4.3022	-201.4400	55.0000	739696.710641
26.8534	-2.8406	4.3461	-201.4400	55.0000	739696.710641
26.9698	-2.7103	4.3973	-201.4400	55.0000	739696.710641
27.0865	-2.5800	4.4484	-201.4400	55.0000	739696.710641
27.2015	-2.4497	4.4996	-201.4400	55.0000	739696.710641
27.3034	-2.3380	4.5435	-201.4400	55.0000	739696.710641
27.4182	-2.2077	4.5946	-201.4400	55.0000	739696.710641
27.5200	-2.0960	4.6385	-201.4400	55.0000	739696.710641
27.6347	-1.9657	4.6897	-201.4400	55.0000	739696.710641
27.7367	-1.8540	4.7335	-201.4400	55.0000	739696.710641
27.8514	-1.7237	4.7847	-201.4400	55.0000	739696.710641
27.9533	-1.6120	4.8286	-201.4400	55.0000	739696.710641
28.0542	-1.5003	4.8724	-201.4400	55.0000	739696.710641
28.1711	-1.4351	4.8724	-201.4400	55.0000	739696.710641
28.2848	-1.3700	4.8724	-201.4400	55.0000	739696.710641
28.3866	-1.3141	4.8724	-201.4400	55.0000	739696.710641
28.5015	-1.2490	4.8724	-201.4400	55.0000	739696.710641
28.6032	-1.1931	4.8724	-201.4400	55.0000	739696.710641
28.7182	-1.1280	4.8724	-201.4400	55.0000	739696.710641
28.8198	-1.0721	4.8724	-201.4400	55.0000	739696.710641
28.9348	-1.0070	4.8724	-201.4400	55.0000	739696.710641
29.0365	-0.9511	4.8724	-201.4400	55.0000	739696.710641
29.1530	-0.8860	4.8724	-201.4400	55.0000	739696.710641
29.2698	-0.8208	4.8724	-201.4400	55.0000	739696.710641
29.3864	-0.7557	4.8724	-201.4400	55.0000	739696.710641
29.4866	-0.6998	4.8724	-201.4400	55.0000	739696.710641
29.6031	-0.6347	4.8724	-201.4400	55.0000	739696.710641
29.7180	-0.5695	4.8724	-201.4400	55.0000	739696.710641
29.8353	-0.5043	4.8724	-201.4400	55.0000	739696.710641
29.9514	-0.4392	4.8724	-201.4400	55.0000	739696.710641
30.0682	-0.3740	4.8724	-201.4400	55.0000	739696.710641
30.1847	-0.3089	4.8724	-201.4400	55.0000	739696.710641
30.2848	-0.2807	4.8724	-195.3400	55.0000	739696.710641
30.4015	-0.2807	4.8724	-186.8000	55.0000	739696.710641
30.5016	-0.2807	4.8724	-179.4800	55.0000	739696.710641
30.6180	-0.2807	4.8724	-170.9400	55.0000	739696.710641
30.7194	-0.2807	4.8724	-163.6200	55.0000	739696.710641
30.8348	-0.2807	4.8724	-155.0800	55.0000	739696.710641
30.9348	-0.2807	4.8724	-147.7600	55.0000	739696.710641
31.0514	-0.2807	4.8724	-139.2200	55.0000	739696.710641
31.1514	-0.2807	4.8724	-131.9000	55.0000	739696.710641
31.2681	-0.2807	4.8724	-123.3600	55.0000	739696.710641
31.3682	-0.2807	4.8724	-116.0400	55.0000	739696.710641
31.4848	-0.2807	4.8724	-107.5000	55.0000	739696.710641
31.6014	-0.2807	4.8724	-98.9600	55.0000	739696.710641
31.7181	-0.2796	4.8325	-91.6400	55.0000	739696.710641
31.8349	-0.2756	4.6925	-91.6400	55.0000	739696.710641
31.9514	-0.2716	4.5526	-91.6400	55.0000	739696.710641
32.0681	-0.2676	4.4126	-91.6400	55.0000	739696.710641
32.1848	-0.2636	4.2727	-91.6400	55.0000	739696.710641
32.2849	-0.2601	4.1527	-91.6400	55.0000	739696.710641
32.4014	-0.2561	4.0128	-91.6400	55.0000	739696.710641
32.5015	-0.2527	3.8928	-91.6400	55.0000	739696.710641
32.6181	-0.2487	3.7529	-91.6400	55.0000	739696.710641
32.7348	-0.2447	3.6130	-91.6400	55.0000	739696.710641
32.8517	-0.2407	3.4730	-91.6400	55.0000	739696.710641
32.9684	-0.2366	3.3331	-91.6400	55.0000	739696.710641
33.0865	-0.2326	3.1931	-91.6400	55.0000	739696.710641
33.2034	-0.2286	3.0532	-91.6400	55.0000	739696.710641
33.3199	-0.2295	2.9333	-85.5400	55.0000	739696.710641
33.4350	-0.2295	2.9333	-77.0000	55.0000	739696.710641
33.5515	-0.2295	2.9333	-68.4600	55.0000	739696.710641
33.6681	-0.2295	2.9333	-59.9200	55.0000	739696.710641
33.7681	-0.2295	2.9333	-52.6000	55.0000	739696.710641
33.8848	-0.2295	2.9333	-44.0600	55.0000	739696.710641
34.0014	-0.2295	2.9333	-35.5200	55.0000	739696.710641
34.1181	-0.2295	2.9333	-26.9800	55.0000	739696.710641
34.2347	-0.2295	2.9333	-18.4400	55.0000	739696.710641
34.3519	-0.2295	2.9333	-9.9000	55.0000	739696.710641
34.4681	-0.2295	2.9333	-1.3600	55.0000	739696.710641
34.5847	-0.2295	2.9333	7.1800	55.0000	739696.710641
34.6861	-0.2295	2.9333	14.5000	55.0000	739696.710641
34.8013	-0.2295	2.9333	23.0400	55.0000	739696.710641
34.9016	-0.2295	2.9333	30.3600	55.0000	739696.710641
35.0182	-0.2295	2.9333	38.9000	55.0000	739696.710641
35.1348	-0.2295	2.9333	47.4400	55.0000	739696.710641
35.2515	-0.2295	2.9333	55.9800	55.0000	739696.710641
35.3681	-0.2295	2.9333	64.5200	55.0000	739696.710641
35.4682	-0.2295	2.9333	71.8400	55.0000	739696.710641
35.5848	-0.2669	3.0473	71.8400	55.0000	739696.710641
35.6849	-0.3043	3.1613	71.8400	55.0000	739696.710641
35.8015	-0.3479	3.2943	71.8400	55.0000	739696.710641
35.9016	-0.3853	3.4084	71.8400	55.0000	739696.710641
36.0183	-0.4289	3.5414	71.8400	55.0000	739696.710641
36.1363	-0.4685	3.6756	76.7200	55.0000	739696.710641
36.2532	-0.4727	3.6952	85.2600	55.0000	739696.710641
36.3698	-0.4727	3.6952	93.8000	55.0000	739696.710641
36.4866	-0.4580	3.7941	98.6800	55.0000	739696.710641
36.6015	-0.4369	3.9325	98.6800	55.0000	739696.710641
36.7181	-0.4157	4.0709	98.6800	55.0000	739696.710641
36.8349	-0.3946	4.2093	98.6800	55.0000	739696.710641
36.9514	-0.3735	4.3477	98.6800	55.0000	739696.710641
37.0681	-0.3642	4.4872	90.1400	55.0000	739696.710641
37.1847	-0.3758	4.6266	81.6000	55.0000	739696.710641
37.3014	-0.4067	4.7631	75.5000	55.0000	739696.710641
37.4181	-0.4367	4.8599	75.5000	55.0000	739696.710641
37.5349	-0.4542	4.8599	75.5000	55.0000	739696.710641
37.6515	-0.4718	4.8599	75.5000	55.0000	739696.710641
37.7681	-0.4893	4.8599	75.5000	55.0000	739696.710641
37.8683	-0.5043	4.8599	75.5000	55.0000	739696.710641
37.9848	-0.5275	4.8599	66.9600	55.0000	739696.710641
38.0849	-0.5550	4.8599	59.6400	55.0000	739696.710641
38.2015	-0.5954	4.8599	51.1000	55.0000	739696.710641
38.3181	-0.6504	4.8749	42.5600	55.0000	739696.710641
38.4352	-0.7057	4.8749	34.0200	55.0000	739696.710641
38.5530	-0.7668	4.8749	25.4800	55.0000	739696.710641
38.6698	-0.8323	4.8749	16.9400	55.0000	739696.710641
38.7846	-0.9007	4.8749	8.4000	55.0000	739696.710641
38.8864	-0.9605	4.8749	1.0800	55.0000	739696.710641
39.0014	-1.1000	4.8657	-7.4600	55.0000	739696.710641
39.1031	-1.2175	4.8413	-14.7800	55.0000	739696.710641
39.2032	-1.3313	4.8033	-19.6600	55.0000	739696.710641
39.3200	-1.4631	4.7562	-19.6600	55.0000	739696.710641
39.4363	-1.5949	4.7091	-19.6600	55.0000	739696.710641
39.5365	-1.7079	4.6688	-19.6600	55.0000	739696.710641
39.6531	-1.8406	4.6241	-16.0000	55.0000	739696.710641
39.7532	-1.9580	4.5997	-8.6800	55.0000	739696.710641
39.8698	-2.0976	4.5904	-0.1400	55.0000	739696.710641
39.9701	-2.2172	4.5991	7.1800	55.0000	739696.710641
40.0863	-2.3553	4.6220	9.6200	55.0000	739696.710641
40.1867	-2.4736	4.6421	9.6200	55.0000	739696.710641
40.3031	-2.6116	4.6655	9.6200	55.0000	739696.710641
40.4199	-2.7496	4.6889	9.6200	55.0000	739696.710641
40.5365	-2.8877	4.7123	9.6200	55.0000	739696.710641
40.6366	-3.0060	4.7323	9.6200	55.0000	739696.710641
40.7532	-3.1440	4.7557	9.6200	55.0000	739696.710641
40.8679	-3.2812	4.7833	14.5000	55.0000	739696.710641
40.9698	-3.3947	4.8219	21.8200	55.0000	739696.710641
41.0866	-3.5197	4.8847	30.3600	55.0000	739696.710641
41.2014	-3.6339	4.9654	38.9000	55.0000	739696.710641
41.3031	-3.7214	5.0475	46.2200	55.0000	739696.710641
41.4184	-3.8092	5.1563	54.7600	55.0000	739696.710641
41.5197	-3.8710	5.2592	62.0800	55.0000	739696.710641
41.6213	-3.9191	5.3690	69.4000	55.0000	739696.710641
41.7347	-3.9574	5.5036	76.7200	55.0000	739696.710641
41.8364	-3.9849	5.6204	76.7200	55.0000	739696.710641
41.9531	-4.0261	5.7541	71.8400	55.0000	739696.710641
42.0684	-4.0738	5.8659	64.5200	55.0000	739696.710641
42.1700	-4.0830	5.8659	57.2000	55.0000	739696.710641
42.2865	-4.0830	5.8659	48.6600	55.0000	739696.710641
42.3865	-4.0830	5.8659	41.3400	55.0000	739696.710641
42.5032	-4.0830	5.8659	32.8000	55.0000	739696.710641
42.6033	-4.0830	5.8659	25.4800	55.0000	739696.710641
42.7198	-4.0830	5.8659	16.9400	55.0000	739696.710641
42.8200	-4.0830	5.8659	9.6200	55.0000	739696.710641
42.9365	-4.0830	5.8659	1.0800	55.0000	739696.710641
43.0533	-4.0830	5.8659	-7.4600	55.0000	739696.710641
43.1681	-4.0830	5.8659	-16.0000	55.0000	739696.710641
43.2698	-4.0830	5.8659	-23.3200	55.0000	739696.710641
43.3847	-4.0830	5.8659	-31.8600	55.0000	739696.710641
43.4877	-4.0830	5.8659	-39.1800	55.0000	739696.710641
43.6015	-4.0830	5.8659	-47.7200	55.0000	739696.710641
43.7033	-4.0830	5.8659	-55.0400	55.0000	739696.710641
43.8197	-4.0830	5.8659	-63.5800	55.0000	739696.710641
43.9198	-4.0830	5.8659	-70.9000	55.0000	739696.710641
44.0347	-4.0830	5.8659	-79.4400	55.0000	739696.710641
44.1367	-4.0830	5.8659	-86.7600	55.0000	739696.710641
44.2514	-4.0830	5.8659	-95.3000	55.0000	739696.710641
44.3532	-4.0747	5.8268	-102.6200	55.0000	739696.710641
44.4698	-4.0412	5.6909	-103.8400	55.0000	739696.710641
44.5699	-4.0125	5.5743	-103.8400	55.0000	739696.710641
44.6703	-3.9838	5.4578	-103.8400	55.0000	739696.710641
44.7866	-3.9503	5.3219	-103.8400	55.0000	739696.710641
44.9032	-3.9168	5.1860	-103.8400	55.0000	739696.710641
45.0033	-3.8922	5.0686	-98.9600	55.0000	739696.710641
45.1199	-3.8873	5.0289	-90.4200	55.0000	739696.710641
45.2365	-3.8873	5.0289	-81.8800	55.0000	739696.710641
45.3531	-3.8873	5.0289	-73.3400	55.0000	739696.710641
45.4544	-3.8873	5.0289	-66.0200	55.0000	739696.710641
45.5708	-3.8873	5.0289	-57.4800	55.0000	739696.710641
45.6848	-3.9625	4.9108	-57.4800	55.0000	739696.710641
45.8029	-4.0378	4.7928	-57.4800	55.0000	739696.710641
45.9180	-4.1131	4.6747	-57.4800	55.0000	739696.710641
46.0363	-4.1883	4.5567	-57.4800	55.0000	739696.710641
46.1515	-4.2636	4.4386	-57.4800	55.0000	739696.710641
46.2681	-4.3389	4.3206	-57.4800	55.0000	739696.710641
46.3683	-4.3815	4.2529	-61.1400	55.0000	739696.710641
46.4848	-4.3815	4.2529	-69.6800	55.0000	739696.710641
46.5849	-4.3815	4.2529	-77.0000	55.0000	739696.710641
46.7014	-4.3815	4.2529	-85.5400	55.0000	739696.710641
46.8016	-4.3815	4.2529	-92.8600	55.0000	739696.710641
46.9028	-4.3753	4.2134	-98.9600	55.0000	739696.710641
47.0181	-4.3535	4.0751	-98.9600	55.0000	739696.710641
47.1348	-4.3317	3.9368	-98.9600	55.0000	739696.710641
47.2513	-4.3099	3.7985	-98.9600	55.0000	739696.710641
47.3516	-4.3099	3.7985	-105.0600	55.0000	739696.710641
47.4681	-4.3099	3.7985	-113.6000	55.0000	739696.710641
47.5683	-4.3099	3.7985	-120.9200	55.0000	739696.710641
47.6851	-4.3099	3.7985	-129.4600	55.0000	739696.710641
47.8013	-4.3099	3.7985	-138.0000	55.0000	739696.710641
47.9014	-4.3099	3.7985	-145.3200	55.0000	739696.710641
48.0017	-4.3099	3.7985	-152.6400	55.0000	739696.710641
48.1187	-4.3099	3.7985	-161.1800	55.0000	739696.710641
48.2347	-4.3099	3.7985	-169.7200	55.0000	739696.710641
48.3350	-4.2106	3.7866	-173.3800	55.0000	739696.710641
48.4515	-4.0715	3.7704	-173.3800	55.0000	739696.710641
48.5682	-3.9324	3.7543	-173.3800	55.0000	739696.710641
48.6854	-3.7934	3.7381	-173.3800	55.0000	739696.710641
48.8016	-3.6543	3.7220	-173.3800	55.0000	739696.710641
48.9183	-3.5152	3.7059	-173.3800	55.0000	739696.710641
49.0195	-3.3960	3.6920	-173.3800	55.0000	739696.710641
49.1347	-3.2570	3.6759	-173.3800	55.0000	739696.710641
49.2349	-3.1378	3.6620	-173.3800	55.0000	739696.710641
49.3515	-2.9987	3.6459	-173.3800	55.0000	739696.710641
49.4681	-2.8596	3.6298	-173.3800	55.0000	739696.710641
49.5687	-2.7404	3.6159	-173.3800	55.0000	739696.710641
49.6849	-2.6014	3.5998	-173.3800	55.0000	739696.710641
49.8017	-2.4623	3.5837	-173.3800	55.0000	739696.710641
49.9183	-2.3232	3.5675	-173.3800	55.0000	739696.710641
50.0365	-2.2438	3.5583	-170.9400	55.0000	739696.710641
50.1529	-2.2438	3.5583	-162.4000	55.0000	739696.710641
50.2533	-2.2438	3.5583	-155.0800	55.0000	739696.710641
50.3697	-2.2438	3.5583	-146.5400	55.0000	739696.710641
50.4700	-2.2438	3.5583	-139.2200	55.0000	739696.710641
50.5849	-2.2438	3.5583	-130.6800	55.0000	739696.710641
50.7032	-2.2438	3.5583	-122.1400	55.0000	739696.710641
50.8197	-2.2182	3.5040	-114.8200	55.0000	739696.710641
50.9199	-2.1678	3.3951	-114.8200	55.0000	739696.710641
51.0363	-2.1091	3.2680	-114.8200	55.0000	739696.710641
51.1366	-2.1091	3.2680	-116.0400	55.0000	739696.710641
51.2531	-2.1091	3.2680	-124.5800	55.0000	739696.710641
51.3534	-2.1091	3.2680	-131.9000	55.0000	739696.710641
51.4697	-2.1091	3.2680	-140.4400	55.0000	739696.710641
51.5866	-2.0586	3.2357	-147.7600	55.0000	739696.710641
51.6874	-1.9571	3.1717	-147.7600	55.0000	739696.710641
51.8046	-1.8386	3.0970	-147.7600	55.0000	739696.710641
51.9193	-1.7202	3.0223	-147.7600	55.0000	739696.710641
52.0199	-1.6187	2.9583	-147.7600	55.0000	739696.710641
52.1347	-1.5003	2.8836	-147.7600	55.0000	739696.710641
52.2366	-1.3988	2.8196	-147.7600	55.0000	739696.710641
52.3531	-1.2804	2.7449	-147.7600	55.0000	739696.710641
52.4533	-1.1789	2.6809	-147.7600	55.0000	739696.710641
52.5680	-1.0605	2.6062	-147.7600	55.0000	739696.710641
52.6699	-0.9590	2.5422	-147.7600	55.0000	739696.710641
52.7863	-0.9085	2.5098	-141.6600	55.0000	739696.710641
52.8865	-0.9085	2.5098	-134.3400	55.0000	739696.710641
53.0033	-0.9085	2.5098	-125.8000	55.0000	739696.710641
53.1181	-0.9085	2.5098	-117.2600	55.0000	739696.710641
53.2198	-0.9085	2.5098	-109.9400	55.0000	739696.710641
53.3200	-0.9085	2.5098	-102.6200	55.0000	739696.710641
53.4367	-0.9085	2.5098	-94.0800	55.0000	739696.710641
53.5531	-0.9085	2.5098	-85.5400	55.0000	739696.710641
53.6540	-0.9085	2.5098	-78.2200	55.0000	739696.710641
53.7544	-0.9150	2.4909	-70.9000	55.0000	739696.710641
53.8697	-0.9608	2.3586	-70.9000	55.0000	739696.710641
53.9700	-1.0001	2.2452	-70.9000	55.0000	739696.710641
54.0865	-1.0459	2.1129	-70.9000	55.0000	739696.710641
54.1866	-1.0852	1.9995	-70.9000	55.0000	739696.710641
54.3031	-1.1310	1.8672	-70.9000	55.0000	739696.710641
54.4200	-1.1310	1.8672	-79.4400	55.0000	739696.710641
54.5365	-1.1310	1.8672	-87.9800	55.0000	739696.710641
54.6533	-1.1310	1.8672	-96.5200	55.0000	739696.710641
54.7696	-1.1310	1.8672	-105.0600	55.0000	739696.710641
54.8699	-1.1310	1.8672	-112.3800	55.0000	739696.710641
54.9848	-1.1310	1.8672	-120.9200	55.0000	739696.710641
55.0866	-1.1310	1.8672	-128.2400	55.0000	739696.710641
55.2015	-1.1164	1.8535	-136.7800	55.0000	739696.710641
55.3033	-1.0272	1.7732	-138.0000	55.0000	739696.710641
55.4182	-0.9232	1.6796	-138.0000	55.0000	739696.710641
55.5365	-0.8191	1.5859	-138.0000	55.0000	739696.710641
55.6379	-0.7329	1.5025	-133.1200	55.0000	739696.710641
55.7543	-0.6463	1.3927	-124.5800	55.0000	739696.710641
55.8680	-0.5770	1.2712	-116.0400	55.0000	739696.710641
55.9701	-0.5302	1.1607	-112.3800	55.0000	739696.710641
56.0864	-0.4769	1.0312	-112.3800	55.0000	739696.710641
56.1867	-0.4312	0.9203	-112.3800	55.0000	739696.710641
56.3031	-0.3779	0.7908	-112.3800	55.0000	739696.710641
56.4033	-0.3474	0.7169	-112.3800	55.0000	739696.710641
56.5197	-0.3474	0.7169	-112.3800	55.0000	739696.710641
56.6202	-0.3474	0.7169	-112.3800	55.0000	739696.710641
56.7366	-0.3474	0.7169	-112.3800	55.0000	739696.710641
56.8368	-0.3474	0.7169	-118.4800	55.0000	739696.710641
56.9531	-0.3474	0.7169	-123.3600	55.0000	739696.710641
57.0533	-0.3474	0.7169	-123.3600	55.0000	739696.710641
57.1699	-0.4134	0.8171	-123.3600	55.0000	739696.710641
57.2865	-0.4904	0.9340	-123.3600	55.0000	739696.710641
57.4013	-0.5674	1.0509	-123.3600	55.0000	739696.710641
57.5033	-0.6334	1.1512	-123.3600	55.0000	739696.710641
57.6185	-0.7103	1.2681	-123.3600	55.0000	739696.710641
57.7212	-0.7763	1.3683	-123.3600	55.0000	739696.710641
57.8347	-0.8533	1.4853	-123.3600	55.0000	739696.710641
57.9365	-0.9193	1.5855	-123.3600	55.0000	739696.710641
58.0367	-0.9853	1.6857	-123.3600	55.0000	739696.710641
58.1531	-1.0623	1.8027	-123.3600	55.0000	739696.710641
58.2682	-1.1393	1.9196	-123.3600	55.0000	739696.710641
58.3698	-1.2053	2.0198	-123.3600	55.0000	739696.710641
58.4848	-1.2822	2.1367	-123.3600	55.0000	739696.710641
58.5866	-1.3372	2.2203	-123.3600	55.0000	739696.710641
58.7014	-1.3372	2.2203	-131.9000	55.0000	739696.710641
58.8034	-1.3372	2.2203	-139.2200	55.0000	739696.710641
58.9197	-1.3372	2.2203	-147.7600	55.0000	739696.710641
59.0201	-1.3372	2.2203	-155.0800	55.0000	739696.710641
59.1364	-1.3372	2.2203	-163.6200	55.0000	739696.710641
59.2365	-1.3372	2.2203	-170.9400	55.0000	739696.710641
59.3531	-1.3372	2.2203	-179.4800	55.0000	739696.710641
59.4533	-1.3372	2.2203	-186.8000	55.0000	739696.710641
59.5698	-1.3372	2.2203	-195.3400	55.0000	739696.710641
59.6710	-1.3372	2.2203	-202.6600	55.0000	739696.710641
59.7875	-1.3372	2.2203	-211.2000	55.0000	739696.710641
59.9032	-1.3372	2.2203	-219.7400	55.0000	739696.710641
60.0198	-1.3372	2.2203	-228.2800	55.0000	739696.710641
60.1199	-1.3372	2.2203	-235.6000	55.0000	739696.710641
60.2364	-1.3285	2.2383	-244.1400	55.0000	739696.710641
60.3367	-1.2762	2.3463	-244.1400	55.0000	739696.710641
60.4532	-1.2151	2.4722	-244.1400	55.0000	739696.710641
60.5533	-1.1726	2.5628	-247.8000	55.0000	739696.710641
60.6698	-1.1726	2.5628	-256.3400	55.0000	739696.710641
60.7865	-1.1726	2.5628	-264.8800	55.0000	739696.710641
60.9014	-1.1726	2.5628	-273.4200	55.0000	739696.710641
61.0032	-1.1726	2.5628	-280.7400	55.0000	739696.710641
61.1182	-1.1726	2.5628	-289.2800	55.0000	739696.710641
61.2199	-1.1902	2.5987	-296.6000	55.0000	739696.710641
61.3349	-1.2529	2.7239	-296.6000	55.0000	739696.710641
61.4365	-1.3066	2.8312	-296.6000	55.0000	739696.710641
61.5522	-1.3693	2.9564	-296.6000	55.0000	739696.710641
61.6681	-1.4210	3.0863	-288.0600	55.0000	739696.710641
61.7846	-1.4529	3.2225	-279.5200	55.0000	739696.710641
61.8848	-1.4652	3.3418	-274.6400	55.0000	739696.710641
61.9863	-1.4749	3.4614	-274.6400	55.0000	739696.710641
62.0867	-1.4846	3.5811	-274.6400	55.0000	739696.710641
62.2032	-1.4959	3.7206	-274.6400	55.0000	739696.710641
62.3033	-1.5056	3.8402	-274.6400	55.0000	739696.710641
62.4198	-1.5121	3.9199	-278.3000	55.0000	739696.710641
62.5199	-1.5121	3.9199	-285.6200	55.0000	739696.710641
62.6364	-1.5121	3.9199	-294.1600	55.0000	739696.710641
62.7366	-1.5121	3.9199	-301.4800	55.0000	739696.710641
62.8530	-1.5121	3.9199	-310.0200	55.0000	739696.710641
62.9532	-1.5121	3.9199	-317.3400	55.0000	739696.710641
63.0698	-1.5121	3.9199	-325.8800	55.0000	739696.710641
63.1700	-1.5476	3.9384	-333.2000	55.0000	739696.710641
63.2864	-1.6739	3.9988	-334.4200	55.0000	739696.710641
63.4032	-1.8002	4.0592	-334.4200	55.0000	739696.710641
63.5181	-1.9235	4.1253	-328.3200	55.0000	739696.710641
63.6199	-2.0208	4.1954	-322.2200	55.0000	739696.710641
63.7348	-2.1006	4.2557	-327.1000	55.0000	739696.710641
63.8366	-2.1006	4.2557	-334.4200	55.0000	739696.710641
63.9533	-2.1006	4.2557	-342.9600	55.0000	739696.710641
64.0700	-2.1006	4.2557	-351.5000	55.0000	739696.710641
64.1848	-2.1006	4.2557	-360.0400	55.0000	739696.710641
64.2877	-2.2004	4.2496	-363.7000	55.0000	739696.710641
64.4015	-2.3401	4.2406	-363.7000	55.0000	739696.710641
64.5034	-2.4599	4.2328	-363.7000	55.0000	739696.710641
64.6198	-2.5996	4.2238	-363.7000	55.0000	739696.710641
64.7200	-2.7193	4.2161	-363.7000	55.0000	739696.710641
64.8348	-2.8590	4.2070	-363.7000	55.0000	739696.710641
64.9366	-2.9788	4.1993	-363.7000	55.0000	739696.710641
65.0531	-3.1185	4.1903	-363.7000	55.0000	739696.710641
65.1533	-3.2383	4.1825	-363.7000	55.0000	739696.710641
65.2699	-3.3780	4.1735	-363.7000	55.0000	739696.710641
65.3700	-3.4977	4.1657	-363.7000	55.0000	739696.710641
65.4865	-3.6374	4.1567	-363.7000	55.0000	739696.710641
65.5866	-3.7572	4.1490	-363.7000	55.0000	739696.710641
65.6874	-3.8769	4.1412	-363.7000	55.0000	739696.710641
65.8033	-3.8769	4.1412	-367.3600	55.0000	739696.710641
65.9198	-3.8769	4.1412	-375.9000	55.0000	739696.710641
66.0199	-3.8769	4.1412	-383.2200	55.0000	739696.710641
66.1366	-3.8769	4.1412	-391.7600	55.0000	739696.710641
66.2516	-3.8769	4.1412	-400.3000	55.0000	739696.710641
66.3542	-3.9293	4.1280	-401.5200	55.0000	739696.710641
66.4680	-3.9851	4.1275	-401.5200	55.0000	739696.710641
66.5705	-4.0461	4.1198	-401.5200	55.0000	739696.710641
66.6708	-4.1304	4.0579	-401.5200	55.0000	739696.710641
66.7863	-4.2352	3.9651	-401.5200	55.0000	739696.710641
66.9034	-4.3251	3.8856	-401.5200	55.0000	739696.710641
67.0181	-4.3251	3.8856	-401.5200	55.0000	739696.710641
67.1200	-4.3251	3.8856	-401.5200	55.0000	739696.710641
67.2348	-4.3251	3.8856	-401.5200	55.0000	739696.710641
67.3365	-4.3251	3.8856	-401.5200	55.0000	739696.710641
67.4513	-4.3251	3.8856	-401.5200	55.0000	739696.710641
67.5531	-4.3251	3.8856	-401.5200	55.0000	739696.710641
67.6698	-4.3251	3.8856	-401.5200	55.0000	739696.710641
67.7866	-4.3251	3.8856	-397.8600	55.0000	739696.710641
67.9013	-4.3251	3.8856	-389.3200	55.0000	739696.710641
68.0033	-4.3251	3.8856	-382.0000	55.0000	739696.710641
68.1181	-4.3251	3.8856	-373.4600	55.0000	739696.710641
68.2200	-4.3251	3.8856	-366.1400	55.0000	739696.710641
68.3365	-4.3251	3.8856	-357.6000	55.0000	739696.710641
68.4366	-4.3251	3.8856	-350.2800	55.0000	739696.710641
68.5531	-4.3251	3.8856	-341.7400	55.0000	739696.710641
68.6533	-4.3251	3.8856	-334.4200	55.0000	739696.710641
68.7698	-4.3251	3.8856	-325.8800	55.0000	739696.710641
68.8699	-4.3251	3.8856	-318.5600	55.0000	739696.710641
68.9865	-4.3251	3.8856	-310.0200	55.0000	739696.710641
69.0867	-4.3251	3.8856	-302.7000	55.0000	739696.710641
69.2031	-4.3251	3.8856	-294.1600	55.0000	739696.710641
69.3199	-4.3251	3.8856	-285.6200	55.0000	739696.710641
69.4348	-4.3251	3.8856	-277.0800	55.0000	739696.710641
69.5513	-4.3251	3.8856	-268.5400	55.0000	739696.710641
69.6514	-4.3251	3.8856	-261.2200	55.0000	739696.710641
69.7532	-4.3251	3.8856	-256.3400	55.0000	739696.710641
69.8682	-4.2920	4.0216	-256.3400	55.0000	739696.710641
69.9848	-4.2589	4.1577	-256.3400	55.0000	739696.710641
70.1015	-4.2259	4.2937	-256.3400	55.0000	739696.710641
70.2183	-4.1963	4.4100	-252.6800	55.0000	739696.710641
70.3348	-4.1963	4.4100	-244.1400	55.0000	739696.710641
70.4516	-4.1963	4.4100	-235.6000	55.0000	739696.710641
70.5682	-4.1963	4.4100	-227.0600	55.0000	739696.710641
70.6851	-4.1963	4.4100	-218.5200	55.0000	739696.710641
70.7851	-4.1155	4.4689	-216.0800	55.0000	739696.710641
70.8853	-4.0185	4.5395	-216.0800	55.0000	739696.710641
71.0016	-3.9053	4.6220	-216.0800	55.0000	739696.710641
71.1183	-3.7948	4.7078	-220.9600	55.0000	739696.710641
71.2348	-3.6974	4.8081	-229.5000	55.0000	739696.710641
71.3516	-3.6148	4.9211	-235.6000	55.0000	739696.710641
71.4682	-3.5337	5.0352	-231.9400	55.0000	739696.710641
71.5849	-3.4384	5.1376	-223.4000	55.0000	739696.710641
71.6850	-3.3454	5.2132	-216.0800	55.0000	739696.710641
71.8014	-3.2257	5.2857	-207.5400	55.0000	739696.710641
71.9183	-3.0966	5.3396	-199.0000	55.0000	739696.710641
72.0364	-2.9610	5.3737	-190.4600	55.0000	739696.710641
72.1532	-2.8218	5.3873	-181.9200	55.0000	739696.710641
72.2681	-2.6821	5.3801	-173.3800	55.0000	739696.710641
72.3699	-2.6225	5.3732	-173.3800	55.0000	739696.710641
72.4707	-2.6225	5.3732	-173.3800	55.0000	739696.710641
72.5863	-2.6225	5.3732	-173.3800	55.0000	739696.710641
72.7042	-2.7020	5.3824	-173.3800	55.0000	739696.710641
72.8201	-2.8410	5.3985	-173.3800	55.0000	739696.710641
72.9348	-2.9801	5.4147	-173.3800	55.0000	739696.710641
73.0514	-3.1192	5.4308	-173.3800	55.0000	739696.710641
73.1681	-3.2582	5.4469	-173.3800	55.0000	739696.710641
73.2847	-3.3973	5.4631	-173.3800	55.0000	739696.710641
73.4015	-3.5364	5.4792	-173.3800	55.0000	739696.710641
73.5183	-3.6754	5.4954	-173.3800	55.0000	739696.710641
73.6349	-3.8145	5.5115	-173.3800	55.0000	739696.710641
73.7519	-3.9536	5.5276	-173.3800	55.0000	739696.710641
73.8681	-4.0926	5.5438	-173.3800	55.0000	739696.710641
73.9695	-4.1322	5.5497	-166.0600	55.0000	739696.710641
74.0850	-4.1322	5.5497	-157.5200	55.0000	739696.710641
74.2014	-4.1322	5.5497	-148.9800	55.0000	739696.710641
74.3016	-4.1322	5.5497	-141.6600	55.0000	739696.710641
74.4182	-4.0457	5.4666	-133.1200	55.0000	739696.710641
74.5347	-3.9522	5.3624	-131.9000	55.0000	739696.710641
74.6349	-3.8720	5.2731	-131.9000	55.0000	739696.710641
74.7514	-3.7786	5.1689	-131.9000	55.0000	739696.710641
74.8515	-3.6984	5.0796	-131.9000	55.0000	739696.710641
74.9681	-3.6049	4.9754	-131.9000	55.0000	739696.710641
75.0847	-3.5096	4.8729	-135.5600	55.0000	739696.710641
75.1848	-3.4179	4.7956	-142.8800	55.0000	739696.710641
75.3027	-3.3341	4.7412	-151.4200	55.0000	739696.710641
75.4183	-3.2060	4.6850	-159.9600	55.0000	739696.710641
75.5346	-3.0710	4.6484	-168.5000	55.0000	739696.710641
75.6348	-2.9530	4.6270	-169.7200	55.0000	739696.710641
75.7516	-2.8152	4.6020	-169.7200	55.0000	739696.710641
75.8683	-2.6775	4.5770	-169.7200	55.0000	739696.710641
75.9864	-2.5397	4.5520	-169.7200	55.0000	739696.710641
76.1033	-2.4019	4.5270	-169.7200	55.0000	739696.710641
76.2197	-2.2642	4.5021	-169.7200	55.0000	739696.710641
76.3198	-2.1461	4.4806	-169.7200	55.0000	739696.710641
76.4364	-2.0084	4.4557	-169.7200	55.0000	739696.710641
76.5366	-1.8903	4.4342	-169.7200	55.0000	739696.710641
76.6531	-1.7525	4.4093	-169.7200	55.0000	739696.710641
76.7682	-1.6148	4.3843	-169.7200	55.0000	739696.710641
76.8708	-1.4967	4.3629	-169.7200	55.0000	739696.710641
76.9711	-1.3786	4.3414	-169.7200	55.0000	739696.710641
77.0847	-1.3590	4.3379	-163.6200	55.0000	739696.710641
77.1866	-1.3590	4.3379	-156.3000	55.0000	739696.710641
77.3031	-1.3590	4.3379	-147.7600	55.0000	739696.710641
77.4033	-1.3590	4.3379	-140.4400	55.0000	739696.710641
77.5180	-1.3590	4.3379	-131.9000	55.0000	739696.710641
77.6182	-1.3590	4.3379	-124.5800	55.0000	739696.710641
77.7348	-1.3590	4.3379	-116.0400	55.0000	739696.710641
77.8531	-1.3590	4.3379	-107.5000	55.0000	739696.710641
77.9699	-1.3590	4.3379	-98.9600	55.0000	739696.710641
78.0848	-1.3590	4.3379	-91.6400	55.0000	739696.710641
78.1865	-1.3561	4.2379	-91.6400	55.0000	739696.710641
78.2867	-1.3527	4.1180	-91.6400	55.0000	739696.710641
78.4030	-1.3487	3.9780	-91.6400	55.0000	739696.710641
78.5035	-1.3452	3.8581	-91.6400	55.0000	739696.710641
78.6198	-1.3412	3.7181	-91.6400	55.0000	739696.710641
78.7366	-1.3372	3.5782	-91.6400	55.0000	739696.710641
78.8376	-1.3338	3.4582	-91.6400	55.0000	739696.710641
78.9545	-1.3298	3.3183	-91.6400	55.0000	739696.710641
79.0681	-1.3258	3.1783	-91.6400	55.0000	739696.710641
79.1699	-1.3223	3.0584	-91.6400	55.0000	739696.710641
79.2850	-1.3183	2.9184	-91.6400	55.0000	739696.710641
79.3866	-1.3149	2.7985	-91.6400	55.0000	739696.710641
79.5016	-1.3109	2.6586	-91.6400	55.0000	739696.710641
79.6033	-1.3074	2.5386	-91.6400	55.0000	739696.710641
79.7181	-1.3034	2.3987	-91.6400	55.0000	739696.710641
79.8200	-1.3000	2.2787	-91.6400	55.0000	739696.710641
79.9365	-1.2947	2.1388	-94.0800	55.0000	739696.710641
80.0534	-1.2729	2.0007	-102.6200	55.0000	739696.710641
80.1681	-1.2333	1.8664	-107.5000	55.0000	739696.710641
80.2698	-1.1972	1.7520	-107.5000	55.0000	739696.710641
80.3699	-1.1611	1.6375	-107.5000	55.0000	739696.710641
80.4866	-1.1079	1.5082	-116.0400	55.0000	739696.710641
80.6013	-1.0360	1.3882	-124.5800	55.0000	739696.710641
80.7034	-0.9741	1.3097	-131.9000	55.0000	739696.710641
80.8207	-0.9741	1.3097	-140.4400	55.0000	739696.710641
80.9211	-0.9741	1.3097	-147.7600	55.0000	739696.710641
81.0354	-0.9214	1.2810	-151.4200	55.0000	739696.710641
81.1367	-0.8161	1.2236	-151.4200	55.0000	739696.710641
81.2531	-0.7636	1.1945	-145.3200	55.0000	739696.710641
81.3534	-0.7636	1.1945	-138.0000	55.0000	739696.710641
81.4697	-0.7636	1.1945	-129.4600	55.0000	739696.710641
81.5700	-0.7636	1.1945	-122.1400	55.0000	739696.710641
81.6865	-0.7159	1.1066	-118.4800	55.0000	739696.710641
81.7866	-0.6587	1.0011	-118.4800	55.0000	739696.710641
81.9032	-0.5882	0.8802	-123.3600	55.0000	739696.710641
82.0197	-0.5368	0.8190	-131.9000	55.0000	739696.710641
82.1198	-0.4502	0.7360	-139.2200	55.0000	739696.710641
82.2366	-0.3745	0.6707	-139.2200	55.0000	739696.710641
82.3515	-0.3745	0.6707	-131.9000	55.0000	739696.710641
82.4533	-0.3745	0.6707	-124.5800	55.0000	739696.710641
82.5681	-0.3745	0.6707	-116.0400	55.0000	739696.710641
82.6699	-0.3745	0.6707	-108.7200	55.0000	739696.710641
82.7848	-0.3745	0.6707	-100.1800	55.0000	739696.710641
82.8889	-0.3745	0.6707	-92.8600	55.0000	739696.710641
83.0041	-0.3745	0.6707	-84.3200	55.0000	739696.710641
83.1195	-0.3745	0.6707	-75.7800	55.0000	739696.710641
83.2347	-0.3745	0.6707	-67.2400	55.0000	739696.710641
83.3348	-0.3745	0.6707	-59.9200	55.0000	739696.710641
83.4364	-0.3745	0.6707	-52.6000	55.0000	739696.710641
83.5366	-0.3745	0.6707	-45.2800	55.0000	739696.710641
83.6531	-0.3745	0.6707	-36.7400	55.0000	739696.710641
83.7534	-0.3745	0.6707	-29.4200	55.0000	739696.710641
83.8698	-0.3745	0.6707	-20.8800	55.0000	739696.710641
83.9700	-0.3745	0.6707	-13.5600	55.0000	739696.710641
84.0865	-0.3745	0.6707	-5.0200	55.0000	739696.710641
84.1866	-0.3745	0.6707	2.3000	55.0000	739696.710641
84.3031	-0.3745	0.6707	10.8400	55.0000	739696.710641
84.4199	-0.3745	0.6707	19.3800	55.0000	739696.710641
84.5350	-0.3745	0.6707	27.9200	55.0000	739696.710641
84.6364	-0.4090	0.6909	30.3600	55.0000	739696.710641
84.7515	-0.5298	0.7616	30.3600	55.0000	739696.710641
84.8517	-0.6334	0.8223	30.3600	55.0000	739696.710641
84.9698	-0.7542	0.8931	30.3600	55.0000	739696.710641
85.0699	-0.8543	0.9591	36.4600	55.0000	739696.710641
85.1865	-0.9593	1.0515	45.0000	55.0000	739696.710641
85.3015	-1.0494	1.1584	53.5400	55.0000	739696.710641
85.4031	-1.1133	1.2599	60.8600	55.0000	739696.710641
85.5181	-1.1766	1.3848	63.3000	55.0000	739696.710641
85.6198	-1.2305	1.4920	63.3000	55.0000	739696.710641
85.7366	-1.2934	1.6171	63.3000	55.0000	739696.710641
85.8515	-1.3563	1.7422	63.3000	55.0000	739696.710641
85.9532	-1.4103	1.8494	63.3000	55.0000	739696.710641
86.0681	-1.4732	1.9744	63.3000	55.0000	739696.710641
86.1699	-1.5271	2.0816	63.3000	55.0000	739696.710641
86.2847	-1.5900	2.2067	63.3000	55.0000	739696.710641
86.3866	-1.6439	2.3139	63.3000	55.0000	739696.710641
86.5015	-1.6529	2.3318	63.3000	55.0000	739696.710641
86.6032	-1.6619	2.3496	63.3000	55.0000	739696.710641
86.7184	-1.7248	2.4747	63.3000	55.0000	739696.710641
86.8200	-1.7787	2.5819	63.3000	55.0000	739696.710641
86.9350	-1.8187	2.6511	55.9800	55.0000	739696.710641
87.0367	-1.8930	2.7452	48.6600	55.0000	739696.710641
87.1515	-1.9940	2.8420	40.1200	55.0000	739696.710641
87.2527	-2.0912	2.9122	32.8000	55.0000	739696.710641
87.3697	-2.2148	2.9777	24.2600	55.0000	739696.710641
87.4866	-2.3446	3.0301	21.8200	55.0000	739696.710641
87.6014	-2.4746	3.0822	21.8200	55.0000	739696.710641
87.7033	-2.5860	3.1268	21.8200	55.0000	739696.710641
87.8181	-2.7160	3.1788	21.8200	55.0000	739696.710641
87.9200	-2.8274	3.2234	21.8200	55.0000	739696.710641
88.0365	-2.9573	3.2755	21.8200	55.0000	739696.710641
88.1518	-3.0902	3.3191	14.5000	55.0000	739696.710641
88.2531	-3.2082	3.3404	7.1800	55.0000	739696.710641
88.3535	-3.3280	3.3477	2.3000	55.0000	739696.710641
88.4699	-3.4679	3.3533	2.3000	55.0000	739696.710641
88.5701	-3.5878	3.3582	2.3000	55.0000	739696.710641
88.6866	-3.7276	3.3642	3.5200	55.0000	739696.710641
88.8015	-3.8660	3.3846	12.0600	55.0000	739696.710641
88.9034	-3.9811	3.4184	19.3800	55.0000	739696.710641
89.0209	-4.1086	3.4758	27.9200	55.0000	739696.710641
89.1347	-4.2262	3.5516	36.4600	55.0000	739696.710641
89.2365	-4.3171	3.6298	43.7800	55.0000	739696.710641
89.3365	-4.3972	3.7190	51.1000	55.0000	739696.710641
89.4533	-4.4755	3.8350	59.6400	55.0000	739696.710641
89.5681	-4.5357	3.9612	68.1800	55.0000	739696.710641
89.6702	-4.5427	3.9800	75.5000	55.0000	739696.710641
89.7847	-4.5427	3.9800	84.0400	55.0000	739696.710641
89.8866	-4.5427	3.9800	91.3600	55.0000	739696.710641
90.0015	-4.5427	3.9800	99.9000	55.0000	739696.710641
90.1034	-4.5427	3.9800	107.2200	55.0000	739696.710641
90.2197	-4.5427	3.9800	115.7600	55.0000	739696.710641
90.3365	-4.5427	3.9800	124.3000	55.0000	739696.710641
90.4366	-4.5427	3.9800	131.6200	55.0000	739696.710641
90.5533	-4.4838	4.0341	137.7200	55.0000	739696.710641
90.6683	-4.3811	4.1292	135.2800	55.0000	739696.710641
90.7700	-4.3672	4.1436	127.9600	55.0000	739696.710641
90.8866	-4.3028	4.2447	119.4200	55.0000	739696.710641
91.0046	-4.2366	4.3681	118.2000	55.0000	739696.710641
91.1181	-4.1865	4.4545	124.3000	55.0000	739696.710641
91.2199	-4.1117	4.5483	131.6200	55.0000	739696.710641
91.3366	-4.0102	4.6446	140.1600	55.0000	739696.710641
91.4514	-3.8980	4.7282	143.8200	55.0000	739696.710641
91.5531	-3.8019	4.8001	141.3800	55.0000	739696.710641
91.6543	-3.7141	4.8817	134.0600	55.0000	739696.710641
91.7708	-3.6224	4.9875	130.4000	55.0000	739696.710641
91.8848	-3.5297	5.0924	134.0600	55.0000	739696.710641
91.9865	-3.4401	5.1721	141.3800	55.0000	739696.710641
92.1034	-3.3308	5.2595	141.3800	55.0000	739696.710641
92.2183	-3.2214	5.3469	141.3800	55.0000	739696.710641
92.3365	-3.1112	5.4333	143.8200	55.0000	739696.710641
92.4514	-3.0782	5.4558	151.1400	55.0000	739696.710641
92.5683	-3.1307	5.4269	151.1400	55.0000	739696.710641
92.6850	-3.2533	5.3593	151.1400	55.0000	739696.710641
92.8016	-3.3760	5.2917	151.1400	55.0000	739696.710641
92.9181	-3.4986	5.2241	151.1400	55.0000	739696.710641
93.0348	-3.6212	5.1566	151.1400	55.0000	739696.710641
93.1514	-3.7438	5.0890	151.1400	55.0000	739696.710641
93.2515	-3.8489	5.0311	151.1400	55.0000	739696.710641
93.3682	-3.9715	4.9635	151.1400	55.0000	739696.710641
93.4849	-4.0591	4.9152	153.5800	55.0000	739696.710641
93.6016	-4.0591	4.9152	162.1200	55.0000	739696.710641
93.7018	-4.0591	4.9152	169.4400	55.0000	739696.710641
93.8181	-3.9992	4.9186	177.9800	55.0000	739696.710641
93.9347	-3.8593	4.9236	177.9800	55.0000	739696.710641
94.0349	-3.7394	4.9278	177.9800	55.0000	739696.710641
94.1350	-3.6194	4.9320	177.9800	55.0000	739696.710641
94.2514	-3.4795	4.9357	180.4200	55.0000	739696.710641
94.3515	-3.3799	4.9277	187.7400	55.0000	739696.710641
94.4681	-3.2434	4.8972	196.2800	55.0000	739696.710641
94.5683	-3.1311	4.8551	203.6000	55.0000	739696.710641
94.6849	-3.0028	4.7990	203.6000	55.0000	739696.710641
94.8015	-2.8736	4.7453	199.9400	55.0000	739696.710641
94.9182	-2.7385	4.7090	191.4000	55.0000	739696.710641
95.0183	-2.6198	4.6916	187.7400	55.0000	739696.710641
95.1348	-2.4811	4.6727	187.7400	55.0000	739696.710641
95.2516	-2.3423	4.6538	187.7400	55.0000	739696.710641
95.3682	-2.2036	4.6350	187.7400	55.0000	739696.710641
95.4849	-2.0649	4.6161	187.7400	55.0000	739696.710641
95.6034	-1.9262	4.5973	187.7400	55.0000	739696.710641
95.7210	-1.7878	4.5759	191.4000	55.0000	739696.710641
95.8348	-1.6536	4.5367	199.9400	55.0000	739696.710641
95.9365	-1.5408	4.4958	199.9400	55.0000	739696.710641
96.0366	-1.4284	4.4537	202.3800	55.0000	739696.710641
96.1531	-1.3041	4.3896	210.9200	55.0000	739696.710641
96.2533	-1.2061	4.3205	218.2400	55.0000	739696.710641
96.3699	-1.1755	4.2947	226.7800	55.0000	739696.710641
96.4702	-1.1755	4.2947	234.1000	55.0000	739696.710641
96.5850	-1.1755	4.2947	242.6400	55.0000	739696.710641
96.7034	-1.1755	4.2947	251.1800	55.0000	739696.710641
96.8034	-1.1561	4.2379	251.1800	55.0000	739696.710641
96.9201	-1.1109	4.1054	251.1800	55.0000	739696.710641
97.0366	-1.0658	3.9729	251.1800	55.0000	739696.710641
97.1368	-1.0271	3.8593	251.1800	55.0000	739696.710641
97.2531	-0.9831	3.7264	253.6200	55.0000	739696.710641
97.3534	-0.9580	3.6092	260.9400	55.0000	739696.710641
97.4698	-0.9478	3.4697	269.4800	55.0000	739696.710641
97.5703	-0.9531	3.3498	273.1400	55.0000	739696.710641
97.6874	-0.9607	3.2100	273.1400	55.0000	739696.710641
97.7878	-0.9673	3.0902	273.1400	55.0000	739696.710641
97.9031	-0.9750	2.9504	273.1400	55.0000	739696.710641
98.0035	-0.9815	2.8306	273.1400	55.0000	739696.710641
98.1198	-0.9892	2.6908	273.1400	55.0000	739696.710641
98.2366	-0.9969	2.5510	273.1400	55.0000	739696.710641
98.3367	-1.0035	2.4312	273.1400	55.0000	739696.710641
98.4533	-1.0111	2.2914	273.1400	55.0000	739696.710641
98.5680	-1.0188	2.1516	273.1400	55.0000	739696.710641
98.6701	-1.0254	2.0318	273.1400	55.0000	739696.710641
98.7848	-1.0330	1.8920	273.1400	55.0000	739696.710641
98.8865	-1.0396	1.7722	273.1400	55.0000	739696.710641
98.9866	-1.0462	1.6524	273.1400	55.0000	739696.710641
99.1032	-1.0539	1.5126	273.1400	55.0000	739696.710641
99.2198	-1.0560	1.4726	270.7000	55.0000	739696.710641
99.3366	-1.0560	1.4726	262.1600	55.0000	739696.710641
99.4517	-1.0560	1.4726	253.6200	55.0000	739696.710641
99.5533	-1.0560	1.4726	246.3000	55.0000	739696.710641
99.6543	-1.0560	1.4726	238.9800	55.0000	739696.710641
99.7545	-1.0560	1.4726	231.6600	55.0000	739696.710641
99.8700	-0.9669	1.3647	230.4400	55.0000	739696.710641
99.9868	-0.8777	1.2568	230.4400	55.0000	739696.710641
100.1015	-0.7886	1.1488	230.4400	55.0000	739696.710641
100.2036	-0.7121	1.0563	230.4400	55.0000	739696.710641
100.3039	-0.6357	0.9638	230.4400	55.0000	739696.710641
100.4199	-0.5465	0.8559	230.4400	55.0000	739696.710641
100.5367	-0.5465	0.8559	230.4400	55.0000	739696.710641
100.6368	-0.5465	0.8559	230.4400	55.0000	739696.710641
100.7531	-0.6230	0.9484	230.4400	55.0000	739696.710641
100.8683	-0.7121	1.0563	230.4400	55.0000	739696.710641
100.9698	-0.7886	1.1488	230.4400	55.0000	739696.710641
101.0700	-0.8650	1.2413	230.4400	55.0000	739696.710641
101.1866	-0.9541	1.3493	230.4400	55.0000	739696.710641
101.3032	-1.0433	1.4572	230.4400	55.0000	739696.710641
101.4182	-1.1126	1.5551	238.9800	55.0000	739696.710641
101.5199	-1.1126	1.5551	246.3000	55.0000	739696.710641
101.6347	-1.1126	1.5551	254.8400	55.0000	739696.710641
101.7377	-1.1126	1.5551	262.1600	55.0000	739696.710641
101.8515	-1.1126	1.5551	270.7000	55.0000	739696.710641
101.9533	-1.1126	1.5551	278.0200	55.0000	739696.710641
102.0682	-1.1126	1.5551	286.5600	55.0000	739696.710641
102.1699	-1.1126	1.5551	293.8800	55.0000	739696.710641
102.2865	-1.1126	1.5551	302.4200	55.0000	739696.710641
102.3867	-1.1126	1.5551	309.7400	55.0000	739696.710641
102.5014	-1.1126	1.5551	318.2800	55.0000	739696.710641
102.6033	-1.1126	1.5551	325.6000	55.0000	739696.710641
102.7182	-1.1126	1.5551	334.1400	55.0000	739696.710641
102.8199	-1.1126	1.5551	341.4600	55.0000	739696.710641
102.9349	-1.1126	1.5551	350.0000	55.0000	739696.710641
103.0367	-1.1126	1.5551	357.3200	55.0000	739696.710641
103.1530	-1.1126	1.5551	365.8600	55.0000	739696.710641
103.2539	-1.1126	1.5551	373.1800	55.0000	739696.710641
103.3698	-1.1126	1.5551	381.7200	55.0000	739696.710641
103.4865	-1.1126	1.5551	390.2600	55.0000	739696.710641
103.6030	-1.1604	1.5913	397.5800	55.0000	739696.710641
103.7035	-1.2528	1.6678	402.4600	55.0000	739696.710641
103.8199	-1.2528	1.6678	411.0000	55.0000	739696.710641
103.9199	-1.2528	1.6678	418.3200	55.0000	739696.710641
104.0365	-1.2701	1.7039	424.4200	55.0000	739696.710641
104.1368	-1.3219	1.8121	424.4200	55.0000	739696.710641
104.2531	-1.3823	1.9384	424.4200	55.0000	739696.710641
104.3535	-1.4341	2.0466	424.4200	55.0000	739696.710641
104.4701	-1.4946	2.1729	424.4200	55.0000	739696.710641
104.5848	-1.5550	2.2992	424.4200	55.0000	739696.710641
104.6864	-1.6068	2.4074	424.4200	55.0000	739696.710641
104.7867	-1.6587	2.5157	424.4200	55.0000	739696.710641
104.9031	-1.7191	2.6420	424.4200	55.0000	739696.710641
105.0033	-1.7709	2.7502	424.4200	55.0000	739696.710641
105.1198	-1.8227	2.8584	423.2000	55.0000	739696.710641
105.2380	-1.8227	2.8584	414.6600	55.0000	739696.710641
105.3542	-1.8227	2.8584	406.1200	55.0000	739696.710641
105.4681	-1.8227	2.8584	397.5800	55.0000	739696.710641
105.5697	-1.8398	2.8689	391.4800	55.0000	739696.710641
105.6700	-1.9421	2.9315	391.4800	55.0000	739696.710641
105.7864	-2.0615	3.0046	391.4800	55.0000	739696.710641
105.8867	-2.1639	3.0673	391.4800	55.0000	739696.710641
106.0032	-2.2833	3.1404	391.4800	55.0000	739696.710641
106.1033	-2.3351	3.1706	385.3800	55.0000	739696.710641
106.2182	-2.3542	3.1764	376.8400	55.0000	739696.710641
106.3200	-2.4713	3.2025	369.5200	55.0000	739696.710641
106.4365	-2.6093	3.2257	369.5200	55.0000	739696.710641
106.5367	-2.7277	3.2455	369.5200	55.0000	739696.710641
106.6531	-2.8657	3.2687	369.5200	55.0000	739696.710641
106.7698	-3.0038	3.2919	369.5200	55.0000	739696.710641
106.8850	-3.1419	3.3150	369.5200	55.0000	739696.710641
106.9866	-3.2602	3.3349	369.5200	55.0000	739696.710641
107.1014	-3.3983	3.3580	369.5200	55.0000	739696.710641
107.2035	-3.5167	3.3779	369.5200	55.0000	739696.710641
107.3181	-3.6547	3.4010	369.5200	55.0000	739696.710641
107.4199	-3.7731	3.4209	369.5200	55.0000	739696.710641
107.5348	-3.9112	3.4440	369.5200	55.0000	739696.710641
107.6367	-3.9698	3.4564	376.8400	55.0000	739696.710641
107.7515	-3.9698	3.4564	385.3800	55.0000	739696.710641
107.8532	-3.9698	3.4564	392.7000	55.0000	739696.710641
107.9698	-3.9698	3.4564	401.2400	55.0000	739696.710641
108.0849	-3.9698	3.4564	409.7800	55.0000	739696.710641
108.1864	-3.9698	3.4564	417.1000	55.0000	739696.710641
108.2867	-3.9698	3.4564	424.4200	55.0000	739696.710641
108.4032	-3.9698	3.4564	432.9600	55.0000	739696.710641
108.5181	-3.9812	3.5154	439.0600	55.0000	739696.710641
108.6198	-4.0040	3.6332	439.0600	55.0000	739696.710641
108.7200	-4.0268	3.7510	439.0600	55.0000	739696.710641
108.8366	-4.0382	3.8099	439.0600	55.0000	739696.710641
108.9534	-4.0650	3.8759	439.0600	55.0000	739696.710641
109.0681	-4.0966	3.8965	439.0600	55.0000	739696.710641
109.1699	-4.1234	3.9696	439.0600	55.0000	739696.710641
109.2848	-4.1500	4.1070	439.0600	55.0000	739696.710641
109.3865	-4.1727	4.2248	439.0600	55.0000	739696.710641
109.5015	-4.1993	4.3623	439.0600	55.0000	739696.710641
109.6033	-4.2221	4.4801	439.0600	55.0000	739696.710641
109.7183	-4.2487	4.6176	439.0600	55.0000	739696.710641
109.8200	-4.2714	4.7354	439.0600	55.0000	739696.710641
109.9364	-4.2980	4.8729	439.0600	55.0000	739696.710641
110.0366	-4.3208	4.9907	439.0600	55.0000	739696.710641
110.1533	-4.3334	5.0898	447.6000	55.0000	739696.710641
110.2682	-4.3334	5.0898	456.1400	55.0000	739696.710641
110.3699	-4.3334	5.0898	463.4600	55.0000	739696.710641
110.4700	-4.3334	5.0898	470.7800	55.0000	739696.710641
110.5864	-4.3334	5.0898	479.3200	55.0000	739696.710641
110.6866	-4.3334	5.0898	486.6400	55.0000	739696.710641
110.8030	-4.3334	5.0898	495.1800	55.0000	739696.710641
110.9034	-4.3334	5.0898	502.5000	55.0000	739696.710641
111.0181	-4.3334	5.0898	511.0400	55.0000	739696.710641
111.1182	-4.3334	5.0898	518.3600	55.0000	739696.710641
111.2185	-4.3334	5.0898	525.6800	55.0000	739696.710641
111.3348	-4.3334	5.0898	534.2200	55.0000	739696.710641
111.4349	-4.3334	5.0898	540.3200	55.0000	739696.710641
111.5514	-4.2134	5.0891	540.3200	55.0000	739696.710641
111.6518	-4.0934	5.0885	540.3200	55.0000	739696.710641
111.7684	-3.9534	5.0877	540.3200	55.0000	739696.710641
111.8848	-3.8134	5.0869	540.3200	55.0000	739696.710641
111.9850	-3.6934	5.0862	540.3200	55.0000	739696.710641
112.1015	-3.5534	5.0855	540.3200	55.0000	739696.710641
112.2029	-3.4935	5.0864	534.2200	55.0000	739696.710641
112.3182	-3.4935	5.0864	525.6800	55.0000	739696.710641
112.4185	-3.3789	5.1222	522.0200	55.0000	739696.710641
112.5348	-3.2458	5.1654	522.0200	55.0000	739696.710641
112.6516	-3.1126	5.2087	522.0200	55.0000	739696.710641
112.7518	-2.9985	5.2457	522.0200	55.0000	739696.710641
112.8527	-2.8843	5.2827	522.0200	55.0000	739696.710641
112.9682	-2.7512	5.3260	522.0200	55.0000	739696.710641
113.0849	-2.6559	5.3564	525.6800	55.0000	739696.710641
113.2032	-2.6559	5.3564	534.2200	55.0000	739696.710641
113.3201	-2.6559	5.3564	542.7600	55.0000	739696.710641
113.4364	-2.6559	5.3564	551.3000	55.0000	739696.710641
113.5368	-2.6559	5.3564	558.6200	55.0000	739696.710641
113.6555	-2.6559	5.3564	567.1600	55.0000	739696.710641
113.7560	-2.6559	5.3564	574.4800	55.0000	739696.710641
113.8699	-2.6559	5.3564	583.0200	55.0000	739696.710641
113.9700	-2.6559	5.3564	590.3400	55.0000	739696.710641
114.0848	-2.6559	5.3564	598.8800	55.0000	739696.710641
114.2045	-2.6559	5.3564	607.4200	55.0000	739696.710641
114.3181	-2.6559	5.3564	615.9600	55.0000	739696.710641
114.4199	-2.6559	5.3564	623.2800	55.0000	739696.710641
114.5365	-2.6559	5.3564	631.8200	55.0000	739696.710641
114.6515	-2.6559	5.3564	640.3600	55.0000	739696.710641
114.7531	-2.6559	5.3564	647.6800	55.0000	739696.710641
114.8533	-2.6559	5.3564	655.0000	55.0000	739696.710641
114.9699	-2.6559	5.3564	663.5400	55.0000	739696.710641
115.0865	-2.6559	5.3564	672.0800	55.0000	739696.710641
115.2014	-2.6559	5.3564	680.6200	55.0000	739696.710641
115.3034	-2.6559	5.3564	687.9400	55.0000	739696.710641
115.4182	-2.6924	5.3401	696.4800	55.0000	739696.710641
115.5198	-2.8035	5.2945	697.7000	55.0000	739696.710641
115.6199	-2.9145	5.2490	697.7000	55.0000	739696.710641
115.7368	-3.0440	5.1959	697.7000	55.0000	739696.710641
115.8515	-3.1180	5.1655	694.0400	55.0000	739696.710641
115.9533	-3.1180	5.1655	686.7200	55.0000	739696.710641
116.0543	-3.1180	5.1655	679.4000	55.0000	739696.710641
116.1711	-3.2161	5.0658	670.8600	55.0000	739696.710641
116.2848	-3.2983	4.9526	662.3200	55.0000	739696.710641
116.3866	-3.3551	4.8469	656.2200	55.0000	739696.710641
116.5013	-3.4169	4.7214	656.2200	55.0000	739696.710641
116.6033	-3.4607	4.6315	653.7800	55.0000	739696.710641
116.7198	-3.4607	4.6315	645.2400	55.0000	739696.710641
116.8199	-3.4607	4.6315	637.9200	55.0000	739696.710641
116.9366	-3.4607	4.6315	629.3800	55.0000	739696.710641
117.0368	-3.4607	4.6315	622.0600	55.0000	739696.710641
117.1532	-3.4607	4.6315	613.5200	55.0000	739696.710641
117.2535	-3.4607	4.6315	606.2000	55.0000	739696.710641
117.3698	-3.4607	4.6315	597.6600	55.0000	739696.710641
117.4701	-3.4607	4.6315	590.3400	55.0000	739696.710641
117.5865	-3.4607	4.6315	581.8000	55.0000	739696.710641
117.6867	-3.4607	4.6315	574.4800	55.0000	739696.710641
117.8031	-3.4607	4.6315	565.9400	55.0000	739696.710641
117.9034	-3.4607	4.6315	558.6200	55.0000	739696.710641
118.0182	-3.4607	4.6315	550.0800	55.0000	739696.710641
118.1183	-3.3418	4.6151	547.6400	55.0000	739696.710641
118.2184	-3.2229	4.5991	547.6400	55.0000	739696.710641
118.3351	-3.0841	4.5805	547.6400	55.0000	739696.710641
118.4515	-2.9454	4.5619	547.6400	55.0000	739696.710641
118.5702	-2.8066	4.5433	547.6400	55.0000	739696.710641
118.6867	-2.6679	4.5247	547.6400	55.0000	739696.710641
118.8034	-2.5291	4.5061	547.6400	55.0000	739696.710641
118.9182	-2.3904	4.4875	547.6400	55.0000	739696.710641
119.0183	-2.2715	4.4711	548.8600	55.0000	739696.710641
119.1200	-2.1547	4.4438	556.1800	55.0000	739696.710641
119.2367	-2.0242	4.3936	564.7200	55.0000	739696.710641
119.3516	-1.9884	4.3757	573.2600	55.0000	739696.710641
119.4532	-1.9884	4.3757	580.5800	55.0000	739696.710641
119.5682	-1.9884	4.3757	589.1200	55.0000	739696.710641
119.6699	-1.9884	4.3757	596.4400	55.0000	739696.710641
119.7865	-1.9884	4.3757	604.9800	55.0000	739696.710641
119.8868	-1.9884	4.3757	612.3000	55.0000	739696.710641
120.0032	-1.9803	4.3365	618.4000	55.0000	739696.710641
120.1033	-1.9562	4.2190	618.4000	55.0000	739696.710641
120.2209	-1.9279	4.1054	618.4000	55.0000	739696.710641
120.3210	-1.8987	4.0811	615.9600	55.0000	739696.710641
120.4365	-1.8522	3.9711	607.4200	55.0000	739696.710641
120.5515	-1.7877	3.8469	598.8800	55.0000	739696.710641
120.6534	-1.7182	3.7492	591.5600	55.0000	739696.710641
120.7683	-1.6241	3.6456	586.6800	55.0000	739696.710641
120.8699	-1.5417	3.5583	586.6800	55.0000	739696.710641
120.9701	-1.5417	3.5583	586.6800	55.0000	739696.710641
121.0866	-1.5417	3.5583	586.6800	55.0000	739696.710641
121.1868	-1.5417	3.5583	586.6800	55.0000	739696.710641
121.3032	-1.5417	3.5583	586.6800	55.0000	739696.710641
121.4033	-1.5417	3.5583	586.6800	55.0000	739696.710641
121.5182	-1.5417	3.5583	586.6800	55.0000	739696.710641
121.6364	-1.5417	3.5583	586.6800	55.0000	739696.710641
121.7366	-1.5417	3.5583	586.6800	55.0000	739696.710641
121.8534	-1.5417	3.5583	586.6800	55.0000	739696.710641
121.9682	-1.5417	3.5583	586.6800	55.0000	739696.710641
122.0699	-1.5417	3.5583	586.6800	55.0000	739696.710641
122.1701	-1.5417	3.5583	586.6800	55.0000	739696.710641
122.2882	-1.5417	3.5583	586.6800	55.0000	739696.710641
122.4082	-1.5417	3.5583	586.6800	55.0000	739696.710641
122.5199	-1.5417	3.5583	586.6800	55.0000	739696.710641
122.6348	-1.5417	3.5583	586.6800	55.0000	739696.710641
122.7368	-1.5417	3.5583	586.6800	55.0000	739696.710641
122.8531	-1.5417	3.5583	586.6800	55.0000	739696.710641
122.9533	-1.5417	3.5583	586.6800	55.0000	739696.710641
123.0698	-1.5417	3.5583	586.6800	55.0000	739696.710641
123.1700	-1.5417	3.5583	586.6800	55.0000	739696.710641
123.2865	-1.5417	3.5583	586.6800	55.0000	739696.710641
123.3866	-1.5417	3.5583	586.6800	55.0000	739696.710641
123.5033	-1.5417	3.5583	586.6800	55.0000	739696.710641
123.6035	-1.5417	3.5583	586.6800	55.0000	739696.710641
123.7198	-1.5417	3.5583	586.6800	55.0000	739696.710641
123.8200	-1.5417	3.5583	586.6800	55.0000	739696.710641
123.9364	-1.5417	3.5583	586.6800	55.0000	739696.710641
124.0366	-1.5417	3.5583	586.6800	55.0000	739696.710641
124.1531	-1.5417	3.5583	586.6800	55.0000	739696.710641
124.2548	-1.5417	3.5583	586.6800	55.0000	739696.710641
124.3712	-1.5417	3.5583	586.6800	55.0000	739696.710641
124.4847	-1.5417	3.5583	586.6800	55.0000	739696.710641
124.5866	-1.5417	3.5583	586.6800	55.0000	739696.710641
124.7034	-1.5417	3.5583	586.6800	55.0000	739696.710641
124.8199	-1.5417	3.5583	586.6800	55.0000	739696.710641
124.9350	-1.5417	3.5583	586.6800	55.0000	739696.710641
125.0531	-1.5417	3.5583	586.6800	55.0000	739696.710641
125.1534	-1.5417	3.5583	586.6800	55.0000	739696.710641
125.2699	-1.5417	3.5583	586.6800	55.0000	739696.710641
125.3868	-1.5417	3.5583	586.6800	55.0000	739696.710641
125.5015	-1.5417	3.5583	586.6800	55.0000	739696.710641
125.6035	-1.5417	3.5583	586.6800	55.0000	739696.710641
125.7199	-1.5417	3.5583	586.6800	55.0000	739696.710641
125.8347	-1.5417	3.5583	586.6800	55.0000	739696.710641
125.9365	-1.5417	3.5583	586.6800	55.0000	739696.710641
126.0534	-1.5417	3.5583	586.6800	55.0000	739696.710641
126.1681	-1.5417	3.5583	586.6800	55.0000	739696.710641
126.2851	-1.5417	3.5583	586.6800	55.0000	739696.710641
126.4018	-1.5417	3.5583	586.6800	55.0000	739696.710641
126.5183	-1.5417	3.5583	586.6800	55.0000	739696.710641
126.6348	-1.5417	3.5583	586.6800	55.0000	739696.710641
126.7516	-1.5417	3.5583	586.6800	55.0000	739696.710641
126.8682	-1.5417	3.5583	586.6800	55.0000	739696.710641
126.9849	-1.5417	3.5583	586.6800	55.0000	739696.710641
127.0850	-1.5417	3.5583	586.6800	55.0000	739696.710641
127.2015	-1.5417	3.5583	586.6800	55.0000	739696.710641
127.3017	-1.5417	3.5583	586.6800	55.0000	739696.710641
127.4181	-1.5417	3.5583	586.6800	55.0000	739696.710641
127.5183	-1.5417	3.5583	586.6800	55.0000	739696.710641
127.6349	-1.5417	3.5583	586.6800	55.0000	739696.710641
127.7352	-1.5417	3.5583	586.6800	55.0000	739696.710641
127.8516	-1.5417	3.5583	586.6800	55.0000	739696.710641
127.9517	-1.5417	3.5583	586.6800	55.0000	739696.710641
128.0683	-1.5417	3.5583	586.6800	55.0000	739696.710641
128.1684	-1.5417	3.5583	586.6800	55.0000	739696.710641
128.2850	-1.5417	3.5583	586.6800	55.0000	739696.710641
128.3851	-1.5417	3.5583	586.6800	55.0000	739696.710641
128.5016	-1.5417	3.5583	586.6800	55.0000	739696.710641
128.6182	-1.5417	3.5583	586.6800	55.0000	739696.710641
128.7183	-1.5417	3.5583	586.6800	55.0000	739696.710641
128.8348	-1.5417	3.5583	586.6800	55.0000	739696.710641
128.9349	-1.5417	3.5583	586.6800	55.0000	739696.710641
129.0515	-1.5417	3.5583	586.6800	55.0000	739696.710641
129.1681	-1.5417	3.5583	586.6800	55.0000	739696.710641
129.2682	-1.5417	3.5583	586.6800	55.0000	739696.710641
129.3848	-1.5417	3.5583	586.6800	55.0000	739696.710641
129.5016	-1.5417	3.5583	586.6800	55.0000	739696.710641
129.6181	-1.5417	3.5583	586.6800	55.0000	739696.710641
129.7184	-1.5417	3.5583	586.6800	55.0000	739696.710641
129.8349	-1.5417	3.5583	586.6800	55.0000	739696.710641
129.9516	-1.5417	3.5583	586.6800	55.0000	739696.710641
130.0682	-1.5417	3.5583	586.6800	55.0000	739696.710641
130.1866	-1.5417	3.5583	586.6800	55.0000	739696.710641
130.3042	-1.5417	3.5583	586.6800	55.0000	739696.710641
130.4182	-1.5417	3.5583	586.6800	55.0000	739696.710641
130.5351	-1.5417	3.5583	586.6800	55.0000	739696.710641
130.6361	-1.5417	3.5583	586.6800	55.0000	739696.710641
130.7515	-1.5417	3.5583	586.6800	55.0000	739696.710641
130.8515	-1.5417	3.5583	586.6800	55.0000	739696.710641
130.9681	-1.5417	3.5583	586.6800	55.0000	739696.710641
131.0866	-1.5417	3.5583	586.6800	55.0000	739696.710641
131.2032	-1.5417	3.5583	586.6800	55.0000	739696.710641
131.3033	-1.5417	3.5583	586.6800	55.0000	739696.710641
131.4197	-1.5417	3.5583	586.6800	55.0000	739696.710641
131.5368	-1.5417	3.5583	586.6800	55.0000	739696.710641
131.6515	-1.5417	3.5583	586.6800	55.0000	739696.710641
131.7533	-1.5417	3.5583	586.6800	55.0000	739696.710641
131.8682	-1.5417	3.5583	586.6800	55.0000	739696.710641
131.9699	-1.5417	3.5583	586.6800	55.0000	739696.710641
132.0850	-1.5417	3.5583	586.6800	55.0000	739696.710641
132.1866	-1.5417	3.5583	586.6800	55.0000	739696.710641
132.2875	-1.5417	3.5583	586.6800	55.0000	739696.710641
132.4044	-1.5417	3.5583	586.6800	55.0000	739696.710641
132.5181	-1.5417	3.5583	586.6800	55.0000	739696.710641
132.6201	-1.5417	3.5583	586.6800	55.0000	739696.710641
132.7348	-1.5417	3.5583	586.6800	55.0000	739696.710641
132.8374	-1.5417	3.5583	586.6800	55.0000	739696.710641
132.9533	-1.5417	3.5583	586.6800	55.0000	739696.710641
133.0533	-1.5417	3.5583	586.6800	55.0000	739696.710641
133.1682	-1.5417	3.5583	586.6800	55.0000	739696.710641
133.2701	-1.5417	3.5583	586.6800	55.0000	739696.710641
133.3866	-1.5417	3.5583	586.6800	55.0000	739696.710641
133.4867	-1.5417	3.5583	586.6800	55.0000	739696.710641
133.6032	-1.5417	3.5583	586.6800	55.0000	739696.710641
133.7202	-1.5417	3.5583	586.6800	55.0000	739696.710641
133.8349	-1.5417	3.5583	586.6800	55.0000	739696.710641
133.9350	-1.5417	3.5583	586.6800	55.0000	739696.710641
134.0365	-1.5417	3.5583	586.6800	55.0000	739696.710641
134.1533	-1.5417	3.5583	586.6800	55.0000	739696.710641
134.2682	-1.5417	3.5583	586.6800	55.0000	739696.710641
134.3701	-1.5417	3.5583	586.6800	55.0000	739696.710641
134.4711	-1.5417	3.5583	586.6800	55.0000	739696.710641
134.5879	-1.5417	3.5583	586.6800	55.0000	739696.710641
134.7016	-1.5417	3.5583	586.6800	55.0000	739696.710641
134.8035	-1.5417	3.5583	586.6800	55.0000	739696.710641
134.9182	-1.5417	3.5583	586.6800	55.0000	739696.710641
135.0199	-1.5417	3.5583	586.6800	55.0000	739696.710641
135.1365	-1.5417	3.5583	586.6800	55.0000	739696.710641
135.2534	-1.5417	3.5583	586.6800	55.0000	739696.710641
135.3682	-1.5417	3.5583	586.6800	55.0000	739696.710641
135.4700	-1.5417	3.5583	586.6800	55.0000	739696.710641
135.5850	-1.5417	3.5583	586.6800	55.0000	739696.710641
135.7034	-1.5417	3.5583	586.6800	55.0000	739696.710641
135.8199	-1.5417	3.5583	586.6800	55.0000	739696.710641
135.9200	-1.5417	3.5583	586.6800	55.0000	739696.710641
136.0365	-1.5417	3.5583	586.6800	55.0000	739696.710641
136.1368	-1.5417	3.5583	586.6800	55.0000	739696.710641
136.2533	-1.5417	3.5583	586.6800	55.0000	739696.710641
136.3536	-1.5417	3.5583	586.6800	55.0000	739696.710641
136.4537	-1.5417	3.5583	586.6800	55.0000	739696.710641
136.5712	-1.5417	3.5583	586.6800	55.0000	739696.710641
136.6875	-1.5417	3.5583	586.6800	55.0000	739696.710641
136.8033	-1.5417	3.5583	586.6800	55.0000	739696.710641
136.9033	-1.5417	3.5583	586.6800	55.0000	739696.710641
137.0199	-1.5417	3.5583	586.6800	55.0000	739696.710641
137.1350	-1.5417	3.5583	586.6800	55.0000	739696.710641
137.2367	-1.5417	3.5583	586.6800	55.0000	739696.710641
137.3532	-1.5417	3.5583	586.6800	55.0000	739696.710641
137.4534	-1.5417	3.5583	586.6800	55.0000	739696.710641
137.5699	-1.5417	3.5583	586.6800	55.0000	739696.710641
137.6702	-1.5417	3.5583	586.6800	55.0000	739696.710641
137.7866	-1.5417	3.5583	586.6800	55.0000	739696.710641
137.9017	-1.5417	3.5583	586.6800	55.0000	739696.710641
138.0032	-1.5417	3.5583	586.6800	55.0000	739696.710641
138.1035	-1.5417	3.5583	586.6800	55.0000	739696.710641
138.2199	-1.5417	3.5583	586.6800	55.0000	739696.710641
138.3200	-1.5417	3.5583	586.6800	55.0000	739696.710641
138.4369	-1.5417	3.5583	586.6800	55.0000	739696.710641
138.5514	-1.5417	3.5583	586.6800	55.0000	739696.710641
138.6543	-1.5417	3.5583	586.6800	55.0000	739696.710641
138.7548	-1.5417	3.5583	586.6800	55.0000	739696.710641
138.8698	-1.5417	3.5583	586.6800	55.0000	739696.710641
138.9700	-1.5417	3.5583	586.6800	55.0000	739696.710641
139.0864	-1.5417	3.5583	586.6800	55.0000	739696.710641
139.2032	-1.5417	3.5583	586.6800	55.0000	739696.710641
139.3033	-1.5417	3.5583	586.6800	55.0000	739696.710641
139.4201	-1.5417	3.5583	586.6800	55.0000	739696.710641
139.5350	-1.5417	3.5583	586.6800	55.0000	739696.710641
139.6366	-1.5417	3.5583	586.6800	55.0000	739696.710641
139.7515	-1.5417	3.5583	586.6800	55.0000	739696.710641
139.8534	-1.5417	3.5583	586.6800	55.0000	739696.710641
139.9681	-1.5417	3.5583	586.6800	55.0000	739696.710641
140.0700	-1.5417	3.5583	586.6800	55.0000	739696.710641
140.1866	-1.5417	3.5583	586.6800	55.0000	739696.710641
140.3032	-1.5417	3.5583	586.6800	55.0000	739696.710641
140.4181	-1.5417	3.5583	586.6800	55.0000	739696.710641
140.5200	-1.5417	3.5583	586.6800	55.0000	739696.710641
140.6210	-1.5417	3.5583	586.6800	55.0000	739696.710641
140.7378	-1.5417	3.5583	586.6800	55.0000	739696.710641
140.8514	-1.5417	3.5583	586.6800	55.0000	739696.710641
140.9536	-1.5417	3.5583	586.6800	55.0000	739696.710641
141.0683	-1.5417	3.5583	586.6800	55.0000	739696.710641
141.1700	-1.5417	3.5583	586.6800	55.0000	739696.710641
141.2865	-1.5417	3.5583	586.6800	55.0000	739696.710641
141.3868	-1.5417	3.5583	586.6800	55.0000	739696.710641
141.5032	-1.5417	3.5583	586.6800	55.0000	739696.710641
141.6033	-1.5417	3.5583	586.6800	55.0000	739696.710641
141.7199	-1.5417	3.5583	586.6800	55.0000	739696.710641
141.8348	-1.5417	3.5583	586.6800	55.0000	739696.710641
141.9365	-1.5417	3.5583	586.6800	55.0000	739696.710641
142.0533	-1.5417	3.5583	586.6800	55.0000	739696.710641
142.1681	-1.5417	3.5583	586.6800	55.0000	739696.710641
142.2702	-1.5417	3.5583	586.6800	55.0000	739696.710641
142.3849	-1.5417	3.5583	586.6800	55.0000	739696.710641
142.5014	-1.5417	3.5583	586.6800	55.0000	739696.710641
142.6018	-1.5417	3.5583	586.6800	55.0000	739696.710641
142.7045	-1.5417	3.5583	586.6800	55.0000	739696.710641
142.8181	-1.5417	3.5583	586.6800	55.0000	739696.710641
142.9211	-1.5143	3.5292	586.6800	55.0000	739696.710641
143.0367	-1.4182	3.4274	586.6800	55.0000	739696.710641
143.1516	-1.3634	3.3692	586.6800	55.0000	739696.710641
143.2532	-1.3222	3.3255	586.6800	55.0000	739696.710641
143.3535	-1.2399	3.2382	586.6800	55.0000	739696.710641
143.4700	-1.1438	3.1363	586.6800	55.0000	739696.710641
143.5700	-1.0683	3.0432	594.0000	55.0000	739696.710641
143.6866	-0.9960	2.9235	602.5400	55.0000	739696.710641
143.8014	-0.9423	2.7943	611.0800	55.0000	739696.710641
143.9033	-0.9078	2.6794	613.5200	55.0000	739696.710641
144.0182	-0.8681	2.5451	613.5200	55.0000	739696.710641
144.1198	-0.8341	2.4301	613.5200	55.0000	739696.710641
144.2201	-0.8000	2.3150	613.5200	55.0000	739696.710641
144.3366	-0.7719	2.1780	622.0600	55.0000	739696.710641
144.4534	-0.7644	2.0383	630.6000	55.0000	739696.710641
144.5681	-0.7778	1.8991	639.1400	55.0000	739696.710641
144.6699	-0.8056	1.7824	646.4600	55.0000	739696.710641
144.7848	-0.8453	1.6482	646.4600	55.0000	739696.710641
144.8886	-0.8793	1.5331	646.4600	55.0000	739696.710641
144.9960	-0.9133	1.4180	646.4600	55.0000	739696.710641
145.1033	-0.9278	1.3598	637.9200	55.0000	739696.710641
145.2180	-0.9278	1.3598	629.3800	55.0000	739696.710641
145.3200	-0.9278	1.3598	622.0600	55.0000	739696.710641
145.4366	-0.9278	1.3598	613.5200	55.0000	739696.710641
145.5516	-0.9036	1.3049	604.9800	55.0000	739696.710641
145.6532	-0.8486	1.1982	602.5400	55.0000	739696.710641
145.7700	-0.7841	1.0740	602.5400	55.0000	739696.710641
145.8847	-0.7195	0.9498	602.5400	55.0000	739696.710641
145.9866	-0.6642	0.8433	602.5400	55.0000	739696.710641
146.1031	-0.6365	0.7900	598.8800	55.0000	739696.710641
146.2034	-0.6365	0.7900	591.5600	55.0000	739696.710641
146.3180	-0.6365	0.7900	583.0200	55.0000	739696.710641
146.4200	-0.7293	0.8661	578.1400	55.0000	739696.710641
146.5365	-0.8394	0.9526	578.1400	55.0000	739696.710641
146.6367	-0.9338	1.0267	578.1400	55.0000	739696.710641
146.7533	-1.0439	1.1132	578.1400	55.0000	739696.710641
146.8545	-1.1383	1.1873	578.1400	55.0000	739696.710641
146.9709	-1.2484	1.2737	578.1400	55.0000	739696.710641
147.0848	-1.2958	1.3105	572.0400	55.0000	739696.710641
147.1866	-1.2958	1.3105	564.7200	55.0000	739696.710641
147.3014	-1.2958	1.3105	556.1800	55.0000	739696.710641
147.4032	-1.2958	1.3105	548.8600	55.0000	739696.710641
147.5199	-1.2958	1.3105	540.3200	55.0000	739696.710641
147.6348	-1.2958	1.3105	531.7800	55.0000	739696.710641
147.7366	-1.2958	1.3105	524.4600	55.0000	739696.710641
147.8515	-1.2958	1.3105	515.9200	55.0000	739696.710641
147.9532	-1.2958	1.3105	508.6000	55.0000	739696.710641
148.0682	-1.2958	1.3105	500.0600	55.0000	739696.710641
148.1700	-1.2958	1.3105	492.7400	55.0000	739696.710641
148.2847	-1.2958	1.3105	484.2000	55.0000	739696.710641
148.3867	-1.2958	1.3105	476.8800	55.0000	739696.710641
148.5015	-1.2958	1.3105	468.3400	55.0000	739696.710641
148.6034	-1.2642	1.4262	464.6800	55.0000	739696.710641
148.7041	-1.2338	1.5423	464.6800	55.0000	739696.710641
148.8200	-1.1983	1.6777	464.6800	55.0000	739696.710641
148.9347	-1.1628	1.8131	464.6800	55.0000	739696.710641
149.0366	-1.1324	1.9292	464.6800	55.0000	739696.710641
149.1516	-1.0969	2.0646	464.6800	55.0000	739696.710641
149.2533	-1.0665	2.1807	464.6800	55.0000	739696.710641
149.3698	-1.0310	2.3162	464.6800	55.0000	739696.710641
149.4701	-1.0048	2.4332	459.8000	55.0000	739696.710641
149.5852	-0.9928	2.5725	451.2600	55.0000	739696.710641
149.7033	-0.9974	2.7125	447.6000	55.0000	739696.710641
149.8198	-1.0045	2.8523	445.1600	55.0000	739696.710641
149.9200	-1.0235	2.9707	437.8400	55.0000	739696.710641
150.0366	-1.0235	2.9707	429.3000	55.0000	739696.710641
150.1367	-1.0235	2.9707	421.9800	55.0000	739696.710641
150.2533	-1.0235	2.9707	413.4400	55.0000	739696.710641
150.3682	-1.0235	2.9707	404.9000	55.0000	739696.710641
150.4699	-1.0235	2.9707	397.5800	55.0000	739696.710641
150.5706	-1.0235	2.9707	390.2600	55.0000	739696.710641
150.6865	-1.0235	2.9707	381.7200	55.0000	739696.710641
150.8034	-1.0235	2.9707	373.1800	55.0000	739696.710641
150.9182	-1.0235	2.9707	364.6400	55.0000	739696.710641
151.0348	-1.0235	2.9707	356.1000	55.0000	739696.710641
151.1515	-1.1219	2.9533	347.5600	55.0000	739696.710641
151.2684	-1.2580	2.9202	346.3400	55.0000	739696.710641
151.3850	-1.3940	2.8872	346.3400	55.0000	739696.710641
151.4871	-1.5106	2.8588	346.3400	55.0000	739696.710641
151.5916	-1.6272	2.8305	346.3400	55.0000	739696.710641
151.7015	-1.7633	2.7974	346.3400	55.0000	739696.710641
151.8182	-1.8993	2.7644	346.3400	55.0000	739696.710641
151.9348	-2.0353	2.7313	346.3400	55.0000	739696.710641
152.0516	-2.1714	2.6983	346.3400	55.0000	739696.710641
152.1682	-2.3074	2.6652	346.3400	55.0000	739696.710641
152.2848	-2.4435	2.6321	346.3400	55.0000	739696.710641
152.4015	-2.5812	2.6078	353.6600	55.0000	739696.710641
152.5016	-2.6610	2.6032	360.9800	55.0000	739696.710641
152.6183	-2.6610	2.6032	369.5200	55.0000	739696.710641
152.7350	-2.6610	2.6032	378.0600	55.0000	739696.710641
152.8516	-2.7734	2.6453	380.5000	55.0000	739696.710641
152.9683	-2.9046	2.6943	380.5000	55.0000	739696.710641
153.0695	-3.0170	2.7363	380.5000	55.0000	739696.710641
153.1849	-3.1490	2.7829	376.8400	55.0000	739696.710641
153.3032	-3.2858	2.8119	368.3000	55.0000	739696.710641
153.4200	-3.4254	2.8203	359.7600	55.0000	739696.710641
153.5366	-3.5650	2.8103	354.8800	55.0000	739696.710641
153.6367	-3.6845	2.7996	354.8800	55.0000	739696.710641
153.7532	-3.8240	2.7871	354.8800	55.0000	739696.710641
153.8545	-3.9435	2.7764	354.8800	55.0000	739696.710641
153.9708	-4.0829	2.7639	354.8800	55.0000	739696.710641
154.0849	-4.2224	2.7514	354.8800	55.0000	739696.710641
154.1866	-4.3419	2.7407	354.8800	55.0000	739696.710641
154.2867	-4.4614	2.7300	354.8800	55.0000	739696.710641
154.4033	-4.6009	2.7175	354.8800	55.0000	739696.710641
154.5034	-4.7204	2.7068	354.8800	55.0000	739696.710641
154.6208	-4.8601	2.6986	359.7600	55.0000	739696.710641
154.7349	-4.9001	2.6997	368.3000	55.0000	739696.710641
154.8365	-4.9001	2.6997	375.6200	55.0000	739696.710641
154.9367	-4.9001	2.6997	382.9400	55.0000	739696.710641
155.0534	-5.0258	2.7612	386.6000	55.0000	739696.710641
155.1682	-5.1510	2.8239	386.6000	55.0000	739696.710641
155.2707	-5.2583	2.8776	386.6000	55.0000	739696.710641
155.3867	-5.3644	2.9336	391.4800	55.0000	739696.710641
155.5015	-5.3644	2.9336	400.0200	55.0000	739696.710641
155.6034	-5.3644	2.9336	407.3400	55.0000	739696.710641
155.7183	-5.3644	2.9336	415.8800	55.0000	739696.710641
155.8201	-5.3644	2.9336	423.2000	55.0000	739696.710641
155.9365	-5.3644	2.9336	431.7400	55.0000	739696.710641
156.0366	-5.3644	2.9336	439.0600	55.0000	739696.710641
156.1531	-5.3644	2.9336	447.6000	55.0000	739696.710641
156.2535	-5.3644	2.9336	454.9200	55.0000	739696.710641
156.3698	-5.3644	2.9336	463.4600	55.0000	739696.710641
156.4699	-5.3644	2.9336	470.7800	55.0000	739696.710641
156.5866	-5.3644	2.9336	479.3200	55.0000	739696.710641
156.6867	-5.3644	2.9336	486.6400	55.0000	739696.710641
156.8032	-5.3644	2.9336	495.1800	55.0000	739696.710641
156.9182	-5.3644	2.9336	503.7200	55.0000	739696.710641
157.0199	-5.3644	2.9336	511.0400	55.0000	739696.710641
157.1367	-5.3644	2.9336	519.5800	55.0000	739696.710641
157.2517	-5.3644	2.9336	528.1200	55.0000	739696.710641
157.3533	-5.3644	2.9336	535.4400	55.0000	739696.710641
157.4681	-5.3644	2.9336	543.9800	55.0000	739696.710641
157.5701	-5.3644	2.9336	551.3000	55.0000	739696.710641
157.6865	-5.3644	2.9336	559.8400	55.0000	739696.710641
157.8043	-5.2910	2.9017	563.5000	55.0000	739696.710641
157.9183	-5.1626	2.8459	563.5000	55.0000	739696.710641
158.0349	-5.0342	2.7901	563.5000	55.0000	739696.710641
158.1517	-4.9058	2.7342	563.5000	55.0000	739696.710641
158.2682	-4.7775	2.6784	563.5000	55.0000	739696.710641
158.3684	-4.6674	2.6306	563.5000	55.0000	739696.710641
158.4849	-4.5390	2.5747	563.5000	55.0000	739696.710641
158.6015	-4.4106	2.5189	563.5000	55.0000	739696.710641
158.7183	-4.2822	2.4631	563.5000	55.0000	739696.710641
158.8349	-4.1529	2.4096	559.8400	55.0000	739696.710641
158.9517	-4.0178	2.3735	551.3000	55.0000	739696.710641
159.0682	-3.8788	2.3579	542.7600	55.0000	739696.710641
159.1684	-3.7588	2.3585	539.1000	55.0000	739696.710641
159.2848	-3.6193	2.3696	531.7800	55.0000	739696.710641
159.3849	-3.5023	2.3955	524.4600	55.0000	739696.710641
159.4850	-3.3894	2.4362	517.1400	55.0000	739696.710641
159.6016	-3.2656	2.5013	508.6000	55.0000	739696.710641
159.7182	-3.1529	2.5841	500.0600	55.0000	739696.710641
159.8185	-3.0669	2.6677	492.7400	55.0000	739696.710641
159.9348	-2.9811	2.7781	484.2000	55.0000	739696.710641
160.0515	-2.9126	2.9001	475.6600	55.0000	739696.710641
160.1517	-2.8690	2.9902	468.3400	55.0000	739696.710641
160.2684	-2.8627	3.0092	463.4600	55.0000	739696.710641
160.3849	-2.8627	3.0092	454.9200	55.0000	739696.710641
160.5017	-2.8627	3.0092	446.3800	55.0000	739696.710641
160.6182	-2.8627	3.0092	437.8400	55.0000	739696.710641
160.7366	-2.8627	3.0092	429.3000	55.0000	739696.710641
160.8534	-2.8627	3.0092	420.7600	55.0000	739696.710641
160.9699	-2.8627	3.0092	412.2200	55.0000	739696.710641
161.0700	-2.8778	3.0265	406.1200	55.0000	739696.710641
161.1866	-2.8805	3.0371	402.4600	55.0000	739696.710641
161.2868	-2.8805	3.0371	395.1400	55.0000	739696.710641
161.4032	-2.8805	3.0371	386.6000	55.0000	739696.710641
161.5035	-2.8834	3.0463	379.2800	55.0000	739696.710641
161.6200	-2.8995	3.0745	379.2800	55.0000	739696.710641
161.7348	-2.9358	3.1076	379.2800	55.0000	739696.710641
161.8366	-3.0259	3.1435	379.2800	55.0000	739696.710641
161.9370	-3.1391	3.1831	379.2800	55.0000	739696.710641
162.0532	-3.2713	3.2293	379.2800	55.0000	739696.710641
162.1699	-3.4034	3.2755	379.2800	55.0000	739696.710641
162.2848	-3.5356	3.3218	379.2800	55.0000	739696.710641
162.3868	-3.6488	3.3614	379.2800	55.0000	739696.710641
162.5015	-3.7810	3.4076	379.2800	55.0000	739696.710641
162.6034	-3.8943	3.4472	379.2800	55.0000	739696.710641
162.7182	-4.0219	3.5045	387.8200	55.0000	739696.710641
162.8200	-4.0219	3.5045	395.1400	55.0000	739696.710641
162.9348	-4.0219	3.5045	403.6800	55.0000	739696.710641
163.0367	-4.0219	3.5045	411.0000	55.0000	739696.710641
163.1532	-4.0219	3.5045	419.5400	55.0000	739696.710641
163.2534	-4.0219	3.5045	426.8600	55.0000	739696.710641
163.3700	-4.0219	3.5045	435.4000	55.0000	739696.710641
163.4848	-4.0240	3.5244	443.9400	55.0000	739696.710641
163.5866	-4.0341	3.6439	445.1600	55.0000	739696.710641
163.7036	-4.0485	3.7832	441.5000	55.0000	739696.710641
163.8199	-4.0804	3.8962	432.9600	55.0000	739696.710641
163.9201	-4.1238	3.9633	425.6400	55.0000	739696.710641
164.0366	-4.1792	4.0918	429.3000	55.0000	739696.710641
164.1367	-4.1922	4.1296	436.6200	55.0000	739696.710641
164.2531	-4.1922	4.1296	445.1600	55.0000	739696.710641
164.3533	-4.1922	4.1296	452.4800	55.0000	739696.710641
164.4700	-4.1922	4.1296	461.0200	55.0000	739696.710641
164.5867	-4.1922	4.1296	469.5600	55.0000	739696.710641
164.7016	-4.1922	4.1296	478.1000	55.0000	739696.710641
164.8046	-4.1922	4.1296	485.4200	55.0000	739696.710641
164.9182	-4.1783	4.1440	493.9600	55.0000	739696.710641
165.0200	-4.0932	4.2286	495.1800	55.0000	739696.710641
165.1348	-3.9939	4.3273	495.1800	55.0000	739696.710641
165.2366	-3.9087	4.4119	495.1800	55.0000	739696.710641
165.3515	-3.8094	4.5106	495.1800	55.0000	739696.710641
165.4534	-3.7243	4.5952	495.1800	55.0000	739696.710641
165.5682	-3.6250	4.6939	495.1800	55.0000	739696.710641
165.6702	-3.5399	4.7784	495.1800	55.0000	739696.710641
165.7866	-3.4406	4.8771	495.1800	55.0000	739696.710641
165.8868	-3.3555	4.9617	495.1800	55.0000	739696.710641
166.0033	-3.2502	5.0538	502.5000	55.0000	739696.710641
166.1034	-3.1499	5.1195	509.8200	55.0000	739696.710641
166.2198	-3.0234	5.1793	518.3600	55.0000	739696.710641
166.3200	-2.9089	5.2151	525.6800	55.0000	739696.710641
166.4366	-2.8700	5.2241	526.9000	55.0000	739696.710641
166.5367	-2.8700	5.2241	526.9000	55.0000	739696.710641
166.6532	-3.0063	5.1924	526.9000	55.0000	739696.710641
166.7533	-3.1232	5.1652	526.9000	55.0000	739696.710641
166.8710	-3.2596	5.1335	526.9000	55.0000	739696.710641
166.9712	-3.3765	5.1063	526.9000	55.0000	739696.710641
167.0866	-3.5128	5.0745	526.9000	55.0000	739696.710641
167.2016	-3.6493	5.0432	528.1200	55.0000	739696.710641
167.3031	-3.7084	5.0334	535.4400	55.0000	739696.710641
167.4201	-3.7084	5.0334	543.9800	55.0000	739696.710641
167.5366	-3.7084	5.0334	552.5200	55.0000	739696.710641
167.6368	-3.7084	5.0334	559.8400	55.0000	739696.710641
167.7535	-3.7084	5.0334	568.3800	55.0000	739696.710641
167.8700	-3.7084	5.0334	576.9200	55.0000	739696.710641
167.9849	-3.6013	4.9433	580.5800	55.0000	739696.710641
168.1016	-3.4950	4.8522	580.5800	55.0000	739696.710641
168.2184	-3.3831	4.7682	573.2600	55.0000	739696.710641
168.3349	-3.2601	4.7017	564.7200	55.0000	739696.710641
168.4350	-3.1477	4.6598	557.4000	55.0000	739696.710641
168.5515	-3.0114	4.6282	551.3000	55.0000	739696.710641
168.6517	-2.8937	4.6047	551.3000	55.0000	739696.710641
168.7681	-2.7564	4.5773	551.3000	55.0000	739696.710641
168.8683	-2.6388	4.5538	551.3000	55.0000	739696.710641
168.9915	-2.5015	4.5263	551.3000	55.0000	739696.710641
169.1016	-2.3642	4.4989	551.3000	55.0000	739696.710641
169.2182	-2.2269	4.4715	551.3000	55.0000	739696.710641
169.3349	-2.0896	4.4441	551.3000	55.0000	739696.710641
169.4515	-1.9523	4.4166	551.3000	55.0000	739696.710641
169.5516	-1.8347	4.3931	551.3000	55.0000	739696.710641
169.6682	-1.6974	4.3657	551.3000	55.0000	739696.710641
169.7849	-1.5604	4.3370	553.7400	55.0000	739696.710641
169.8850	-1.5604	4.3370	561.0600	55.0000	739696.710641
170.0016	-1.5604	4.3370	569.6000	55.0000	739696.710641
170.1181	-1.5604	4.3370	578.1400	55.0000	739696.710641
170.2348	-1.5604	4.3370	586.6800	55.0000	739696.710641
170.3350	-1.5604	4.3370	594.0000	55.0000	739696.710641
170.4514	-1.4973	4.2349	598.8800	55.0000	739696.710641
170.5683	-1.4249	4.1151	598.8800	55.0000	739696.710641
170.6849	-1.3525	3.9952	598.8800	55.0000	739696.710641
170.7866	-1.3330	3.9604	606.2000	55.0000	739696.710641
170.9016	-1.3330	3.9604	614.7400	55.0000	739696.710641
171.0019	-1.3330	3.9604	622.0600	55.0000	739696.710641
171.1204	-1.3330	3.9604	630.6000	55.0000	739696.710641
171.2350	-1.3330	3.9604	639.1400	55.0000	739696.710641
171.3534	-1.3330	3.9604	647.6800	55.0000	739696.710641
171.4699	-1.3330	3.9604	656.2200	55.0000	739696.710641
171.5849	-1.3728	3.8910	659.8800	55.0000	739696.710641
171.6866	-1.4326	3.7869	659.8800	55.0000	739696.710641
171.7867	-1.4924	3.6829	659.8800	55.0000	739696.710641
171.9033	-1.5621	3.5615	659.8800	55.0000	739696.710641
172.0034	-1.6219	3.4575	659.8800	55.0000	739696.710641
172.1199	-1.6938	3.3374	663.5400	55.0000	739696.710641
172.2200	-1.7674	3.2426	670.8600	55.0000	739696.710641
172.3366	-1.7674	3.2426	679.4000	55.0000	739696.710641
172.4533	-1.7674	3.2426	687.9400	55.0000	739696.710641
172.5682	-1.7674	3.2426	696.4800	55.0000	739696.710641
172.6849	-1.7674	3.2426	705.0200	55.0000	739696.710641
172.8015	-1.9050	3.2177	712.3400	55.0000	739696.710641
172.9015	-2.0239	3.2017	712.3400	55.0000	739696.710641
173.0181	-2.1627	3.1830	712.3400	55.0000	739696.710641
173.1185	-2.2816	3.1666	711.1200	55.0000	739696.710641
173.2349	-2.4174	3.1334	702.5800	55.0000	739696.710641
173.3515	-2.5468	3.0803	694.0400	55.0000	739696.710641
173.4516	-2.6505	3.0199	686.7200	55.0000	739696.710641
173.5532	-2.7455	2.9468	679.4000	55.0000	739696.710641
173.6533	-2.8305	2.8622	672.0800	55.0000	739696.710641
173.7535	-2.9040	2.7675	664.7600	55.0000	739696.710641
173.8699	-2.9737	2.6462	656.2200	55.0000	739696.710641
173.9701	-3.0233	2.5369	656.2200	55.0000	739696.710641
174.0867	-3.0421	2.5016	664.7600	55.0000	739696.710641
174.1868	-3.0421	2.5016	672.0800	55.0000	739696.710641
174.3034	-3.1163	2.4346	679.4000	55.0000	739696.710641
174.4200	-3.2226	2.3435	679.4000	55.0000	739696.710641
174.5366	-3.3207	2.2438	670.8600	55.0000	739696.710641
174.6367	-3.3921	2.1475	663.5400	55.0000	739696.710641
174.7532	-3.4592	2.0248	655.0000	55.0000	739696.710641
174.8534	-3.5017	1.9126	647.6800	55.0000	739696.710641
174.9699	-3.5327	1.7762	639.1400	55.0000	739696.710641
175.0712	-3.5428	1.6567	631.8200	55.0000	739696.710641
175.1865	-3.5379	1.5169	626.9400	55.0000	739696.710641
175.2867	-3.5358	1.3969	631.8200	55.0000	739696.710641
175.4034	-3.5521	1.2580	640.3600	55.0000	739696.710641
175.5200	-3.5802	1.1209	641.5800	55.0000	739696.710641
175.6348	-3.6083	0.9837	641.5800	55.0000	739696.710641
175.7366	-3.6324	0.8662	641.5800	55.0000	739696.710641
175.8516	-3.6408	0.8271	648.9000	55.0000	739696.710641
175.9548	-3.6408	0.8271	656.2200	55.0000	739696.710641
176.0682	-3.6408	0.8271	664.7600	55.0000	739696.710641
176.1700	-3.6408	0.8271	672.0800	55.0000	739696.710641
176.2848	-3.6408	0.8271	680.6200	55.0000	739696.710641
176.3867	-3.6408	0.8271	687.9400	55.0000	739696.710641
176.5015	-3.7302	0.7822	694.0400	55.0000	739696.710641
176.6034	-3.8381	0.7296	694.0400	55.0000	739696.710641
176.7181	-3.9639	0.6683	694.0400	55.0000	739696.710641
176.8203	-4.0718	0.6158	694.0400	55.0000	739696.710641
176.9367	-4.2012	0.5627	701.3600	55.0000	739696.710641
177.0377	-4.3174	0.5330	708.6800	55.0000	739696.710641
177.1546	-4.4564	0.5173	717.2200	55.0000	739696.710641
177.2681	-4.5963	0.5135	718.4400	55.0000	739696.710641
177.3699	-4.7163	0.5102	718.4400	55.0000	739696.710641
177.4700	-4.8362	0.5065	717.2200	55.0000	739696.710641
177.5865	-4.9749	0.4879	708.6800	55.0000	739696.710641
177.7033	-5.1092	0.4489	700.1400	55.0000	739696.710641
177.8036	-5.2188	0.4002	694.0400	55.0000	739696.710641
177.9201	-5.3447	0.3389	694.0400	55.0000	739696.710641
178.0366	-5.4706	0.2776	694.0400	55.0000	739696.710641
178.1367	-5.5784	0.2251	694.0400	55.0000	739696.710641
178.2532	-5.7043	0.1638	694.0400	55.0000	739696.710641
178.3535	-5.8122	0.1113	694.0400	55.0000	739696.710641
178.4700	-5.9381	0.0500	694.0400	55.0000	739696.710641
178.5702	-6.0460	-0.0025	694.0400	55.0000	739696.710641
178.6868	-6.1719	-0.0638	694.0400	55.0000	739696.710641
