T	X	Y	HEADING	PERPSECTIVE_ANGLE	NOW_NUM
0.1015	0.0000	0.0000	45.0000	55.0000	739557.432392
0.2184	0.0000	0.0000	45.0000	55.0000	739557.432392
0.3204	0.0000	0.0000	45.0000	55.0000	739557.432392
0.4327	0.0000	0.0000	45.0000	55.0000	739557.432392
0.5492	0.0000	0.0000	45.0000	55.0000	739557.432392
0.6494	0.0000	0.0000	45.0000	55.0000	739557.432392
0.7661	0.0000	0.0000	45.0000	55.0000	739557.432392
0.8831	0.0000	0.0000	45.0000	55.0000	739557.432392
0.9990	0.0000	0.0000	45.0000	55.0000	739557.432392
1.1158	0.0000	0.0000	43.7800	55.0000	739557.432392
1.2328	0.0000	0.0000	35.2400	55.0000	739557.432392
1.3493	0.0000	0.0000	26.7000	55.0000	739557.432392
1.4657	0.0000	0.0000	18.1600	55.0000	739557.432392
1.5658	0.0000	0.0000	10.8400	55.0000	739557.432392
1.6659	0.0000	0.0000	3.5200	55.0000	739557.432392
1.7825	-0.0400	0.0016	2.3000	55.0000	739557.432392
1.8992	-0.1799	0.0072	2.3000	55.0000	739557.432392
2.0158	-0.3197	0.0128	2.3000	55.0000	739557.432392
2.1159	-0.3509	0.0440	2.3000	55.0000	739557.432392
2.2325	-0.3828	0.0822	2.3000	55.0000	739557.432392
2.3326	-0.4319	0.1195	2.3000	55.0000	739557.432392
2.4491	-0.5570	0.1354	2.3000	55.0000	739557.432392
2.5658	-0.6969	0.1410	2.3000	55.0000	739557.432392
2.6661	-0.8168	0.1459	2.3000	55.0000	739557.432392
2.7824	-0.9567	0.1515	2.3000	55.0000	739557.432392
2.8825	-1.0766	0.1563	2.3000	55.0000	739557.432392
2.9826	-1.1965	0.1611	2.3000	55.0000	739557.432392
3.0992	-1.3363	0.1667	2.3000	55.0000	739557.432392
3.2156	-1.4762	0.1723	2.3000	55.0000	739557.432392
3.3158	-1.5762	0.1764	2.3000	55.0000	739557.432392
3.4324	-1.5762	0.1764	2.3000	55.0000	739557.432392
3.5326	-1.5762	0.1764	2.3000	55.0000	739557.432392
3.6327	-1.5762	0.1764	2.3000	55.0000	739557.432392
3.7491	-1.5762	0.1764	2.3000	55.0000	739557.432392
3.8657	-1.6361	0.1788	2.3000	55.0000	739557.432392
3.9658	-1.7560	0.1836	2.3000	55.0000	739557.432392
4.0828	-1.8959	0.1892	2.3000	55.0000	739557.432392
4.1990	-2.0358	0.1948	2.3000	55.0000	739557.432392
4.2992	-2.1557	0.1996	2.3000	55.0000	739557.432392
4.4158	-2.2956	0.2053	2.3000	55.0000	739557.432392
4.5158	-2.4155	0.2101	2.3000	55.0000	739557.432392
4.6159	-2.5354	0.2149	2.3000	55.0000	739557.432392
4.7323	-2.6753	0.2205	2.3000	55.0000	739557.432392
4.8324	-2.7952	0.2253	2.3000	55.0000	739557.432392
4.9326	-2.9151	0.2301	2.3000	55.0000	739557.432392
5.0491	-3.0550	0.2358	2.3000	55.0000	739557.432392
5.1494	-3.1749	0.2406	2.3000	55.0000	739557.432392
5.2656	-3.3148	0.2462	2.3000	55.0000	739557.432392
5.3659	-3.3747	0.2486	2.3000	55.0000	739557.432392
5.4826	-3.3747	0.2486	2.3000	55.0000	739557.432392
5.5990	-3.3747	0.2486	2.3000	55.0000	739557.432392
5.6991	-3.3747	0.2486	2.3000	55.0000	739557.432392
5.8160	-3.3747	0.2486	2.3000	55.0000	739557.432392
5.9324	-3.3747	0.2486	2.3000	55.0000	739557.432392
6.0329	-3.2948	0.2454	2.3000	55.0000	739557.432392
6.1493	-3.1549	0.2398	2.3000	55.0000	739557.432392
6.2657	-3.0150	0.2341	2.3000	55.0000	739557.432392
6.3661	-2.8951	0.2293	2.3000	55.0000	739557.432392
6.4662	-2.7752	0.2245	2.3000	55.0000	739557.432392
6.5828	-2.6553	0.2197	2.3000	55.0000	739557.432392
6.6830	-2.6553	0.2197	2.3000	55.0000	739557.432392
6.7994	-2.6553	0.2197	2.3000	55.0000	739557.432392
6.8996	-2.6553	0.2197	5.9600	55.0000	739557.432392
7.0159	-2.6553	0.2197	14.5000	55.0000	739557.432392
7.1161	-2.6553	0.2197	21.8200	55.0000	739557.432392
7.2326	-2.6553	0.2197	30.3600	55.0000	739557.432392
7.3491	-2.6553	0.2197	38.9000	55.0000	739557.432392
7.4660	-2.6553	0.2197	47.4400	55.0000	739557.432392
7.5826	-2.6553	0.2197	55.9800	55.0000	739557.432392
7.6994	-2.6553	0.2197	64.5200	55.0000	739557.432392
7.8160	-2.6553	0.2197	73.0600	55.0000	739557.432392
7.9325	-2.6902	0.3345	73.0600	55.0000	739557.432392
8.0490	-2.7077	0.3919	73.0600	55.0000	739557.432392
8.1656	-2.7077	0.3919	73.0600	55.0000	739557.432392
8.2659	-2.7077	0.3919	76.7200	55.0000	739557.432392
8.3824	-2.7077	0.3919	85.2600	55.0000	739557.432392
8.4991	-2.7077	0.3919	93.8000	55.0000	739557.432392
8.6160	-2.7077	0.3919	102.3400	55.0000	739557.432392
8.7325	-2.7077	0.3919	103.5600	55.0000	739557.432392
8.8491	-2.6843	0.4891	103.5600	55.0000	739557.432392
8.9496	-2.6561	0.6058	103.5600	55.0000	739557.432392
9.0662	-2.6515	0.6252	103.5600	55.0000	739557.432392
9.1826	-2.6515	0.6252	103.5600	55.0000	739557.432392
9.2992	-2.6468	0.6446	103.5600	55.0000	739557.432392
9.3994	-2.6186	0.7613	103.5600	55.0000	739557.432392
9.5159	-2.5858	0.8974	103.5600	55.0000	739557.432392
9.6327	-2.5530	1.0335	103.5600	55.0000	739557.432392
9.7495	-2.5202	1.1696	103.5600	55.0000	739557.432392
9.8658	-2.4873	1.3057	103.5600	55.0000	739557.432392
9.9826	-2.4545	1.4418	103.5600	55.0000	739557.432392
10.0991	-2.4217	1.5779	103.5600	55.0000	739557.432392
10.2163	-2.3889	1.7140	103.5600	55.0000	739557.432392
10.3324	-2.3560	1.8501	103.5600	55.0000	739557.432392
10.4490	-2.3279	1.9667	103.5600	55.0000	739557.432392
10.5491	-2.3279	1.9667	103.5600	55.0000	739557.432392
10.6494	-2.3232	1.9862	103.5600	55.0000	739557.432392
10.7666	-2.2966	2.1235	97.4600	55.0000	739557.432392
10.8823	-2.2861	2.2631	93.8000	55.0000	739557.432392
10.9829	-2.2781	2.3828	93.8000	55.0000	739557.432392
11.0990	-2.2689	2.5225	93.8000	55.0000	739557.432392
11.1994	-2.2675	2.5425	93.8000	55.0000	739557.432392
11.3164	-2.2622	2.6223	93.8000	55.0000	739557.432392
11.4325	-2.2622	2.6223	93.8000	55.0000	739557.432392
11.5491	-2.2622	2.6223	93.8000	55.0000	739557.432392
11.6495	-2.2622	2.6223	91.3600	55.0000	739557.432392
11.7658	-2.2622	2.6223	82.8200	55.0000	739557.432392
11.8823	-2.2622	2.6223	74.2800	55.0000	739557.432392
11.9993	-2.2622	2.6223	70.6200	55.0000	739557.432392
12.1159	-2.2622	2.6223	70.6200	55.0000	739557.432392
12.2325	-2.2821	2.6789	70.6200	55.0000	739557.432392
12.3326	-2.3220	2.7921	70.6200	55.0000	739557.432392
12.4493	-2.3684	2.9242	70.6200	55.0000	739557.432392
12.5659	-2.4063	3.0588	77.9400	55.0000	739557.432392
12.6825	-2.4238	3.1976	86.4800	55.0000	739557.432392
12.7993	-2.4205	3.3374	95.0200	55.0000	739557.432392
12.9159	-2.4082	3.4769	95.0200	55.0000	739557.432392
13.0166	-2.3977	3.5964	95.0200	55.0000	739557.432392
13.1327	-2.3919	3.7362	88.9200	55.0000	739557.432392
13.2492	-2.4064	3.8753	80.3800	55.0000	739557.432392
13.3493	-2.4352	3.9917	73.0600	55.0000	739557.432392
13.4495	-2.4786	4.1035	65.7400	55.0000	739557.432392
13.5662	-2.5467	4.2257	57.2000	55.0000	739557.432392
13.6828	-2.6322	4.3364	48.6600	55.0000	739557.432392
13.7990	-2.7332	4.4332	40.1200	55.0000	739557.432392
13.8992	-2.8304	4.5034	32.8000	55.0000	739557.432392
13.9995	-2.9357	4.5607	25.4800	55.0000	739557.432392
14.1159	-3.0666	4.6099	16.9400	55.0000	739557.432392
14.2326	-3.2034	4.6391	8.4000	55.0000	739557.432392
14.3491	-3.3430	4.6477	-0.1400	55.0000	739557.432392
14.4491	-3.4626	4.6385	-7.4600	55.0000	739557.432392
14.5657	-3.5218	4.6286	-9.9000	55.0000	739557.432392
14.6658	-3.5218	4.6286	-9.9000	55.0000	739557.432392
14.7659	-3.5218	4.6286	-9.9000	55.0000	739557.432392
14.8826	-3.5218	4.6286	-9.9000	55.0000	739557.432392
14.9991	-3.5218	4.6286	-9.9000	55.0000	739557.432392
15.0994	-3.5218	4.6286	-17.2200	55.0000	739557.432392
15.2159	-3.5218	4.6286	-25.7600	55.0000	739557.432392
15.3326	-3.5218	4.6286	-34.3000	55.0000	739557.432392
15.4331	-3.5218	4.6286	-40.4000	55.0000	739557.432392
15.5491	-3.5218	4.6286	-40.4000	55.0000	739557.432392
15.6496	-3.5675	4.5897	-40.4000	55.0000	739557.432392
15.7657	-3.6741	4.4990	-40.4000	55.0000	739557.432392
15.8660	-3.7655	4.4212	-40.4000	55.0000	739557.432392
15.9826	-3.8721	4.3305	-40.4000	55.0000	739557.432392
16.0989	-3.9779	4.2388	-42.8400	55.0000	739557.432392
16.1992	-4.0595	4.1509	-50.1600	55.0000	739557.432392
16.3157	-4.1396	4.0363	-58.7000	55.0000	739557.432392
16.4159	-4.1941	3.9295	-66.0200	55.0000	739557.432392
16.5166	-4.2346	3.8166	-73.3400	55.0000	739557.432392
16.6330	-4.2631	3.6796	-81.8800	55.0000	739557.432392
16.7494	-4.2736	3.5401	-86.7600	55.0000	739557.432392
16.8496	-4.2804	3.4203	-86.7600	55.0000	739557.432392
16.9660	-4.2883	3.2805	-86.7600	55.0000	739557.432392
17.0825	-4.2970	3.2010	-78.2200	55.0000	739557.432392
17.1829	-4.2970	3.2010	-70.9000	55.0000	739557.432392
17.2993	-4.3141	3.1648	-64.8000	55.0000	739557.432392
17.4157	-4.3737	3.0381	-64.8000	55.0000	739557.432392
17.5160	-4.3481	3.0924	-64.8000	55.0000	739557.432392
17.6324	-4.2885	3.2191	-64.8000	55.0000	739557.432392
17.7326	-4.2374	3.3277	-64.8000	55.0000	739557.432392
17.8327	-4.1863	3.4362	-64.8000	55.0000	739557.432392
17.9492	-4.1863	3.4362	-64.8000	55.0000	739557.432392
18.0495	-4.1863	3.4362	-64.8000	55.0000	739557.432392
18.1659	-4.2459	3.3096	-64.8000	55.0000	739557.432392
18.2823	-4.3056	3.1829	-64.8000	55.0000	739557.432392
18.3827	-4.3566	3.0743	-64.8000	55.0000	739557.432392
18.4830	-4.4081	2.9659	-63.5800	55.0000	739557.432392
18.5992	-4.4808	2.8464	-55.0400	55.0000	739557.432392
18.7160	-4.5704	2.7390	-46.5000	55.0000	739557.432392
18.8163	-4.6592	2.6584	-39.1800	55.0000	739557.432392
18.9327	-4.7747	2.5796	-30.6400	55.0000	739557.432392
19.0491	-4.9007	2.5188	-22.1000	55.0000	739557.432392
19.1493	-5.0136	2.4780	-19.6600	55.0000	739557.432392
19.2669	-5.1454	2.4309	-19.6600	55.0000	739557.432392
19.3827	-5.0512	2.4646	-19.6600	55.0000	739557.432392
19.4991	-4.9194	2.5117	-19.6600	55.0000	739557.432392
19.5993	-4.8252	2.5453	-19.6600	55.0000	739557.432392
19.7160	-4.8817	2.5251	-19.6600	55.0000	739557.432392
19.8326	-5.0136	2.4780	-19.6600	55.0000	739557.432392
19.9493	-5.1266	2.4377	-19.6600	55.0000	739557.432392
20.0658	-5.1266	2.4377	-19.6600	55.0000	739557.432392
20.1824	-5.1266	2.4377	-13.5600	55.0000	739557.432392
20.2824	-5.1266	2.4377	-6.2400	55.0000	739557.432392
20.3826	-5.1266	2.4377	1.0800	55.0000	739557.432392
20.4827	-5.1266	2.4377	8.4000	55.0000	739557.432392
20.5828	-5.1266	2.4377	15.7200	55.0000	739557.432392
20.6990	-5.1266	2.4377	24.2600	55.0000	739557.432392
20.7991	-5.1266	2.4377	31.5800	55.0000	739557.432392
20.9156	-5.1266	2.4377	40.1200	55.0000	739557.432392
21.0160	-5.1266	2.4377	47.4400	55.0000	739557.432392
21.1163	-5.1266	2.4377	54.7600	55.0000	739557.432392
21.2324	-5.1266	2.4377	63.3000	55.0000	739557.432392
21.3329	-5.1649	2.5300	68.1800	55.0000	739557.432392
21.4491	-5.2170	2.6600	68.1800	55.0000	739557.432392
21.5493	-5.2616	2.7714	68.1800	55.0000	739557.432392
21.6661	-5.3136	2.9013	68.1800	55.0000	739557.432392
21.7664	-5.3582	3.0127	68.1800	55.0000	739557.432392
21.8827	-5.4102	3.1427	68.1800	55.0000	739557.432392
21.9993	-5.4510	3.2765	76.7200	55.0000	739557.432392
22.1160	-5.4714	3.4149	85.2600	55.0000	739557.432392
22.2323	-5.4711	3.5548	93.8000	55.0000	739557.432392
22.3328	-5.4606	3.6743	95.0200	55.0000	739557.432392
22.4493	-5.4483	3.8138	95.0200	55.0000	739557.432392
22.5658	-5.4361	3.9532	95.0200	55.0000	739557.432392
22.6825	-5.4238	4.0927	95.0200	55.0000	739557.432392
22.7830	-5.4133	4.2122	95.0200	55.0000	739557.432392
22.8992	-5.4011	4.3517	95.0200	55.0000	739557.432392
23.0157	-5.3888	4.4912	95.0200	55.0000	739557.432392
23.1328	-5.3770	4.6306	93.8000	55.0000	739557.432392
23.2490	-5.3796	4.7705	85.2600	55.0000	739557.432392
23.3491	-5.3984	4.8889	77.9400	55.0000	739557.432392
23.4494	-5.4321	5.0040	70.6200	55.0000	739557.432392
23.5660	-5.4896	5.1315	62.0800	55.0000	739557.432392
23.6669	-5.5535	5.2330	54.7600	55.0000	739557.432392
23.7830	-5.6436	5.3400	46.2200	55.0000	739557.432392
23.8992	-5.7444	5.4372	43.7800	55.0000	739557.432392
24.0158	-5.8455	5.5340	43.7800	55.0000	739557.432392
24.1161	-5.9312	5.6180	46.2200	55.0000	739557.432392
24.2326	-6.0191	5.7268	54.7600	55.0000	739557.432392
24.3493	-6.0898	5.8475	63.3000	55.0000	739557.432392
24.4657	-6.1418	5.9774	71.8400	55.0000	739557.432392
24.5660	-6.1705	6.0938	79.1600	55.0000	739557.432392
0.1096	0.0000	0.0000	45.0000	55.0000	739557.456727
0.2169	0.0000	0.0000	45.0000	55.0000	739557.456727
0.3340	0.0000	0.0000	45.0000	55.0000	739557.456727
0.4503	0.0000	0.0000	45.0000	55.0000	739557.456727
0.5504	0.0000	0.0000	45.0000	55.0000	739557.456727
0.6670	0.0000	0.0000	45.0000	55.0000	739557.456727
0.7834	0.0000	0.0000	45.0000	55.0000	739557.456727
0.8845	0.0000	0.0000	45.0000	55.0000	739557.456727
1.0002	0.0000	0.0000	45.0000	55.0000	739557.456727
1.1013	0.0000	0.0000	45.0000	55.0000	739557.456727
1.2169	0.0000	0.0000	45.0000	55.0000	739557.456727
1.3170	0.0000	0.0000	45.0000	55.0000	739557.456727
1.4178	0.0000	0.0000	38.9000	55.0000	739557.456727
1.5336	0.0000	0.0000	30.3600	55.0000	739557.456727
1.6502	0.0000	0.0000	21.8200	55.0000	739557.456727
1.7669	0.0000	0.0000	14.5000	55.0000	739557.456727
1.8676	-0.0581	0.0150	14.5000	55.0000	739557.456727
1.9836	-0.1936	0.0501	14.5000	55.0000	739557.456727
2.0842	-0.3098	0.0801	14.5000	55.0000	739557.456727
2.2002	-0.4453	0.1152	14.5000	55.0000	739557.456727
2.3004	-0.5615	0.1452	14.5000	55.0000	739557.456727
2.4171	-0.6971	0.1803	14.5000	55.0000	739557.456727
2.5174	-0.7552	0.1953	14.5000	55.0000	739557.456727
2.6336	-0.7552	0.1953	14.5000	55.0000	739557.456727
2.7510	-0.7552	0.1953	14.5000	55.0000	739557.456727
2.8671	-0.7552	0.1953	14.5000	55.0000	739557.456727
2.9839	-0.7552	0.1953	9.6200	55.0000	739557.456727
3.1002	-0.7951	0.1965	1.0800	55.0000	739557.456727
3.2003	-0.9151	0.1987	1.0800	55.0000	739557.456727
3.3170	-1.0151	0.2006	1.0800	55.0000	739557.456727
3.4338	-1.0151	0.2006	1.0800	55.0000	739557.456727
3.5503	-1.0151	0.2006	1.0800	55.0000	739557.456727
3.6671	-1.1551	0.2033	1.0800	55.0000	739557.456727
3.7837	-1.2950	0.2059	1.0800	55.0000	739557.456727
3.9005	-1.4350	0.2085	1.0800	55.0000	739557.456727
4.0168	-1.5750	0.2112	1.0800	55.0000	739557.456727
4.1170	-1.6950	0.2134	1.0800	55.0000	739557.456727
4.2335	-1.8350	0.2161	1.0800	55.0000	739557.456727
4.3337	-1.9549	0.2183	1.0800	55.0000	739557.456727
4.4506	-2.0149	0.2195	1.0800	55.0000	739557.456727
4.5670	-2.0149	0.2195	1.0800	55.0000	739557.456727
4.6836	-2.0149	0.2195	1.0800	55.0000	739557.456727
4.8003	-2.0149	0.2195	1.0800	55.0000	739557.456727
4.9006	-2.0149	0.2195	1.0800	55.0000	739557.456727
5.0168	-2.0949	0.2210	1.0800	55.0000	739557.456727
5.1170	-2.2149	0.2232	1.0800	55.0000	739557.456727
5.2337	-2.3549	0.2259	1.0800	55.0000	739557.456727
5.3338	-2.4748	0.2281	1.0800	55.0000	739557.456727
5.4504	-2.6148	0.2308	1.0800	55.0000	739557.456727
5.5668	-2.7548	0.2334	1.0800	55.0000	739557.456727
5.6669	-2.8748	0.2357	1.0800	55.0000	739557.456727
5.7671	-2.9947	0.2379	1.0800	55.0000	739557.456727
5.8835	-3.1347	0.2406	1.0800	55.0000	739557.456727
6.0002	-3.2347	0.2425	1.0800	55.0000	739557.456727
6.1170	-3.2347	0.2425	1.0800	55.0000	739557.456727
6.2173	-3.2347	0.2425	1.0800	55.0000	739557.456727
6.3337	-3.1747	0.2413	1.0800	55.0000	739557.456727
6.4504	-3.0347	0.2387	1.0800	55.0000	739557.456727
6.5669	-2.8948	0.2361	1.0800	55.0000	739557.456727
6.6837	-2.8348	0.2349	1.0800	55.0000	739557.456727
6.8004	-2.8348	0.2349	1.0800	55.0000	739557.456727
6.9167	-2.8348	0.2349	1.0800	55.0000	739557.456727
7.0171	-2.8348	0.2349	1.0800	55.0000	739557.456727
7.1337	-2.8348	0.2349	1.0800	55.0000	739557.456727
7.2357	-2.8348	0.2349	1.0800	55.0000	739557.456727
7.3503	-2.8348	0.2349	1.0800	55.0000	739557.456727
7.4506	-2.8348	0.2349	1.0800	55.0000	739557.456727
7.5668	-2.8348	0.2349	1.0800	55.0000	739557.456727
7.6670	-2.8348	0.2349	1.0800	55.0000	739557.456727
7.7835	-2.8348	0.2349	1.0800	55.0000	739557.456727
7.8836	-2.8348	0.2349	1.0800	55.0000	739557.456727
8.0003	-2.9348	0.2368	1.0800	55.0000	739557.456727
8.1004	-3.0547	0.2391	1.0800	55.0000	739557.456727
8.2170	-3.1947	0.2417	1.0800	55.0000	739557.456727
8.3336	-3.3343	0.2507	7.1800	55.0000	739557.456727
8.4338	-3.4518	0.2745	14.5000	55.0000	739557.456727
8.5503	-3.5838	0.3209	23.0400	55.0000	739557.456727
8.6504	-3.6380	0.3468	30.3600	55.0000	739557.456727
8.7670	-3.6380	0.3468	38.9000	55.0000	739557.456727
8.8836	-3.6380	0.3468	42.5600	55.0000	739557.456727
8.9837	-3.6380	0.3468	42.5600	55.0000	739557.456727
9.1004	-3.6380	0.3468	42.5600	55.0000	739557.456727
9.2169	-3.6380	0.3468	42.5600	55.0000	739557.456727
9.3171	-3.6380	0.3468	42.5600	55.0000	739557.456727
9.4335	-3.6380	0.3468	42.5600	55.0000	739557.456727
9.5337	-3.6380	0.3468	47.4400	55.0000	739557.456727
9.6501	-3.6380	0.3468	55.9800	55.0000	739557.456727
9.7502	-3.6380	0.3468	55.9800	55.0000	739557.456727
9.8503	-3.6268	0.3302	55.9800	55.0000	739557.456727
9.9671	-3.5484	0.2141	55.9800	55.0000	739557.456727
10.0683	-3.4869	0.1313	55.9800	55.0000	739557.456727
10.1836	-3.4477	0.1313	55.9800	55.0000	739557.456727
10.2837	-3.4365	0.1313	55.9800	55.0000	739557.456727
10.4007	-3.4365	0.1313	55.9800	55.0000	739557.456727
10.5172	-3.4365	0.1313	55.9800	55.0000	739557.456727
10.6335	-3.5149	0.2473	55.9800	55.0000	739557.456727
10.7338	-3.5149	0.2473	55.9800	55.0000	739557.456727
10.8503	-3.5149	0.2473	55.9800	55.0000	739557.456727
10.9673	-3.5149	0.2473	55.9800	55.0000	739557.456727
11.0838	-3.5149	0.2473	63.3000	55.0000	739557.456727
11.2001	-3.5149	0.2473	71.8400	55.0000	739557.456727
11.3003	-3.5149	0.2473	79.1600	55.0000	739557.456727
11.4168	-3.5149	0.2473	87.7000	55.0000	739557.456727
11.5169	-3.5149	0.2473	95.0200	55.0000	739557.456727
11.6334	-3.5149	0.2473	103.5600	55.0000	739557.456727
11.7501	-3.5149	0.2473	107.2200	55.0000	739557.456727
11.8503	-3.4912	0.3237	107.2200	55.0000	739557.456727
11.9668	-3.4557	0.4383	107.2200	55.0000	739557.456727
12.0669	-3.4557	0.4383	107.2200	55.0000	739557.456727
12.1670	-3.4557	0.4383	107.2200	55.0000	739557.456727
12.2835	-3.4557	0.4383	108.4400	55.0000	739557.456727
12.3836	-3.4557	0.4383	115.7600	55.0000	739557.456727
12.5004	-3.4557	0.4383	124.3000	55.0000	739557.456727
12.6168	-3.4557	0.4383	132.8400	55.0000	739557.456727
12.7173	-3.4557	0.4383	140.1600	55.0000	739557.456727
12.8335	-3.4557	0.4383	145.0400	55.0000	739557.456727
12.9342	-3.3901	0.4842	145.0400	55.0000	739557.456727
13.0502	-3.2754	0.5644	145.0400	55.0000	739557.456727
13.1669	-3.2754	0.5644	145.0400	55.0000	739557.456727
13.2836	-3.2262	0.5988	145.0400	55.0000	739557.456727
13.4002	-3.1114	0.6790	145.0400	55.0000	739557.456727
13.5005	-3.0131	0.7478	145.0400	55.0000	739557.456727
13.6173	-2.8984	0.8280	145.0400	55.0000	739557.456727
13.7336	-2.7836	0.9082	145.0400	55.0000	739557.456727
13.8339	-2.6855	0.9773	143.8200	55.0000	739557.456727
13.9504	-2.5801	1.0692	135.2800	55.0000	739557.456727
14.0669	-2.4894	1.1757	126.7400	55.0000	739557.456727
14.1836	-2.4156	1.2945	118.2000	55.0000	739557.456727
14.3005	-2.3602	1.4229	109.6600	55.0000	739557.456727
14.4169	-2.3245	1.5582	101.1200	55.0000	739557.456727
14.5336	-2.3093	1.6972	92.5800	55.0000	739557.456727
14.6502	-2.3149	1.8370	84.0400	55.0000	739557.456727
14.7667	-2.3412	1.9744	75.5000	55.0000	739557.456727
14.8669	-2.3798	2.0879	68.1800	55.0000	739557.456727
14.9837	-2.3947	2.1250	68.1800	55.0000	739557.456727
15.1005	-2.3947	2.1250	68.1800	55.0000	739557.456727
15.2174	-2.3947	2.1250	70.6200	55.0000	739557.456727
15.3336	-2.3947	2.1250	79.1600	55.0000	739557.456727
15.4340	-2.3947	2.1250	86.4800	55.0000	739557.456727
15.5502	-2.3947	2.1250	95.0200	55.0000	739557.456727
15.6504	-2.3947	2.1250	97.4600	55.0000	739557.456727
15.7669	-2.3947	2.1250	97.4600	55.0000	739557.456727
15.8837	-2.3817	2.2242	97.4600	55.0000	739557.456727
16.0002	-2.3635	2.3630	97.4600	55.0000	739557.456727
16.1003	-2.3479	2.4820	97.4600	55.0000	739557.456727
16.2187	-2.3298	2.6208	97.4600	55.0000	739557.456727
16.3335	-2.3180	2.7602	91.3600	55.0000	739557.456727
16.4337	-2.3240	2.8800	84.0400	55.0000	739557.456727
16.5504	-2.3491	3.0176	77.9400	55.0000	739557.456727
16.6505	-2.3742	3.1350	77.9400	55.0000	739557.456727
16.7671	-2.4034	3.2719	77.9400	55.0000	739557.456727
16.8837	-2.4285	3.4096	82.8200	55.0000	739557.456727
17.0002	-2.4342	3.4893	91.3600	55.0000	739557.456727
17.1169	-2.4342	3.4893	99.9000	55.0000	739557.456727
17.2342	-2.4279	3.5083	108.4400	55.0000	739557.456727
17.3503	-2.3726	3.6368	116.9800	55.0000	739557.456727
17.4670	-2.2987	3.7556	125.5200	55.0000	739557.456727
17.5836	-2.2081	3.8621	134.0600	55.0000	739557.456727
17.7004	-2.1026	3.9540	142.6000	55.0000	739557.456727
17.8170	-2.0542	3.9894	143.8200	55.0000	739557.456727
17.9334	-2.0542	3.9894	143.8200	55.0000	739557.456727
18.0335	-2.0542	3.9894	143.8200	55.0000	739557.456727
18.1337	-2.1349	3.9303	143.8200	55.0000	739557.456727
18.2504	-2.1833	3.8949	143.8200	55.0000	739557.456727
18.3669	-2.1833	3.8949	143.8200	55.0000	739557.456727
18.4835	-2.1026	3.9540	143.8200	55.0000	739557.456727
18.5838	-2.0057	4.0248	143.8200	55.0000	739557.456727
18.7002	-1.8920	4.1064	146.2600	55.0000	739557.456727
18.8170	-1.8407	4.1376	154.8000	55.0000	739557.456727
18.9172	-1.8407	4.1376	162.1200	55.0000	739557.456727
19.0337	-1.8407	4.1376	170.6600	55.0000	739557.456727
19.1502	-1.8407	4.1376	179.2000	55.0000	739557.456727
19.2502	-1.8407	4.1376	186.5200	55.0000	739557.456727
19.3669	-1.8407	4.1376	195.0600	55.0000	739557.456727
19.4836	-1.8407	4.1376	203.6000	55.0000	739557.456727
19.6009	-1.8407	4.1376	212.1400	55.0000	739557.456727
19.7177	-1.8407	4.1376	214.5800	55.0000	739557.456727
19.8337	-1.8407	4.1376	214.5800	55.0000	739557.456727
19.9341	-1.8407	4.1376	214.5800	55.0000	739557.456727
20.0503	-1.8407	4.1376	214.5800	55.0000	739557.456727
20.1504	-1.8407	4.1376	214.5800	55.0000	739557.456727
20.2670	-1.7419	4.0695	214.5800	55.0000	739557.456727
20.3838	-1.6267	3.9900	214.5800	55.0000	739557.456727
20.5005	-1.5114	3.9105	214.5800	55.0000	739557.456727
20.6169	-1.3961	3.8311	214.5800	55.0000	739557.456727
20.7170	-1.2973	3.7630	214.5800	55.0000	739557.456727
20.8335	-1.1758	3.6937	206.0400	55.0000	739557.456727
20.9336	-1.0645	3.6492	198.7200	55.0000	739557.456727
21.0502	-0.9287	3.6157	190.1800	55.0000	739557.456727
21.1669	-0.7894	3.6028	181.6400	55.0000	739557.456727
21.2836	-0.6497	3.6107	173.1000	55.0000	739557.456727
21.4002	-0.5128	3.6393	164.5600	55.0000	739557.456727
21.5168	-0.3816	3.6878	156.0200	55.0000	739557.456727
21.6170	-0.2760	3.7446	148.7000	55.0000	739557.456727
21.7335	-0.1631	3.8272	140.1600	55.0000	739557.456727
21.8503	-0.1332	3.8897	131.6200	55.0000	739557.456727
21.9668	-0.1332	3.9457	123.0800	55.0000	739557.456727
22.0669	-0.1332	3.9983	115.7600	55.0000	739557.456727
22.1673	-0.1253	4.0632	108.4400	55.0000	739557.456727
22.2837	-0.1253	4.1312	99.9000	55.0000	739557.456727
22.4004	-0.1253	4.2009	91.3600	55.0000	739557.456727
22.5170	-0.1339	4.3405	82.8200	55.0000	739557.456727
22.6335	-0.1631	4.4773	74.2800	55.0000	739557.456727
22.7337	-0.2041	4.5900	66.9600	55.0000	739557.456727
22.8504	-0.2685	4.7142	60.8600	55.0000	739557.456727
22.9671	-0.3172	4.8016	60.8600	55.0000	739557.456727
23.0835	-0.2588	4.6968	60.8600	55.0000	739557.456727
23.1835	-0.2003	4.5919	60.8600	55.0000	739557.456727
23.3002	-0.1322	4.4697	60.8600	55.0000	739557.456727
23.4003	-0.1322	4.4173	60.8600	55.0000	739557.456727
23.5169	-0.1322	4.3561	60.8600	55.0000	739557.456727
23.6170	-0.1322	4.3037	60.8600	55.0000	739557.456727
23.7338	-0.1322	4.2426	60.8600	55.0000	739557.456727
23.8502	-0.1322	4.1814	60.8600	55.0000	739557.456727
23.9671	-0.1322	4.1203	60.8600	55.0000	739557.456727
24.0835	-0.1322	4.0591	60.8600	55.0000	739557.456727
24.1838	-0.1322	4.0067	60.8600	55.0000	739557.456727
24.3005	-0.1322	3.9456	60.8600	55.0000	739557.456727
24.4173	-0.1322	3.9281	60.8600	55.0000	739557.456727
24.5336	-0.1322	3.9281	60.8600	55.0000	739557.456727
24.6340	-0.1322	3.9281	60.8600	55.0000	739557.456727
24.7503	-0.1322	3.9281	57.2000	55.0000	739557.456727
24.8670	-0.1322	3.9281	48.6600	55.0000	739557.456727
24.9672	-0.1322	3.9281	41.3400	55.0000	739557.456727
25.0836	-0.1322	3.9281	32.8000	55.0000	739557.456727
25.2002	-0.1322	3.9281	24.2600	55.0000	739557.456727
25.3002	-0.1322	3.9281	16.9400	55.0000	739557.456727
25.4003	-0.1322	3.9281	9.6200	55.0000	739557.456727
25.5169	-0.1322	3.9281	1.0800	55.0000	739557.456727
25.6170	-0.1322	3.9281	-6.2400	55.0000	739557.456727
25.7174	-0.1322	3.9281	-12.3400	55.0000	739557.456727
25.8340	-0.1322	3.9281	-12.3400	55.0000	739557.456727
25.9503	-0.2103	3.9110	-12.3400	55.0000	739557.456727
26.0505	-0.3275	3.8854	-12.3400	55.0000	739557.456727
26.1670	-0.4643	3.8555	-12.3400	55.0000	739557.456727
26.2673	-0.5815	3.8298	-12.3400	55.0000	739557.456727
26.3836	-0.7183	3.7999	-12.3400	55.0000	739557.456727
26.4839	-0.8355	3.7743	-12.3400	55.0000	739557.456727
26.6003	-0.9725	3.7456	-9.9000	55.0000	739557.456727
26.7003	-1.0919	3.7338	-2.5800	55.0000	739557.456727
26.8004	-1.2118	3.7374	4.7400	55.0000	739557.456727
26.9168	-1.3501	3.7582	9.6200	55.0000	739557.456727
27.0169	-1.4093	3.7683	9.6200	55.0000	739557.456727
27.1337	-1.5276	3.7883	9.6200	55.0000	739557.456727
27.2503	-1.6656	3.8117	9.6200	55.0000	739557.456727
27.3504	-1.7840	3.8318	9.6200	55.0000	739557.456727
27.4673	-1.9220	3.8552	9.6200	55.0000	739557.456727
27.5839	-2.0600	3.8786	9.6200	55.0000	739557.456727
27.7004	-2.1972	3.9061	14.5000	55.0000	739557.456727
27.8170	-2.3292	3.9525	23.0400	55.0000	739557.456727
27.9337	-2.4527	4.0180	31.5800	55.0000	739557.456727
28.0507	-2.5678	4.0978	35.2400	55.0000	739557.456727
28.1670	-2.6168	4.1324	35.2400	55.0000	739557.456727
28.2837	-2.6168	4.1324	35.2400	55.0000	739557.456727
28.4002	-2.6168	4.1324	35.2400	55.0000	739557.456727
28.5006	-2.6168	4.1324	35.2400	55.0000	739557.456727
28.6168	-2.6168	4.1324	35.2400	55.0000	739557.456727
28.7170	-2.6168	4.1324	35.2400	55.0000	739557.456727
28.8337	-2.6822	4.1785	35.2400	55.0000	739557.456727
28.9502	-2.7965	4.2593	35.2400	55.0000	739557.456727
29.0503	-2.8945	4.3286	35.2400	55.0000	739557.456727
29.1668	-3.0089	4.4093	35.2400	55.0000	739557.456727
29.2836	-3.1267	4.4848	29.1400	55.0000	739557.456727
29.4002	-3.2542	4.5422	20.6000	55.0000	739557.456727
29.5004	-3.3693	4.5760	13.2800	55.0000	739557.456727
29.6169	-3.5067	4.6027	10.8400	55.0000	739557.456727
29.7335	-3.6442	4.6290	10.8400	55.0000	739557.456727
29.8337	-3.7621	4.6516	10.8400	55.0000	739557.456727
29.9503	-3.8967	4.6895	19.3800	55.0000	739557.456727
30.0670	-4.0242	4.7470	27.9200	55.0000	739557.456727
30.1837	-4.1418	4.8227	36.4600	55.0000	739557.456727
30.2841	-4.2327	4.9010	43.7800	55.0000	739557.456727
30.4002	-4.3317	5.0000	45.0000	55.0000	739557.456727
30.5003	-4.3458	5.0141	45.0000	55.0000	739557.456727
30.6169	-4.2468	4.9151	45.0000	55.0000	739557.456727
30.7337	-4.1478	4.8161	45.0000	55.0000	739557.456727
30.8339	-4.0771	4.7454	45.0000	55.0000	739557.456727
30.9502	-4.0771	4.7454	45.0000	55.0000	739557.456727
31.0502	-4.0771	4.7454	45.0000	55.0000	739557.456727
31.1506	-4.0771	4.7454	45.0000	55.0000	739557.456727
31.2669	-4.0771	4.7454	51.1000	55.0000	739557.456727
31.3839	-4.0771	4.7454	59.6400	55.0000	739557.456727
31.5003	-4.0771	4.7454	68.1800	55.0000	739557.456727
31.6168	-4.0771	4.7454	76.7200	55.0000	739557.456727
31.7336	-4.0771	4.7454	85.2600	55.0000	739557.456727
31.8505	-4.0771	4.7454	93.8000	55.0000	739557.456727
31.9670	-4.0771	4.7454	98.6800	55.0000	739557.456727
32.0837	-4.0771	4.7454	98.6800	55.0000	739557.456727
32.2006	-4.0771	4.7454	98.6800	55.0000	739557.456727
32.3169	-4.0590	4.8640	98.6800	55.0000	739557.456727
32.4173	-4.0570	4.8750	98.6800	55.0000	739557.456727
32.5337	-4.0570	4.8750	98.6800	55.0000	739557.456727
32.6338	-4.0570	4.8750	98.6800	55.0000	739557.456727
32.7503	-4.0570	4.8750	90.1400	55.0000	739557.456727
32.8504	-4.0570	4.8750	82.8200	55.0000	739557.456727
32.9668	-4.0570	4.8750	76.7200	55.0000	739557.456727
33.0670	-4.0570	4.8750	76.7200	55.0000	739557.456727
33.1677	-4.0755	4.8824	76.7200	55.0000	739557.456727
33.2836	-4.1125	4.9276	76.7200	55.0000	739557.456727
33.3837	-4.1375	5.0449	80.3800	55.0000	739557.456727
33.5002	-4.1491	5.1843	88.9200	55.0000	739557.456727
33.6176	-4.1463	5.2643	97.4600	55.0000	739557.456727
33.7337	-4.1463	5.2643	106.0000	55.0000	739557.456727
33.8503	-4.1087	5.3569	114.5400	55.0000	739557.456727
33.9668	-4.0400	5.4787	123.0800	55.0000	739557.456727
34.0669	-3.9673	5.5740	130.4000	55.0000	739557.456727
34.1671	-3.8830	5.6593	137.7200	55.0000	739557.456727
34.2835	-3.7718	5.7443	146.2600	55.0000	739557.456727
34.3838	-3.6674	5.8033	153.5800	55.0000	739557.456727
34.5004	-3.5373	5.8546	162.1200	55.0000	739557.456727
34.6169	-3.4305	5.8747	170.6600	55.0000	739557.456727
34.7335	-3.3508	5.8750	179.2000	55.0000	739557.456727
34.8336	-3.2310	5.8690	184.0800	55.0000	739557.456727
34.9502	-3.2310	5.8690	184.0800	55.0000	739557.456727
35.0669	-3.3107	5.8747	184.0800	55.0000	739557.456727
35.1836	-3.3806	5.8747	184.0800	55.0000	739557.456727
35.3003	-3.4504	5.8747	184.0800	55.0000	739557.456727
35.4170	-3.5202	5.8747	184.0800	55.0000	739557.456727
35.5337	-3.5900	5.8747	184.0800	55.0000	739557.456727
35.6505	-3.6599	5.8747	184.0800	55.0000	739557.456727
35.7669	-3.7297	5.8747	184.0800	55.0000	739557.456727
35.8671	-3.7895	5.8747	184.0800	55.0000	739557.456727
35.9836	-3.8594	5.8747	184.0800	55.0000	739557.456727
36.0838	-3.9192	5.8747	184.0800	55.0000	739557.456727
36.2002	-3.9591	5.8747	184.0800	55.0000	739557.456727
36.3172	-3.9591	5.8747	184.0800	55.0000	739557.456727
36.4357	-3.9591	5.8747	184.0800	55.0000	739557.456727
36.5502	-3.9591	5.8747	192.6200	55.0000	739557.456727
36.6671	-3.9591	5.8747	201.1600	55.0000	739557.456727
36.7841	-3.9591	5.8747	209.7000	55.0000	739557.456727
36.9003	-3.9591	5.8747	218.2400	55.0000	739557.456727
37.0008	-3.9591	5.8747	225.5600	55.0000	739557.456727
37.1169	-3.9591	5.8747	234.1000	55.0000	739557.456727
37.2170	-3.9591	5.8747	241.4200	55.0000	739557.456727
37.3340	-3.9591	5.8747	249.9600	55.0000	739557.456727
37.4503	-3.9591	5.8747	258.5000	55.0000	739557.456727
37.5669	-3.9591	5.8747	267.0400	55.0000	739557.456727
37.6671	-3.9591	5.8747	274.3600	55.0000	739557.456727
37.7839	-3.9647	5.8351	278.0200	55.0000	739557.456727
37.9002	-3.9842	5.6964	278.0200	55.0000	739557.456727
38.0005	-3.9842	5.6964	278.0200	55.0000	739557.456727
38.1171	-3.9842	5.6964	278.0200	55.0000	739557.456727
38.2337	-3.9842	5.6964	278.0200	55.0000	739557.456727
38.3503	-3.9842	5.6964	278.0200	55.0000	739557.456727
38.4670	-3.9954	5.6172	278.0200	55.0000	739557.456727
38.5836	-4.0149	5.4786	278.0200	55.0000	739557.456727
38.6837	-4.0317	5.3597	278.0200	55.0000	739557.456727
38.7839	-4.0484	5.2409	278.0200	55.0000	739557.456727
38.9006	-4.0687	5.1260	278.0200	55.0000	739557.456727
39.0173	-4.0946	5.0818	278.0200	55.0000	739557.456727
39.1336	-4.1247	5.0332	278.0200	55.0000	739557.456727
39.2337	-4.1275	5.0134	278.0200	55.0000	739557.456727
39.3503	-4.1275	5.0134	278.0200	55.0000	739557.456727
39.4671	-4.1331	4.9738	278.0200	55.0000	739557.456727
39.5835	-4.1526	4.8352	278.0200	55.0000	739557.456727
39.6837	-4.1693	4.7164	278.0200	55.0000	739557.456727
39.8006	-4.1889	4.5777	278.0200	55.0000	739557.456727
39.9170	-4.2084	4.4391	278.0200	55.0000	739557.456727
40.0337	-4.2279	4.3005	278.0200	55.0000	739557.456727
40.1504	-4.2475	4.1618	278.0200	55.0000	739557.456727
40.2507	-4.2642	4.0430	278.0200	55.0000	739557.456727
40.3670	-4.2837	3.9044	278.0200	55.0000	739557.456727
40.4836	-4.3033	3.7657	278.0200	55.0000	739557.456727
40.6002	-4.3228	3.6271	278.0200	55.0000	739557.456727
40.7170	-4.3465	3.4892	282.9000	55.0000	739557.456727
40.8337	-4.3892	3.3560	291.4400	55.0000	739557.456727
40.9505	-4.4513	3.2306	299.9800	55.0000	739557.456727
41.0669	-4.5312	3.1159	308.5200	55.0000	739557.456727
41.1675	-4.6127	3.0279	315.8400	55.0000	739557.456727
41.2835	-4.7209	2.9393	324.3800	55.0000	739557.456727
41.3837	-4.8234	2.8769	331.7000	55.0000	739557.456727
41.4840	-4.9329	2.8281	339.0200	55.0000	739557.456727
41.6003	-5.0673	2.7893	347.5600	55.0000	739557.456727
41.7005	-5.1461	2.7758	351.2200	55.0000	739557.456727
41.8170	-5.1461	2.7758	351.2200	55.0000	739557.456727
41.9337	-5.0275	2.7941	351.2200	55.0000	739557.456727
42.0340	-4.9089	2.8125	351.2200	55.0000	739557.456727
42.1504	-4.7903	2.8308	351.2200	55.0000	739557.456727
42.2671	-4.7903	2.8308	351.2200	55.0000	739557.456727
42.3837	-4.7903	2.8308	351.2200	55.0000	739557.456727
42.5002	-4.7903	2.8308	351.2200	55.0000	739557.456727
42.6169	-4.7903	2.8308	356.1000	55.0000	739557.456727
42.7181	-4.7903	2.8308	363.4200	55.0000	739557.456727
42.8337	-4.7903	2.8308	371.9600	55.0000	739557.456727
42.9503	-4.7903	2.8308	380.5000	55.0000	739557.456727
43.0670	-4.7903	2.8308	387.8200	55.0000	739557.456727
43.1672	-4.7903	2.8308	387.8200	55.0000	739557.456727
43.2835	-4.7903	2.8308	387.8200	55.0000	739557.456727
43.4003	-4.7903	2.8308	387.8200	55.0000	739557.456727
43.5172	-4.7903	2.8308	387.8200	55.0000	739557.456727
43.6339	-4.7903	2.8308	387.8200	55.0000	739557.456727
43.7504	-4.7903	2.8308	379.2800	55.0000	739557.456727
43.8507	-4.7903	2.8308	371.9600	55.0000	739557.456727
43.9670	-4.7903	2.8308	363.4200	55.0000	739557.456727
44.0836	-4.7903	2.8308	362.2000	55.0000	739557.456727
44.2004	-4.7903	2.8308	362.2000	55.0000	739557.456727
44.3170	-4.7903	2.8308	367.0800	55.0000	739557.456727
44.4336	-4.7903	2.8308	375.6200	55.0000	739557.456727
44.5505	-4.7903	2.8308	384.1600	55.0000	739557.456727
44.6671	-4.7903	2.8308	391.4800	55.0000	739557.456727
44.7838	-4.7903	2.8308	391.4800	55.0000	739557.456727
44.9004	-4.7903	2.8308	391.4800	55.0000	739557.456727
45.0004	-4.7903	2.8308	391.4800	55.0000	739557.456727
45.1177	-4.7903	2.8308	382.9400	55.0000	739557.456727
45.2335	-4.7903	2.8308	374.4000	55.0000	739557.456727
45.3338	-4.7903	2.8308	367.0800	55.0000	739557.456727
45.4503	-4.7903	2.8308	365.8600	55.0000	739557.456727
45.5671	-4.7903	2.8308	365.8600	55.0000	739557.456727
45.6837	-4.7903	2.8308	365.8600	55.0000	739557.456727
45.7838	-4.9097	2.8430	365.8600	55.0000	739557.456727
45.8839	-5.0291	2.8553	365.8600	55.0000	739557.456727
46.0004	-5.1683	2.8696	365.8600	55.0000	739557.456727
46.1169	-5.3075	2.8851	368.3000	55.0000	739557.456727
46.2170	-5.3075	2.8851	375.6200	55.0000	739557.456727
46.3171	-5.3075	2.8851	382.9400	55.0000	739557.456727
46.4172	-5.3075	2.8851	390.2600	55.0000	739557.456727
46.5341	-5.3075	2.8851	398.8000	55.0000	739557.456727
46.6503	-5.3075	2.8851	407.3400	55.0000	739557.456727
46.7508	-5.3075	2.8851	414.6600	55.0000	739557.456727
46.8671	-5.3075	2.8851	423.2000	55.0000	739557.456727
46.9674	-5.3075	2.8851	425.6400	55.0000	739557.456727
47.0836	-5.3240	2.9216	425.6400	55.0000	739557.456727
47.2003	-5.3817	3.0491	425.6400	55.0000	739557.456727
47.3169	-5.4065	3.1038	425.6400	55.0000	739557.456727
47.4335	-5.4065	3.1038	425.6400	55.0000	739557.456727
47.5336	-5.4065	3.1038	428.0800	55.0000	739557.456727
47.6503	-5.4065	3.1038	436.6200	55.0000	739557.456727
47.7670	-5.4065	3.1038	445.1600	55.0000	739557.456727
47.8835	-5.4068	3.2038	450.0400	55.0000	739557.456727
47.9843	-5.4067	3.3238	450.0400	55.0000	739557.456727
48.1001	-5.4066	3.4638	450.0400	55.0000	739557.456727
48.2003	-5.4065	3.5838	450.0400	55.0000	739557.456727
48.3171	-5.4064	3.7238	450.0400	55.0000	739557.456727
48.4335	-5.4063	3.8638	450.0400	55.0000	739557.456727
48.5337	-5.4063	3.9838	450.0400	55.0000	739557.456727
48.6506	-5.4062	4.1238	450.0400	55.0000	739557.456727
48.7669	-5.4061	4.2638	450.0400	55.0000	739557.456727
48.8671	-5.4060	4.3838	450.0400	55.0000	739557.456727
48.9836	-5.4084	4.5237	446.3800	55.0000	739557.456727
49.1003	-5.4291	4.6620	437.8400	55.0000	739557.456727
49.2169	-5.4701	4.7958	429.3000	55.0000	739557.456727
49.3336	-5.5267	4.9238	425.6400	55.0000	739557.456727
49.4340	-5.5762	5.0331	425.6400	55.0000	739557.456727
49.5506	-5.6339	5.1607	425.6400	55.0000	739557.456727
49.6673	-5.6917	5.2882	425.6400	55.0000	739557.456727
49.7837	-5.7494	5.4157	425.6400	55.0000	739557.456727
49.9003	-5.8072	5.5433	425.6400	55.0000	739557.456727
50.0174	-5.8649	5.6708	425.6400	55.0000	739557.456727
50.1341	-5.9226	5.7984	425.6400	55.0000	739557.456727
50.2501	-5.9842	5.9240	420.7600	55.0000	739557.456727
50.3518	-6.0504	6.0240	413.4400	55.0000	739557.456727
50.4670	-6.1430	6.1289	404.9000	55.0000	739557.456727
