T	X	Y	HEADING	PERPSECTIVE_ANGLE	NOW_NUM
0.1054	0.0000	0.0000	45.0000	55.0000	739542.458280
0.2217	0.0000	0.0000	45.0000	55.0000	739542.458280
0.3218	0.0000	0.0000	45.0000	55.0000	739542.458280
0.4384	0.0000	0.0000	45.0000	55.0000	739542.458280
0.5384	0.0000	0.0000	45.0000	55.0000	739542.458280
0.6554	0.0000	0.0000	45.0000	55.0000	739542.458280
0.7720	0.0000	0.0000	45.0000	55.0000	739542.458280
0.8887	0.0000	0.0000	45.0000	55.0000	739542.458280
1.0052	0.0000	0.0000	45.0000	55.0000	739542.458280
1.1053	0.0000	0.0000	45.0000	55.0000	739542.458280
1.2217	0.0000	0.0000	45.0000	55.0000	739542.458280
1.3220	0.0000	0.0000	45.0000	55.0000	739542.458280
1.4386	0.0000	0.0000	45.0000	55.0000	739542.458280
1.5387	0.0000	0.0000	45.0000	55.0000	739542.458280
1.6553	0.0000	0.0000	45.0000	55.0000	739542.458280
1.7723	0.0000	0.0000	45.0000	55.0000	739542.458280
1.8886	0.0000	0.0000	45.0000	55.0000	739542.458280
1.9887	0.0000	0.0000	45.0000	55.0000	739542.458280
2.1051	0.0000	0.0000	45.0000	55.0000	739542.458280
2.2218	0.0000	0.0000	45.0000	55.0000	739542.458280
2.3390	0.0000	0.0000	42.5600	55.0000	739542.458280
2.4553	0.0000	0.0000	34.0200	55.0000	739542.458280
2.5719	0.0000	0.0000	25.4800	55.0000	739542.458280
2.6720	0.0000	0.0000	23.0400	55.0000	739542.458280
2.7902	-0.0184	0.0078	23.0400	55.0000	739542.458280
2.9051	-0.1472	0.0626	23.0400	55.0000	739542.458280
3.0070	-0.2577	0.1096	23.0400	55.0000	739542.458280
3.1219	-0.3865	0.1644	23.0400	55.0000	739542.458280
3.2385	-0.5153	0.2192	23.0400	55.0000	739542.458280
3.3550	-0.6442	0.2740	23.0400	55.0000	739542.458280
3.4552	-0.7507	0.3290	30.3600	55.0000	739542.458280
3.5719	-0.8650	0.4097	38.9000	55.0000	739542.458280
3.6884	-0.9659	0.5065	47.4400	55.0000	739542.458280
3.8053	-1.0514	0.6172	55.9800	55.0000	739542.458280
3.9221	-1.1218	0.7381	60.8600	55.0000	739542.458280
4.0384	-1.1900	0.8604	60.8600	55.0000	739542.458280
4.1552	-1.2387	0.9478	60.8600	55.0000	739542.458280
4.2718	-1.2387	0.9478	60.8600	55.0000	739542.458280
4.3884	-1.2387	0.9478	55.9800	55.0000	739542.458280
4.4887	-1.2387	0.9478	48.6600	55.0000	739542.458280
4.6053	-1.2387	0.9478	40.1200	55.0000	739542.458280
4.7218	-1.2387	0.9478	31.5800	55.0000	739542.458280
4.8386	-1.2387	0.9478	23.0400	55.0000	739542.458280
4.9550	-1.2387	0.9478	14.5000	55.0000	739542.458280
5.0717	-1.2387	0.9478	5.9600	55.0000	739542.458280
5.1719	-1.2387	0.9478	-1.3600	55.0000	739542.458280
5.2885	-1.2387	0.9478	-8.6800	55.0000	739542.458280
5.4052	-1.2387	0.9478	-8.6800	55.0000	739542.458280
5.5219	-1.3178	0.9357	-8.6800	55.0000	739542.458280
5.6387	-1.4562	0.9146	-8.6800	55.0000	739542.458280
5.7551	-1.5946	0.8934	-8.6800	55.0000	739542.458280
5.8555	-1.7132	0.8753	-8.6800	55.0000	739542.458280
5.9717	-1.8516	0.8542	-8.6800	55.0000	739542.458280
6.0720	-1.9702	0.8361	-8.6800	55.0000	739542.458280
6.1885	-2.1086	0.8150	-8.6800	55.0000	739542.458280
6.3051	-2.2470	0.7938	-8.6800	55.0000	739542.458280
6.4218	-2.3854	0.7727	-8.6800	55.0000	739542.458280
6.5218	-2.5040	0.7546	-8.6800	55.0000	739542.458280
6.6384	-2.6424	0.7335	-8.6800	55.0000	739542.458280
6.7386	-2.7610	0.7154	-8.6800	55.0000	739542.458280
6.8552	-2.8994	0.6942	-8.6800	55.0000	739542.458280
6.9719	-3.0378	0.6731	-8.6800	55.0000	739542.458280
7.0884	-3.1772	0.6609	-1.3600	55.0000	739542.458280
7.1886	-3.2969	0.6670	5.9600	55.0000	739542.458280
7.3050	-3.4346	0.6920	12.0600	55.0000	739542.458280
7.4053	-3.5520	0.7171	12.0600	55.0000	739542.458280
7.5219	-3.6889	0.7463	12.0600	55.0000	739542.458280
7.6219	-3.8062	0.7714	12.0600	55.0000	739542.458280
7.7386	-3.9431	0.8007	12.0600	55.0000	739542.458280
7.8553	-4.0800	0.8299	12.0600	55.0000	739542.458280
7.9716	-4.2169	0.8592	12.0600	55.0000	739542.458280
8.0721	-4.3343	0.8842	12.0600	55.0000	739542.458280
8.1883	-4.4712	0.9135	12.0600	55.0000	739542.458280
8.2887	-4.5102	0.9223	18.1600	55.0000	739542.458280
8.4051	-4.5102	0.9223	26.7000	55.0000	739542.458280
8.5052	-4.5102	0.9223	34.0200	55.0000	739542.458280
8.6054	-4.5102	0.9223	41.3400	55.0000	739542.458280
8.7221	-4.5102	0.9223	49.8800	55.0000	739542.458280
8.8382	-4.5102	0.9223	58.4200	55.0000	739542.458280
8.9385	-4.5102	0.9223	65.7400	55.0000	739542.458280
9.0551	-4.5102	0.9223	74.2800	55.0000	739542.458280
9.1556	-4.5102	0.9223	81.6000	55.0000	739542.458280
9.2717	-4.5102	0.9223	90.1400	55.0000	739542.458280
9.3886	-4.5102	0.9223	98.6800	55.0000	739542.458280
9.5053	-4.5102	0.9223	99.9000	55.0000	739542.458280
9.6056	-4.5102	0.9223	99.9000	55.0000	739542.458280
9.7217	-4.5102	0.9223	99.9000	55.0000	739542.458280
9.8384	-4.5102	0.9223	104.7800	55.0000	739542.458280
9.9395	-4.5102	0.9223	112.1000	55.0000	739542.458280
10.0550	-4.5102	0.9223	120.6400	55.0000	739542.458280
10.1552	-4.5102	0.9223	120.6400	55.0000	739542.458280
10.2718	-4.5102	0.9223	120.6400	55.0000	739542.458280
10.3884	-4.5102	0.9223	121.8600	55.0000	739542.458280
10.4885	-4.5102	0.9223	129.1800	55.0000	739542.458280
10.6051	-4.5102	0.9223	137.7200	55.0000	739542.458280
10.7052	-4.5102	0.9223	137.7200	55.0000	739542.458280
10.8052	-4.4362	0.9895	137.7200	55.0000	739542.458280
10.9054	-4.3475	1.0703	137.7200	55.0000	739542.458280
11.0219	-4.2439	1.1645	137.7200	55.0000	739542.458280
11.1387	-4.1403	1.2586	137.7200	55.0000	739542.458280
11.2550	-4.0367	1.3528	137.7200	55.0000	739542.458280
11.3551	-3.9542	1.4399	130.4000	55.0000	739542.458280
11.4718	-3.8730	1.5537	121.8600	55.0000	739542.458280
11.5720	-3.8174	1.6600	114.5400	55.0000	739542.458280
11.6884	-3.7664	1.7903	110.8800	55.0000	739542.458280
11.7886	-3.7236	1.9025	110.8800	55.0000	739542.458280
11.9050	-3.6737	2.0333	110.8800	55.0000	739542.458280
12.0052	-3.6309	2.1454	110.8800	55.0000	739542.458280
12.1218	-3.5810	2.2762	110.8800	55.0000	739542.458280
12.2385	-3.5372	2.4090	104.7800	55.0000	739542.458280
12.3551	-3.5131	2.5468	96.2400	55.0000	739542.458280
12.4552	-3.5090	2.6667	88.9200	55.0000	739542.458280
12.5718	-3.5116	2.8067	88.9200	55.0000	739542.458280
12.6885	-3.5143	2.9466	88.9200	55.0000	739542.458280
12.8051	-3.5169	3.0866	88.9200	55.0000	739542.458280
12.9217	-3.5196	3.2266	88.9200	55.0000	739542.458280
13.0384	-3.5222	3.3666	88.9200	55.0000	739542.458280
13.1551	-3.5248	3.5065	88.9200	55.0000	739542.458280
13.2552	-3.5271	3.6265	88.9200	55.0000	739542.458280
13.3719	-3.5297	3.7665	88.9200	55.0000	739542.458280
13.4884	-3.5324	3.9065	88.9200	55.0000	739542.458280
13.5885	-3.5346	4.0264	88.9200	55.0000	739542.458280
13.7053	-3.5373	4.1664	88.9200	55.0000	739542.458280
13.8218	-3.5399	4.3064	88.9200	55.0000	739542.458280
13.9383	-3.5426	4.4464	88.9200	55.0000	739542.458280
14.0389	-3.5384	4.5662	95.0200	55.0000	739542.458280
14.1551	-3.5144	4.7040	103.5600	55.0000	739542.458280
14.2720	-3.4701	4.8367	112.1000	55.0000	739542.458280
14.3885	-3.4067	4.9613	120.6400	55.0000	739542.458280
14.5051	-3.3254	5.0752	129.1800	55.0000	739542.458280
14.6216	-3.2575	5.1485	136.5000	55.0000	739542.458280
14.7220	-3.2575	5.1485	136.5000	55.0000	739542.458280
14.8384	-3.2575	5.1485	131.6200	55.0000	739542.458280
14.9386	-3.2575	5.1485	124.3000	55.0000	739542.458280
15.0551	-3.1959	5.2515	120.6400	55.0000	739542.458280
15.1555	-3.1959	5.2515	113.3200	55.0000	739542.458280
15.2719	-3.1959	5.2515	104.7800	55.0000	739542.458280
15.3720	-3.1959	5.2515	97.4600	55.0000	739542.458280
15.4884	-3.1959	5.2515	88.9200	55.0000	739542.458280
15.6050	-3.1959	5.2515	80.3800	55.0000	739542.458280
15.7051	-3.1959	5.2515	73.0600	55.0000	739542.458280
15.8053	-3.1959	5.2515	65.7400	55.0000	739542.458280
15.9217	-3.1959	5.2515	57.2000	55.0000	739542.458280
16.0385	-3.1959	5.2515	48.6600	55.0000	739542.458280
16.1551	-3.2112	5.2644	40.1200	55.0000	739542.458280
16.2717	-3.3255	5.3451	31.5800	55.0000	739542.458280
16.3718	-3.4277	5.4079	31.5800	55.0000	739542.458280
16.4887	-3.5470	5.4813	31.5800	55.0000	739542.458280
16.6051	-3.6662	5.5546	31.5800	55.0000	739542.458280
16.7055	-3.7685	5.6174	31.5800	55.0000	739542.458280
16.8220	-3.8909	5.6852	25.4800	55.0000	739542.458280
16.9385	-4.0218	5.7344	16.9400	55.0000	739542.458280
17.0386	-4.1388	5.7607	9.6200	55.0000	739542.458280
17.1551	-4.2782	5.7727	2.3000	55.0000	739542.458280
17.2552	-4.3981	5.7775	2.3000	55.0000	739542.458280
17.3718	-4.5380	5.7831	2.3000	55.0000	739542.458280
17.4888	-4.6779	5.7887	2.3000	55.0000	739542.458280
17.6051	-4.8177	5.7943	2.3000	55.0000	739542.458280
17.7056	-4.9376	5.7992	2.3000	55.0000	739542.458280
17.8217	-5.0775	5.8048	2.3000	55.0000	739542.458280
17.9222	-5.1974	5.8096	2.3000	55.0000	739542.458280
18.0385	-5.3373	5.8152	2.3000	55.0000	739542.458280
18.1390	-5.4572	5.8200	2.3000	55.0000	739542.458280
18.2551	-5.5971	5.8256	2.3000	55.0000	739542.458280
18.3552	-5.7170	5.8305	2.3000	55.0000	739542.458280
18.4554	-5.8369	5.8353	2.3000	55.0000	739542.458280
18.5716	-5.9768	5.8409	2.3000	55.0000	739542.458280
18.6718	-6.0967	5.8457	2.3000	55.0000	739542.458280
18.7719	-6.1567	5.8481	2.3000	55.0000	739542.458280
18.8721	-6.1567	5.8481	2.3000	55.0000	739542.458280
18.9887	-6.1567	5.8481	2.3000	55.0000	739542.458280
19.1053	-6.1567	5.8481	2.3000	55.0000	739542.458280
19.2217	-6.1567	5.8481	2.3000	55.0000	739542.458280
19.3383	-6.1567	5.8481	2.3000	55.0000	739542.458280
19.4385	-6.1567	5.8481	2.3000	55.0000	739542.458280
19.5551	-6.1567	5.8481	2.3000	55.0000	739542.458280
19.6720	-6.1567	5.8481	2.3000	55.0000	739542.458280
19.7889	-6.1567	5.8481	2.3000	55.0000	739542.458280
19.9051	-6.1567	5.8481	2.3000	55.0000	739542.458280
20.0052	-6.1567	5.8481	2.3000	55.0000	739542.458280
20.1221	-6.1567	5.8481	2.3000	55.0000	739542.458280
20.2383	-6.1567	5.8481	2.3000	55.0000	739542.458280
20.3385	-6.1567	5.8481	2.3000	55.0000	739542.458280
20.4385	-6.1567	5.8481	2.3000	55.0000	739542.458280
20.5387	-6.1567	5.8481	2.3000	55.0000	739542.458280
20.6389	-6.1567	5.8481	2.3000	55.0000	739542.458280
20.7552	-6.1567	5.8481	2.3000	55.0000	739542.458280
20.8717	-6.1567	5.8481	2.3000	55.0000	739542.458280
20.9719	-6.1567	5.8481	2.3000	55.0000	739542.458280
21.0723	-6.1567	5.8481	2.3000	55.0000	739542.458280
21.1885	-6.1567	5.8481	2.3000	55.0000	739542.458280
21.3051	-6.1567	5.8481	2.3000	55.0000	739542.458280
21.4218	-6.1567	5.8481	2.3000	55.0000	739542.458280
21.5384	-6.1567	5.8481	2.3000	55.0000	739542.458280
21.6549	-6.1567	5.8481	2.3000	55.0000	739542.458280
21.7553	-6.1567	5.8481	2.3000	55.0000	739542.458280
21.8718	-6.1567	5.8481	2.3000	55.0000	739542.458280
21.9886	-6.1567	5.8481	2.3000	55.0000	739542.458280
22.1052	-6.1567	5.8481	2.3000	55.0000	739542.458280
22.2217	-6.1567	5.8481	2.3000	55.0000	739542.458280
22.3383	-6.1567	5.8481	2.3000	55.0000	739542.458280
22.4384	-6.1567	5.8481	2.3000	55.0000	739542.458280
22.5551	-6.1567	5.8481	2.3000	55.0000	739542.458280
22.6720	-6.1567	5.8481	2.3000	55.0000	739542.458280
22.7883	-6.1567	5.8481	2.3000	55.0000	739542.458280
22.8883	-6.1567	5.8481	2.3000	55.0000	739542.458280
23.0050	-6.1567	5.8481	2.3000	55.0000	739542.458280
23.1217	-6.1567	5.8481	2.3000	55.0000	739542.458280
23.2383	-6.1567	5.8481	2.3000	55.0000	739542.458280
23.3384	-6.1567	5.8481	2.3000	55.0000	739542.458280
23.4386	-6.1567	5.8481	2.3000	55.0000	739542.458280
23.5553	-6.1567	5.8481	2.3000	55.0000	739542.458280
23.6717	-6.1567	5.8481	2.3000	55.0000	739542.458280
23.7884	-6.1567	5.8481	2.3000	55.0000	739542.458280
23.9054	-6.1567	5.8481	2.3000	55.0000	739542.458280
24.0219	-6.1567	5.8481	2.3000	55.0000	739542.458280
24.1384	-6.1567	5.8481	2.3000	55.0000	739542.458280
24.2386	-6.1567	5.8481	2.3000	55.0000	739542.458280
24.3555	-6.1567	5.8481	2.3000	55.0000	739542.458280
24.4717	-6.1567	5.8481	2.3000	55.0000	739542.458280
24.5725	-6.1567	5.8481	2.3000	55.0000	739542.458280
24.6887	-6.1567	5.8481	2.3000	55.0000	739542.458280
24.8050	-6.1567	5.8481	2.3000	55.0000	739542.458280
24.9053	-6.1567	5.8481	2.3000	55.0000	739542.458280
25.0054	-6.1567	5.8481	2.3000	55.0000	739542.458280
25.1219	-6.1567	5.8481	7.1800	55.0000	739542.458280
25.2220	-6.1567	5.8481	14.5000	55.0000	739542.458280
25.3390	-6.1567	5.8481	21.8200	55.0000	739542.458280
25.4552	-6.1567	5.8481	21.8200	55.0000	739542.458280
25.5716	-6.1567	5.8481	21.8200	55.0000	739542.458280
25.6719	-6.1567	5.8481	21.8200	55.0000	739542.458280
25.7886	-6.1752	5.8556	21.8200	55.0000	739542.458280
25.9052	-6.1752	5.8556	21.8200	55.0000	739542.458280
26.0216	-6.1752	5.8556	21.8200	55.0000	739542.458280
26.1384	-6.1752	5.8556	21.8200	55.0000	739542.458280
26.2551	-6.1752	5.8556	21.8200	55.0000	739542.458280
26.3717	-6.1752	5.8556	21.8200	55.0000	739542.458280
26.4886	-6.1752	5.8556	21.8200	55.0000	739542.458280
26.6051	-6.1752	5.8556	21.8200	55.0000	739542.458280
26.7219	-6.1752	5.8556	26.7000	55.0000	739542.458280
26.8385	-6.1752	5.8556	35.2400	55.0000	739542.458280
26.9552	-6.1752	5.8556	43.7800	55.0000	739542.458280
27.0721	-6.2306	5.9133	46.2200	55.0000	739542.458280
0.1045	0.0000	0.0000	45.0000	55.0000	739542.475003
0.2118	0.0000	0.0000	45.0000	55.0000	739542.475003
0.3119	0.0000	0.0000	45.0000	55.0000	739542.475003
0.4286	0.0000	0.0000	45.0000	55.0000	739542.475003
0.5288	0.0000	0.0000	45.0000	55.0000	739542.475003
0.6452	0.0000	0.0000	45.0000	55.0000	739542.475003
0.7619	0.0000	0.0000	45.0000	55.0000	739542.475003
0.8621	0.0000	0.0000	45.0000	55.0000	739542.475003
0.9786	0.0000	0.0000	45.0000	55.0000	739542.475003
1.0953	0.0000	0.0000	45.0000	55.0000	739542.475003
1.1954	0.0000	0.0000	45.0000	55.0000	739542.475003
1.3119	0.0000	0.0000	46.2200	55.0000	739542.475003
1.4287	0.0000	0.0000	54.7600	55.0000	739542.475003
1.5453	0.0000	0.0000	63.3000	55.0000	739542.475003
1.6620	0.0000	0.0000	68.1800	55.0000	739542.475003
1.7785	0.0000	0.0000	68.1800	55.0000	739542.475003
1.8787	0.0000	0.0000	65.7400	55.0000	739542.475003
1.9953	0.0000	0.0000	57.2000	55.0000	739542.475003
2.1120	0.0000	0.0000	48.6600	55.0000	739542.475003
2.2288	0.0000	0.0000	40.1200	55.0000	739542.475003
2.3456	0.0000	0.0000	31.5800	55.0000	739542.475003
2.4621	0.0000	0.0000	23.0400	55.0000	739542.475003
2.5623	0.0000	0.0000	23.0400	55.0000	739542.475003
2.6788	0.0000	0.0000	23.0400	55.0000	739542.475003
2.7955	0.0000	0.0000	23.0400	55.0000	739542.475003
2.9121	0.0000	0.0000	23.0400	55.0000	739542.475003
3.0290	0.0000	0.0000	23.0400	55.0000	739542.475003
3.1456	0.0000	0.0000	23.0400	55.0000	739542.475003
3.2623	-0.1104	0.0470	23.0400	55.0000	739542.475003
3.3788	-0.2393	0.1018	23.0400	55.0000	739542.475003
3.4789	-0.3497	0.1487	23.0400	55.0000	739542.475003
3.5954	-0.4790	0.2023	20.6000	55.0000	739542.475003
3.7121	-0.6136	0.2402	12.0600	55.0000	739542.475003
3.8289	-0.7522	0.2603	7.1800	55.0000	739542.475003
3.9454	-0.8911	0.2777	7.1800	55.0000	739542.475003
4.0456	-1.0101	0.2927	7.1800	55.0000	739542.475003
4.1623	-1.1490	0.3102	7.1800	55.0000	739542.475003
4.2789	-1.2879	0.3277	7.1800	55.0000	739542.475003
4.3957	-1.4268	0.3452	7.1800	55.0000	739542.475003
4.5122	-1.5657	0.3627	7.1800	55.0000	739542.475003
4.6288	-1.7046	0.3802	7.1800	55.0000	739542.475003
4.7455	-1.8435	0.3977	7.1800	55.0000	739542.475003
4.8457	-1.9626	0.4127	7.1800	55.0000	739542.475003
4.9622	-2.1015	0.4302	7.1800	55.0000	739542.475003
5.0622	-2.2206	0.4452	7.1800	55.0000	739542.475003
5.1623	-2.3396	0.4602	7.1800	55.0000	739542.475003
5.2788	-2.4785	0.4777	7.1800	55.0000	739542.475003
5.3959	-2.6174	0.4952	7.1800	55.0000	739542.475003
5.5122	-2.7563	0.5127	7.1800	55.0000	739542.475003
5.6122	-2.8754	0.5277	7.1800	55.0000	739542.475003
5.7289	-3.0143	0.5452	7.1800	55.0000	739542.475003
5.8455	-3.1532	0.5627	7.1800	55.0000	739542.475003
5.9456	-3.2722	0.5777	7.1800	55.0000	739542.475003
6.0460	-3.3913	0.5927	7.1800	55.0000	739542.475003
6.1623	-3.5302	0.6102	7.1800	55.0000	739542.475003
6.2792	-3.6691	0.6277	7.1800	55.0000	739542.475003
6.3957	-3.8078	0.6465	9.6200	55.0000	739542.475003
6.5121	-3.9432	0.6815	18.1600	55.0000	739542.475003
6.6123	-4.0541	0.7273	25.4800	55.0000	739542.475003
6.7124	-4.1582	0.7868	32.8000	55.0000	739542.475003
6.8291	-4.2689	0.8723	41.3400	55.0000	739542.475003
6.9455	-4.3657	0.9732	49.8800	55.0000	739542.475003
7.0455	-4.3905	1.0046	57.2000	55.0000	739542.475003
7.1626	-4.3905	1.0046	65.7400	55.0000	739542.475003
7.2787	-4.3905	1.0046	74.2800	55.0000	739542.475003
7.3789	-4.3905	1.0046	81.6000	55.0000	739542.475003
7.4956	-4.4030	1.1039	82.8200	55.0000	739542.475003
7.6123	-4.4205	1.2428	82.8200	55.0000	739542.475003
7.7289	-4.4380	1.3817	82.8200	55.0000	739542.475003
7.8457	-4.4555	1.5206	82.8200	55.0000	739542.475003
7.9622	-4.4730	1.6595	82.8200	55.0000	739542.475003
8.0790	-4.4905	1.7984	82.8200	55.0000	739542.475003
8.1955	-4.5080	1.9373	82.8200	55.0000	739542.475003
8.2957	-4.5230	2.0563	82.8200	55.0000	739542.475003
8.4122	-4.5379	2.1955	86.4800	55.0000	739542.475003
8.5289	-4.5346	2.3353	95.0200	55.0000	739542.475003
8.6455	-4.5105	2.4731	103.5600	55.0000	739542.475003
8.7456	-4.4742	2.5874	109.6600	55.0000	739542.475003
8.8620	-4.4271	2.7193	109.6600	55.0000	739542.475003
8.9622	-4.4204	2.7381	109.6600	55.0000	739542.475003
9.0623	-4.4204	2.7381	109.6600	55.0000	739542.475003
9.1790	-4.4204	2.7381	109.6600	55.0000	739542.475003
9.2956	-4.4540	2.6439	109.6600	55.0000	739542.475003
9.4124	-4.5011	2.5121	109.6600	55.0000	739542.475003
9.5288	-4.5482	2.3802	109.6600	55.0000	739542.475003
9.6289	-4.5886	2.2672	109.6600	55.0000	739542.475003
9.7457	-4.6357	2.1354	109.6600	55.0000	739542.475003
9.8622	-4.6828	2.0036	109.6600	55.0000	739542.475003
9.9788	-4.7299	1.8717	109.6600	55.0000	739542.475003
10.0956	-4.7770	1.7399	109.6600	55.0000	739542.475003
10.2122	-4.8253	1.6085	112.1000	55.0000	739542.475003
10.3123	-4.8786	1.5011	119.4200	55.0000	739542.475003
10.4288	-4.8993	1.4669	127.9600	55.0000	739542.475003
10.5456	-4.8993	1.4669	136.5000	55.0000	739542.475003
10.6621	-4.8993	1.4669	145.0400	55.0000	739542.475003
10.7791	-4.8993	1.4669	153.5800	55.0000	739542.475003
10.8954	-4.8993	1.4669	162.1200	55.0000	739542.475003
10.9955	-4.8993	1.4669	169.4400	55.0000	739542.475003
11.1121	-4.8993	1.4669	177.9800	55.0000	739542.475003
11.2122	-4.7994	1.4631	182.8600	55.0000	739542.475003
11.3288	-4.6596	1.4562	182.8600	55.0000	739542.475003
11.4454	-4.5198	1.4492	182.8600	55.0000	739542.475003
11.5622	-4.3799	1.4422	182.8600	55.0000	739542.475003
11.6788	-4.2401	1.4352	182.8600	55.0000	739542.475003
11.7955	-4.1003	1.4282	182.8600	55.0000	739542.475003
11.9123	-3.9605	1.4212	182.8600	55.0000	739542.475003
12.0288	-3.8206	1.4142	182.8600	55.0000	739542.475003
12.1453	-3.6808	1.4073	182.8600	55.0000	739542.475003
12.2455	-3.5610	1.4013	182.8600	55.0000	739542.475003
12.3623	-3.4211	1.4007	176.7600	55.0000	739542.475003
12.4789	-3.2826	1.4204	168.2200	55.0000	739542.475003
12.5954	-3.1486	1.4605	159.6800	55.0000	739542.475003
12.6956	-3.0933	1.4837	152.3600	55.0000	739542.475003
12.7957	-3.0933	1.4837	145.0400	55.0000	739542.475003
12.9122	-3.0933	1.4837	136.5000	55.0000	739542.475003
13.0290	-3.0933	1.4837	127.9600	55.0000	739542.475003
13.1454	-3.0933	1.4837	126.7400	55.0000	739542.475003
13.2456	-3.0933	1.4837	123.0800	55.0000	739542.475003
13.3622	-3.0933	1.4837	114.5400	55.0000	739542.475003
13.4787	-3.0933	1.4837	106.0000	55.0000	739542.475003
13.5789	-3.0933	1.4837	98.6800	55.0000	739542.475003
13.6954	-3.0933	1.4837	90.1400	55.0000	739542.475003
13.7956	-3.0933	1.4837	82.8200	55.0000	739542.475003
13.9122	-3.1112	1.5617	76.7200	55.0000	739542.475003
14.0287	-3.1434	1.6980	76.7200	55.0000	739542.475003
14.1288	-3.1710	1.8147	76.7200	55.0000	739542.475003
14.2289	-3.1985	1.9315	76.7200	55.0000	739542.475003
14.3455	-3.2307	2.0678	76.7200	55.0000	739542.475003
14.4622	-3.2628	2.2040	76.7200	55.0000	739542.475003
14.5623	-3.2904	2.3208	76.7200	55.0000	739542.475003
14.6790	-3.3226	2.4571	76.7200	55.0000	739542.475003
14.7956	-3.3547	2.5933	76.7200	55.0000	739542.475003
14.9123	-3.3856	2.7299	79.1600	55.0000	739542.475003
15.0288	-3.4002	2.8690	87.7000	55.0000	739542.475003
15.1289	-3.4003	2.9890	90.1400	55.0000	739542.475003
15.2455	-3.3999	3.1290	90.1400	55.0000	739542.475003
15.3621	-3.3996	3.2690	90.1400	55.0000	739542.475003
15.4624	-3.3993	3.3890	90.1400	55.0000	739542.475003
15.5788	-3.3990	3.5290	90.1400	55.0000	739542.475003
15.6956	-3.3986	3.6690	90.1400	55.0000	739542.475003
15.8124	-3.3983	3.8090	90.1400	55.0000	739542.475003
15.9288	-3.3979	3.9490	90.1400	55.0000	739542.475003
16.0295	-3.3977	4.0690	90.1400	55.0000	739542.475003
16.1454	-3.3973	4.2090	90.1400	55.0000	739542.475003
16.2455	-3.3970	4.3290	90.1400	55.0000	739542.475003
16.3457	-3.3967	4.4490	90.1400	55.0000	739542.475003
16.4622	-3.3964	4.5890	90.1400	55.0000	739542.475003
16.5623	-3.3961	4.7090	90.1400	55.0000	739542.475003
16.6788	-3.3868	4.8486	97.4600	55.0000	739542.475003
16.7955	-3.3624	4.9660	106.0000	55.0000	739542.475003
16.9123	-3.3624	4.9660	114.5400	55.0000	739542.475003
17.0287	-3.3624	4.9660	123.0800	55.0000	739542.475003
17.1288	-3.3624	4.9660	130.4000	55.0000	739542.475003
17.2289	-3.3624	4.9660	137.7200	55.0000	739542.475003
17.3463	-3.3624	4.9660	146.2600	55.0000	739542.475003
17.4622	-3.3624	4.9660	154.8000	55.0000	739542.475003
17.5624	-3.3624	4.9660	157.2400	55.0000	739542.475003
17.6795	-3.3624	4.9660	153.5800	55.0000	739542.475003
17.7955	-3.3624	4.9660	145.0400	55.0000	739542.475003
17.9122	-3.3624	4.9660	136.5000	55.0000	739542.475003
18.0123	-3.3624	4.9660	129.1800	55.0000	739542.475003
18.1288	-3.3624	4.9660	120.6400	55.0000	739542.475003
18.2475	-3.3624	4.9660	112.1000	55.0000	739542.475003
18.3622	-3.3624	4.9660	103.5600	55.0000	739542.475003
18.4788	-3.3624	4.9660	95.0200	55.0000	739542.475003
18.5955	-3.3624	4.9660	86.4800	55.0000	739542.475003
18.7121	-3.3624	4.9660	77.9400	55.0000	739542.475003
18.8123	-3.3753	5.0038	70.6200	55.0000	739542.475003
18.9288	-3.4328	5.1314	62.0800	55.0000	739542.475003
19.0455	-3.5086	5.2489	53.5400	55.0000	739542.475003
19.1623	-3.6009	5.3539	45.0000	55.0000	739542.475003
19.2787	-3.7079	5.4441	36.4600	55.0000	739542.475003
19.3792	-3.8094	5.5080	29.1400	55.0000	739542.475003
19.4956	-3.9369	5.5654	20.6000	55.0000	739542.475003
19.5957	-4.0520	5.5992	13.2800	55.0000	739542.475003
19.7121	-4.1904	5.6196	4.7400	55.0000	739542.475003
19.8123	-4.3103	5.6206	-2.5800	55.0000	739542.475003
19.9288	-4.4490	5.6024	-11.1200	55.0000	739542.475003
20.0454	-4.5834	5.5639	-19.6600	55.0000	739542.475003
20.1623	-4.7140	5.5136	-18.4400	55.0000	739542.475003
20.2788	-4.8500	5.4808	-9.9000	55.0000	739542.475003
20.3789	-4.9693	5.4690	-2.5800	55.0000	739542.475003
20.4955	-5.1091	5.4746	5.9600	55.0000	739542.475003
20.6123	-5.2465	5.5009	14.5000	55.0000	739542.475003
20.7290	-5.3784	5.5474	23.0400	55.0000	739542.475003
20.8455	-5.5020	5.6128	31.5800	55.0000	739542.475003
20.9620	-5.6145	5.6960	40.1200	55.0000	739542.475003
21.0626	-5.7002	5.7799	47.4400	55.0000	739542.475003
21.1788	-5.7857	5.8906	55.9800	55.0000	739542.475003
21.2955	-5.8538	6.0127	64.5200	55.0000	739542.475003
21.4121	-5.9030	6.1437	73.0600	55.0000	739542.475003
21.5123	-5.9260	6.2409	80.3800	55.0000	739542.475003
21.6289	-5.9260	6.2409	85.2600	55.0000	739542.475003
21.7455	-5.9260	6.2409	85.2600	55.0000	739542.475003
21.8624	-5.9260	6.2409	85.2600	55.0000	739542.475003
21.9787	-5.9260	6.2409	85.2600	55.0000	739542.475003
22.0788	-5.9260	6.2409	85.2600	55.0000	739542.475003
22.1954	-5.9260	6.2409	85.2600	55.0000	739542.475003
22.3121	-5.9260	6.2409	85.2600	55.0000	739542.475003
22.4122	-5.9260	6.2409	85.2600	55.0000	739542.475003
22.5287	-5.9260	6.2409	85.2600	55.0000	739542.475003
22.6455	-5.9260	6.2409	85.2600	55.0000	739542.475003
22.7623	-5.9260	6.2409	85.2600	55.0000	739542.475003
22.8787	-5.9260	6.2409	81.6000	55.0000	739542.475003
22.9954	-5.9260	6.2409	73.0600	55.0000	739542.475003
23.1123	-5.9260	6.2409	64.5200	55.0000	739542.475003
23.2288	-5.9372	6.2575	55.9800	55.0000	739542.475003
23.3454	-5.9372	6.2575	55.9800	55.0000	739542.475003
23.4621	-5.9372	6.2575	55.9800	55.0000	739542.475003
23.5625	-5.9372	6.2575	55.9800	55.0000	739542.475003
23.6789	-5.9372	6.2575	55.9800	55.0000	739542.475003
23.7955	-5.9372	6.2575	51.1000	55.0000	739542.475003
23.8957	-5.9372	6.2575	43.7800	55.0000	739542.475003
24.0122	-5.9372	6.2575	35.2400	55.0000	739542.475003
24.1287	-5.9372	6.2575	26.7000	55.0000	739542.475003
24.2290	-5.9748	6.2712	19.3800	55.0000	739542.475003
0.1308	0.0000	0.0000	45.0000	55.0000	739542.498793
0.2474	0.0000	0.0000	45.0000	55.0000	739542.498793
0.3476	0.0000	0.0000	45.0000	55.0000	739542.498793
0.4642	0.0000	0.0000	45.0000	55.0000	739542.498793
0.5644	0.0000	0.0000	45.0000	55.0000	739542.498793
0.6812	0.0000	0.0000	45.0000	55.0000	739542.498793
0.7979	0.0000	0.0000	45.0000	55.0000	739542.498793
0.8980	0.0000	0.0000	45.0000	55.0000	739542.498793
1.0148	0.0000	0.0000	45.0000	55.0000	739542.498793
1.1315	0.0000	0.0000	45.0000	55.0000	739542.498793
1.2315	0.0000	0.0000	45.0000	55.0000	739542.498793
1.3317	0.0000	0.0000	45.0000	55.0000	739542.498793
1.4487	0.0000	0.0000	45.0000	55.0000	739542.498793
1.5653	0.0000	0.0000	45.0000	55.0000	739542.498793
1.6654	0.0000	0.0000	45.0000	55.0000	739542.498793
1.7656	0.0000	0.0000	45.0000	55.0000	739542.498793
1.8822	0.0000	0.0000	45.0000	55.0000	739542.498793
1.9990	0.0000	0.0000	45.0000	55.0000	739542.498793
2.0992	0.0000	0.0000	45.0000	55.0000	739542.498793
2.2158	0.0000	0.0000	45.0000	55.0000	739542.498793
2.3327	0.0000	0.0000	45.0000	55.0000	739542.498793
2.4328	0.0000	0.0000	45.0000	55.0000	739542.498793
2.5495	0.0000	0.0000	45.0000	55.0000	739542.498793
2.6662	0.0000	0.0000	45.0000	55.0000	739542.498793
2.7664	0.0000	0.0000	38.9000	55.0000	739542.498793
2.8832	0.0000	0.0000	30.3600	55.0000	739542.498793
2.9838	0.0000	0.0000	23.0400	55.0000	739542.498793
3.1000	-0.0386	0.0104	14.5000	55.0000	739542.498793
3.2167	-0.1765	0.0338	5.9600	55.0000	739542.498793
3.3169	-0.2964	0.0373	-1.3600	55.0000	739542.498793
3.4336	-0.3635	0.0517	-9.9000	55.0000	739542.498793
3.5504	-0.3811	0.0812	-18.4400	55.0000	739542.498793
3.6505	-0.4061	0.1127	-25.7600	55.0000	739542.498793
3.7506	-0.4543	0.1313	-30.6400	55.0000	739542.498793
3.8673	-0.5320	0.1329	-30.6400	55.0000	739542.498793
3.9676	-0.5836	0.1329	-30.6400	55.0000	739542.498793
4.0842	-0.6438	0.1329	-30.6400	55.0000	739542.498793
4.1844	-0.6958	0.1329	-28.2000	55.0000	739542.498793
4.3013	-0.7692	0.1250	-19.6600	55.0000	739542.498793
4.4178	-0.8368	0.1250	-11.1200	55.0000	739542.498793
4.5179	-0.8962	0.1250	-7.4600	55.0000	739542.498793
4.6346	-0.9656	0.1250	-7.4600	55.0000	739542.498793
4.7348	-1.0251	0.1250	-7.4600	55.0000	739542.498793
4.8516	-1.0945	0.1250	-7.4600	55.0000	739542.498793
4.9683	-1.1639	0.1250	-7.4600	55.0000	739542.498793
5.0850	-1.2333	0.1250	-7.4600	55.0000	739542.498793
5.1852	-1.2928	0.1250	-7.4600	55.0000	739542.498793
5.3020	-1.3622	0.1250	-7.4600	55.0000	739542.498793
5.4021	-1.4220	0.1250	-1.3600	55.0000	739542.498793
5.5189	-1.5516	0.1337	7.1800	55.0000	739542.498793
5.6355	-1.6884	0.1629	15.7200	55.0000	739542.498793
5.7356	-1.8020	0.2015	19.3800	55.0000	739542.498793
5.8367	-1.9152	0.2413	19.3800	55.0000	739542.498793
5.9525	-2.0473	0.2878	19.3800	55.0000	739542.498793
6.0693	-2.1794	0.3342	19.3800	55.0000	739542.498793
6.1861	-2.3114	0.3807	19.3800	55.0000	739542.498793
6.2862	-2.4254	0.4181	15.7200	55.0000	739542.498793
6.4029	-2.5628	0.4444	7.1800	55.0000	739542.498793
6.5030	-2.6825	0.4530	3.5200	55.0000	739542.498793
6.6031	-2.8022	0.4604	3.5200	55.0000	739542.498793
6.7198	-2.9420	0.4690	3.5200	55.0000	739542.498793
6.8200	-3.0617	0.4763	3.5200	55.0000	739542.498793
6.9366	-3.2015	0.4849	3.5200	55.0000	739542.498793
7.0368	-3.3213	0.4923	3.5200	55.0000	739542.498793
7.1369	-3.4410	0.4997	3.5200	55.0000	739542.498793
7.2370	-3.5608	0.5070	3.5200	55.0000	739542.498793
7.3537	-3.7005	0.5156	3.5200	55.0000	739542.498793
7.4705	-3.8403	0.5242	3.5200	55.0000	739542.498793
7.5707	-3.9600	0.5316	3.5200	55.0000	739542.498793
7.6874	-4.0998	0.5402	3.5200	55.0000	739542.498793
7.7875	-4.2196	0.5476	3.5200	55.0000	739542.498793
7.9042	-4.3593	0.5562	3.5200	55.0000	739542.498793
8.0210	-4.4990	0.5648	3.5200	55.0000	739542.498793
8.1211	-4.6188	0.5726	4.7400	55.0000	739542.498793
8.2378	-4.7567	0.5959	13.2800	55.0000	739542.498793
8.3380	-4.8710	0.6321	20.6000	55.0000	739542.498793
8.4547	-4.8710	0.6321	29.1400	55.0000	739542.498793
8.5715	-4.8710	0.6321	37.6800	55.0000	739542.498793
8.6716	-4.8710	0.6321	45.0000	55.0000	739542.498793
8.7883	-4.8710	0.6321	53.5400	55.0000	739542.498793
8.8884	-4.8710	0.6321	60.8600	55.0000	739542.498793
9.0053	-4.8710	0.6321	69.4000	55.0000	739542.498793
9.1220	-4.8848	0.6905	77.9400	55.0000	739542.498793
9.2220	-4.9036	0.8090	81.6000	55.0000	739542.498793
9.3389	-4.9240	0.9475	81.6000	55.0000	739542.498793
9.4556	-4.9445	1.0860	81.6000	55.0000	739542.498793
9.5558	-4.9620	1.2047	81.6000	55.0000	739542.498793
9.6725	-4.9736	1.3441	88.9200	55.0000	739542.498793
9.7893	-4.9643	1.4836	97.4600	55.0000	739542.498793
9.9060	-4.9344	1.6203	106.0000	55.0000	739542.498793
10.0061	-4.8929	1.7328	113.3200	55.0000	739542.498793
10.1229	-4.8347	1.8601	114.5400	55.0000	739542.498793
10.2230	-4.7849	1.9693	114.5400	55.0000	739542.498793
10.3397	-4.7267	2.0967	114.5400	55.0000	739542.498793
10.4398	-4.6769	2.2058	114.5400	55.0000	739542.498793
10.5399	-4.6271	2.3150	114.5400	55.0000	739542.498793
10.6566	-4.5693	2.4425	113.3200	55.0000	739542.498793
10.7734	-4.5251	2.5752	104.7800	55.0000	739542.498793
10.8735	-4.5028	2.6930	98.6800	55.0000	739542.498793
10.9735	-4.4847	2.8117	98.6800	55.0000	739542.498793
11.0736	-4.4665	2.9303	98.6800	55.0000	739542.498793
11.1737	-4.4484	3.0489	98.6800	55.0000	739542.498793
11.2738	-4.4303	3.1675	98.6800	55.0000	739542.498793
11.3740	-4.4164	3.2867	93.8000	55.0000	739542.498793
11.4907	-4.4191	3.4265	85.2600	55.0000	739542.498793
11.5908	-4.4379	3.5450	77.9400	55.0000	739542.498793
11.6910	-4.4716	3.6600	70.6200	55.0000	739542.498793
11.8077	-4.5290	3.7876	62.0800	55.0000	739542.498793
11.9245	-4.6048	3.9051	53.5400	55.0000	739542.498793
12.0412	-4.6972	4.0102	45.0000	55.0000	739542.498793
12.1413	-4.7881	4.0884	37.6800	55.0000	739542.498793
12.2580	-4.9057	4.1642	29.1400	55.0000	739542.498793
12.3583	-5.0145	4.2146	21.8200	55.0000	739542.498793
12.4750	-5.1483	4.2554	13.2800	55.0000	739542.498793
12.5918	-5.2866	4.2758	4.7400	55.0000	739542.498793
12.7084	-5.4265	4.2755	-3.8000	55.0000	739542.498793
12.8085	-5.5452	4.2586	-11.1200	55.0000	739542.498793
12.9086	-5.6609	4.2268	-18.4400	55.0000	739542.498793
13.0089	-5.7715	4.1805	-25.7600	55.0000	739542.498793
13.1255	-5.8585	4.1203	-34.3000	55.0000	739542.498793
13.2423	-5.8748	4.0703	-42.8400	55.0000	739542.498793
13.3425	-5.8748	4.0264	-50.1600	55.0000	739542.498793
13.4592	-5.8748	3.9691	-58.7000	55.0000	739542.498793
13.5760	-5.8748	3.9064	-67.2400	55.0000	739542.498793
13.6761	-5.8748	3.8496	-74.5600	55.0000	739542.498793
13.7928	-5.8748	3.7808	-83.1000	55.0000	739542.498793
13.8929	-5.8747	3.7109	-90.4200	55.0000	739542.498793
14.0096	-5.8660	3.5712	-94.0800	55.0000	739542.498793
14.1264	-5.8560	3.4316	-94.0800	55.0000	739542.498793
14.2265	-5.8475	3.3119	-94.0800	55.0000	739542.498793
14.3433	-5.8375	3.1722	-94.0800	55.0000	739542.498793
14.4601	-5.8276	3.0326	-94.0800	55.0000	739542.498793
14.5767	-5.8176	2.8929	-94.0800	55.0000	739542.498793
14.6770	-5.8091	2.7732	-94.0800	55.0000	739542.498793
14.7937	-5.7987	2.6336	-95.3000	55.0000	739542.498793
14.8939	-5.7787	2.5154	-102.6200	55.0000	739542.498793
15.0106	-5.7453	2.3794	-103.8400	55.0000	739542.498793
15.1274	-5.7114	2.2436	-105.0600	55.0000	739542.498793
15.2274	-5.6717	2.1304	-112.3800	55.0000	739542.498793
15.3441	-5.6076	2.0061	-120.9200	55.0000	739542.498793
15.4443	-5.5406	1.9066	-124.5800	55.0000	739542.498793
15.5444	-5.4724	1.8078	-124.5800	55.0000	739542.498793
15.6612	-5.3930	1.6925	-124.5800	55.0000	739542.498793
15.7782	-5.3135	1.5773	-124.5800	55.0000	739542.498793
15.8946	-5.2290	1.4658	-130.6800	55.0000	739542.498793
15.9949	-5.1442	1.3810	-138.0000	55.0000	739542.498793
16.1115	-5.0327	1.2965	-146.5400	55.0000	739542.498793
16.2116	-4.9280	1.2381	-153.8600	55.0000	739542.498793
16.3120	-4.8203	1.1852	-153.8600	55.0000	739542.498793
16.4286	-4.6946	1.1235	-153.8600	55.0000	739542.498793
16.5453	-4.5654	1.0700	-161.1800	55.0000	739542.498793
16.6620	-4.4296	1.0363	-169.7200	55.0000	739542.498793
16.7621	-4.3103	1.0238	-177.0400	55.0000	739542.498793
16.8622	-4.1905	1.0176	-177.0400	55.0000	739542.498793
16.9791	-4.1306	1.0145	-177.0400	55.0000	739542.498793
17.0963	-4.1306	1.0145	-169.7200	55.0000	739542.498793
17.2124	-4.1306	1.0145	-161.1800	55.0000	739542.498793
17.3125	-4.1306	1.0145	-153.8600	55.0000	739542.498793
17.4295	-4.1306	1.0145	-145.3200	55.0000	739542.498793
17.5461	-4.1306	1.0145	-141.6600	55.0000	739542.498793
17.6462	-4.1306	1.0145	-141.6600	55.0000	739542.498793
17.7463	-4.1236	1.0189	-141.6600	55.0000	739542.498793
17.8465	-4.1220	1.0277	-141.6600	55.0000	739542.498793
17.9630	-4.1175	1.0427	-141.6600	55.0000	739542.498793
18.0631	-4.1093	1.0608	-141.6600	55.0000	739542.498793
18.1634	-4.0933	1.0833	-141.6600	55.0000	739542.498793
18.2800	-4.0855	1.0914	-141.6600	55.0000	739542.498793
18.3802	-4.0855	1.0914	-141.6600	55.0000	739542.498793
18.4969	-4.0855	1.0914	-141.6600	55.0000	739542.498793
18.6137	-4.0855	1.0914	-141.6600	55.0000	739542.498793
18.7304	-4.0855	1.0914	-141.6600	55.0000	739542.498793
18.8306	-4.0855	1.0914	-140.4400	55.0000	739542.498793
18.9473	-4.0855	1.0914	-131.9000	55.0000	739542.498793
19.0474	-4.0855	1.0914	-124.5800	55.0000	739542.498793
19.1475	-4.0855	1.0914	-117.2600	55.0000	739542.498793
19.2642	-4.0855	1.0914	-108.7200	55.0000	739542.498793
19.3810	-4.0901	1.1061	-100.1800	55.0000	739542.498793
19.4811	-4.0987	1.1035	-92.8600	55.0000	739542.498793
19.5979	-4.1177	1.0551	-84.3200	55.0000	739542.498793
19.6980	-4.1418	0.9582	-77.0000	55.0000	739542.498793
19.8148	-4.1847	0.8250	-68.4600	55.0000	739542.498793
19.9171	-4.2369	0.7171	-61.1400	55.0000	739542.498793
20.0316	-4.3146	0.6008	-52.6000	55.0000	739542.498793
20.1485	-4.4023	0.4917	-53.8200	55.0000	739542.498793
20.2652	-4.4750	0.3722	-62.3600	55.0000	739542.498793
20.3653	-4.5225	0.2621	-69.6800	55.0000	739542.498793
20.4820	-4.5598	0.1273	-78.2200	55.0000	739542.498793
20.5821	-4.5676	0.1273	-85.5400	55.0000	739542.498793
20.6989	-4.5671	0.1273	-94.0800	55.0000	739542.498793
20.8156	-4.5562	0.1273	-102.6200	55.0000	739542.498793
20.9158	-4.5388	0.1273	-109.9400	55.0000	739542.498793
21.0330	-4.5094	0.1273	-118.4800	55.0000	739542.498793
21.1492	-4.4710	0.1273	-127.0200	55.0000	739542.498793
21.2493	-4.4314	0.1273	-134.3400	55.0000	739542.498793
21.3495	-4.3864	0.1273	-141.6600	55.0000	739542.498793
21.4663	-4.3281	0.1273	-150.2000	55.0000	739542.498793
21.5830	-4.2646	0.1273	-158.7400	55.0000	739542.498793
21.6831	-4.2073	0.1273	-166.0600	55.0000	739542.498793
21.7998	-4.1283	0.1254	-174.6000	55.0000	739542.498793
21.9000	-4.0383	0.1261	-181.9200	55.0000	739542.498793
22.0168	-3.8984	0.1308	-181.9200	55.0000	739542.498793
22.1169	-3.7785	0.1348	-181.9200	55.0000	739542.498793
22.2335	-3.6386	0.1395	-181.9200	55.0000	739542.498793
22.3337	-3.5186	0.1435	-181.9200	55.0000	739542.498793
22.4504	-3.3787	0.1482	-181.9200	55.0000	739542.498793
22.5672	-3.2388	0.1529	-181.9200	55.0000	739542.498793
22.6673	-3.1189	0.1569	-181.9200	55.0000	739542.498793
22.7841	-2.9789	0.1616	-181.9200	55.0000	739542.498793
22.8842	-2.8590	0.1657	-181.9200	55.0000	739542.498793
23.0009	-2.7191	0.1703	-181.9200	55.0000	739542.498793
23.1011	-2.5991	0.1744	-181.9200	55.0000	739542.498793
23.2179	-2.4592	0.1791	-181.9200	55.0000	739542.498793
23.3345	-2.3193	0.1837	-181.9200	55.0000	739542.498793
23.4347	-2.1994	0.1878	-181.9200	55.0000	739542.498793
23.5514	-2.0594	0.1925	-181.9200	55.0000	739542.498793
23.6515	-1.9395	0.1965	-181.9200	55.0000	739542.498793
23.7683	-1.7996	0.2012	-181.9200	55.0000	739542.498793
23.8850	-1.6597	0.2059	-181.9200	55.0000	739542.498793
24.0019	-1.5198	0.2106	-181.9200	55.0000	739542.498793
24.1186	-1.3800	0.2178	-185.5800	55.0000	739542.498793
24.2187	-1.2618	0.2383	-192.9000	55.0000	739542.498793
24.3188	-1.1473	0.2737	-200.2200	55.0000	739542.498793
24.4356	-1.0206	0.3330	-208.7600	55.0000	739542.498793
24.5522	-0.9041	0.4105	-217.3000	55.0000	739542.498793
24.6524	-0.8144	0.4901	-224.6200	55.0000	739542.498793
24.7692	-0.7236	0.5965	-233.1600	55.0000	739542.498793
24.8693	-0.6590	0.6975	-240.4800	55.0000	739542.498793
24.9860	-0.6007	0.8247	-249.0200	55.0000	739542.498793
25.1028	-0.5619	0.9590	-257.5600	55.0000	739542.498793
25.2029	-0.5449	1.0778	-264.8800	55.0000	739542.498793
25.3196	-0.5443	1.2176	-273.4200	55.0000	739542.498793
25.4198	-0.5603	1.3365	-280.7400	55.0000	739542.498793
25.5366	-0.5980	1.4712	-289.2800	55.0000	739542.498793
25.6532	-0.6552	1.5988	-297.8200	55.0000	739542.498793
25.7534	-0.7190	1.7004	-305.1400	55.0000	739542.498793
25.8701	-0.8089	1.8075	-313.6800	55.0000	739542.498793
25.9871	-0.9138	1.9001	-322.2200	55.0000	739542.498793
26.1036	-1.0312	1.9761	-330.7600	55.0000	739542.498793
26.2038	-1.1394	2.0279	-335.6400	55.0000	739542.498793
26.3205	-1.2669	2.0856	-335.6400	55.0000	739542.498793
26.4206	-1.3763	2.1351	-335.6400	55.0000	739542.498793
26.5374	-1.5038	2.1928	-335.6400	55.0000	739542.498793
26.6375	-1.6120	2.2446	-331.9800	55.0000	739542.498793
26.7542	-1.6120	2.2446	-323.4400	55.0000	739542.498793
26.8710	-1.6120	2.2446	-314.9000	55.0000	739542.498793
26.9712	-1.6120	2.2446	-307.5800	55.0000	739542.498793
27.0878	-1.6120	2.2446	-299.0400	55.0000	739542.498793
27.1880	-1.6120	2.2446	-291.7200	55.0000	739542.498793
27.3048	-1.6120	2.2446	-283.1800	55.0000	739542.498793
27.4215	-1.6120	2.2446	-274.6400	55.0000	739542.498793
27.5383	-1.6120	2.2446	-266.1000	55.0000	739542.498793
27.6384	-1.6120	2.2446	-258.7800	55.0000	739542.498793
27.7385	-1.6120	2.2446	-251.4600	55.0000	739542.498793
27.8552	-1.6120	2.2446	-242.9200	55.0000	739542.498793
27.9554	-1.6120	2.2446	-235.6000	55.0000	739542.498793
28.0721	-1.6120	2.2446	-227.0600	55.0000	739542.498793
28.1889	-1.5365	2.3102	-218.5200	55.0000	739542.498793
28.2890	-1.4374	2.3777	-211.2000	55.0000	739542.498793
28.4056	-1.3161	2.4476	-209.9800	55.0000	739542.498793
28.5058	-1.2122	2.5076	-209.9800	55.0000	739542.498793
28.6226	-1.0916	2.5786	-212.4200	55.0000	739542.498793
28.7393	-0.9803	2.6634	-220.9600	55.0000	739542.498793
28.8561	-0.8829	2.7637	-229.5000	55.0000	739542.498793
28.9562	-0.8120	2.8605	-236.8200	55.0000	739542.498793
29.0563	-0.7540	2.9654	-244.1400	55.0000	739542.498793
29.1564	-0.7099	3.0770	-251.4600	55.0000	739542.498793
29.2565	-0.6803	3.1932	-258.7800	55.0000	739542.498793
29.3733	-0.6649	3.3322	-267.3200	55.0000	739542.498793
29.4901	-0.6702	3.4720	-275.8600	55.0000	739542.498793
29.6067	-0.6875	3.6109	-277.0800	55.0000	739542.498793
29.7068	-0.7023	3.7300	-277.0800	55.0000	739542.498793
29.8237	-0.7153	3.8693	-272.2000	55.0000	739542.498793
29.9404	-0.7088	4.0090	-263.6600	55.0000	739542.498793
30.0572	-0.6828	4.1465	-257.5600	55.0000	739542.498793
30.1739	-0.6742	4.1856	-262.4400	55.0000	739542.498793
30.2740	-0.6713	4.2655	-269.7600	55.0000	739542.498793
30.3742	-0.6797	4.3851	-277.0800	55.0000	739542.498793
30.4908	-0.7087	4.5220	-285.6200	55.0000	739542.498793
30.5910	-0.7495	4.6347	-292.9400	55.0000	739542.498793
30.7077	-0.8148	4.7584	-301.4800	55.0000	739542.498793
30.8245	-0.8723	4.8556	-310.0200	55.0000	739542.498793
30.9247	-0.8723	4.8985	-317.3400	55.0000	739542.498793
31.0413	-0.8645	4.9339	-325.8800	55.0000	739542.498793
31.1415	-0.8653	4.9563	-333.2000	55.0000	739542.498793
31.2583	-0.8570	4.9737	-341.7400	55.0000	739542.498793
31.3751	-0.8570	4.9737	-341.7400	55.0000	739542.498793
31.4918	-0.8570	4.9737	-341.7400	55.0000	739542.498793
31.5924	-0.8000	4.9549	-341.7400	55.0000	739542.498793
31.7087	-0.6670	4.9110	-341.7400	55.0000	739542.498793
31.8088	-0.5531	4.8734	-341.7400	55.0000	739542.498793
31.9255	-0.4201	4.8296	-341.7400	55.0000	739542.498793
32.0423	-0.2872	4.7857	-341.7400	55.0000	739542.498793
32.1590	-0.1530	4.7459	-346.6200	55.0000	739542.498793
32.2592	-0.1335	4.7343	-353.9400	55.0000	739542.498793
32.3759	-0.1335	4.7329	-362.4800	55.0000	739542.498793
32.4760	-0.1335	4.7399	-369.8000	55.0000	739542.498793
32.5761	-0.1335	4.7545	-377.1200	55.0000	739542.498793
32.6761	-0.1335	4.7764	-384.4400	55.0000	739542.498793
32.7762	-0.1335	4.8052	-391.7600	55.0000	739542.498793
32.8763	-0.1335	4.8404	-399.0800	55.0000	739542.498793
32.9763	-0.1335	4.8800	-401.5200	55.0000	739542.498793
33.0764	-0.1335	4.9198	-401.5200	55.0000	739542.498793
33.1767	-0.1335	4.9596	-401.5200	55.0000	739542.498793
33.2934	-0.1335	5.0060	-401.5200	55.0000	739542.498793
33.4101	-0.1485	5.0325	-401.5200	55.0000	739542.498793
33.5102	-0.2383	4.9530	-401.5200	55.0000	739542.498793
33.6270	-0.3431	4.8602	-401.5200	55.0000	739542.498793
33.7272	-0.4330	4.7806	-401.5200	55.0000	739542.498793
33.8438	-0.5378	4.6878	-401.5200	55.0000	739542.498793
33.9439	-0.6276	4.6083	-401.5200	55.0000	739542.498793
34.0441	-0.7172	4.5284	-402.7400	55.0000	739542.498793
34.1607	-0.8115	4.4251	-411.2800	55.0000	739542.498793
34.2609	-0.8689	4.3347	-418.6000	55.0000	739542.498793
34.3610	-0.8689	4.2814	-425.9200	55.0000	739542.498793
34.4777	-0.8747	4.2057	-434.4600	55.0000	739542.498793
34.5779	-0.8747	4.1469	-441.7800	55.0000	739542.498793
34.6947	-0.8749	4.0571	-450.3200	55.0000	739542.498793
34.8114	-0.8622	3.9178	-458.8600	55.0000	739542.498793
34.9115	-0.8349	3.8010	-466.1800	55.0000	739542.498793
35.0282	-0.7847	3.6705	-474.7200	55.0000	739542.498793
35.1285	-0.7345	3.5615	-474.7200	55.0000	739542.498793
35.2452	-0.6760	3.4343	-474.7200	55.0000	739542.498793
35.3453	-0.6258	3.3253	-474.7200	55.0000	739542.498793
35.4620	-0.5712	3.1965	-469.8400	55.0000	739542.498793
35.5622	-0.5390	3.0810	-462.5200	55.0000	739542.498793
35.6788	-0.5204	2.9423	-453.9800	55.0000	739542.498793
35.7958	-0.5200	2.8024	-449.1000	55.0000	739542.498793
35.8967	-0.5219	2.6824	-449.1000	55.0000	739542.498793
36.0136	-0.5241	2.5424	-449.1000	55.0000	739542.498793
36.1313	-0.5263	2.4024	-449.1000	55.0000	739542.498793
36.2461	-0.5404	2.2633	-440.5600	55.0000	739542.498793
36.3627	-0.5750	2.1277	-432.0200	55.0000	739542.498793
36.4629	-0.6204	2.0168	-424.7000	55.0000	739542.498793
36.5630	-0.6796	1.9125	-417.3800	55.0000	739542.498793
36.6635	-0.7516	1.8165	-410.0600	55.0000	739542.498793
36.7801	-0.8501	1.7173	-401.5200	55.0000	739542.498793
36.8965	-0.9609	1.6318	-396.6400	55.0000	739542.498793
36.9969	-1.0572	1.5602	-396.6400	55.0000	739542.498793
37.1133	-1.1669	1.4733	-401.5200	55.0000	739542.498793
37.2302	-1.2633	1.3720	-410.0600	55.0000	739542.498793
37.3470	-1.3437	1.2575	-418.6000	55.0000	739542.498793
37.4638	-1.4022	1.1527	-421.0400	55.0000	739542.498793
37.5804	-1.4126	1.1356	-418.6000	55.0000	739542.498793
37.6806	-1.4825	1.0382	-411.2800	55.0000	739542.498793
37.7974	-1.5790	0.9369	-402.7400	55.0000	739542.498793
37.8974	-1.6729	0.8623	-395.4200	55.0000	739542.498793
38.0144	-1.7933	0.7912	-386.8800	55.0000	739542.498793
38.1310	-1.9230	0.7388	-378.3400	55.0000	739542.498793
38.2477	-2.0590	0.7063	-369.8000	55.0000	739542.498793
38.3479	-2.1784	0.6947	-362.4800	55.0000	739542.498793
38.4646	-2.3182	0.7006	-353.9400	55.0000	739542.498793
38.5812	-2.4555	0.7271	-345.4000	55.0000	739542.498793
38.6815	-2.5703	0.7619	-342.9600	55.0000	739542.498793
38.7982	-2.7042	0.8029	-342.9600	55.0000	739542.498793
38.8983	-2.8189	0.8381	-342.9600	55.0000	739542.498793
38.9985	-2.9359	0.8646	-350.2800	55.0000	739542.498793
39.1152	-3.0553	0.8747	-358.8200	55.0000	739542.498793
39.2153	-3.1750	0.8682	-366.1400	55.0000	739542.498793
39.3321	-3.3123	0.8415	-374.6800	55.0000	739542.498793
39.4506	-3.4441	0.7947	-383.2200	55.0000	739542.498793
39.5656	-3.5677	0.7292	-390.5400	55.0000	739542.498793
39.6657	-3.6741	0.6738	-384.4400	55.0000	739542.498793
39.7823	-3.8059	0.6270	-375.9000	55.0000	739542.498793
39.8825	-3.9234	0.6028	-368.5800	55.0000	739542.498793
39.9993	-4.0630	0.5938	-360.0400	55.0000	739542.498793
40.0994	-4.1825	0.6026	-352.7200	55.0000	739542.498793
40.2163	-4.3193	0.6321	-344.1800	55.0000	739542.498793
40.3328	-4.4501	0.6815	-335.6400	55.0000	739542.498793
40.4329	-4.5554	0.7390	-328.3200	55.0000	739542.498793
40.5330	-4.6525	0.8094	-321.0000	55.0000	739542.498793
40.6498	-4.7533	0.9063	-312.4600	55.0000	739542.498793
40.7500	-4.8274	1.0006	-305.1400	55.0000	739542.498793
40.8502	-4.8890	1.1035	-297.8200	55.0000	739542.498793
40.9667	-4.9158	1.1572	-296.6000	55.0000	739542.498793
41.0668	-4.9158	1.1572	-296.6000	55.0000	739542.498793
41.1669	-4.9158	1.1572	-291.7200	55.0000	739542.498793
41.2671	-4.9158	1.1572	-284.4000	55.0000	739542.498793
41.3671	-4.9158	1.1572	-277.0800	55.0000	739542.498793
41.4673	-4.9158	1.1572	-269.7600	55.0000	739542.498793
41.5840	-4.9158	1.1572	-261.2200	55.0000	739542.498793
41.6841	-4.9004	1.2152	-253.9000	55.0000	739542.498793
41.8010	-4.8503	1.3458	-245.3600	55.0000	739542.498793
41.9176	-4.7870	1.4706	-242.9200	55.0000	739542.498793
42.0177	-4.7324	1.5774	-242.9200	55.0000	739542.498793
42.1345	-4.6686	1.7021	-242.9200	55.0000	739542.498793
42.2513	-4.6087	1.8286	-247.8000	55.0000	739542.498793
42.3515	-4.5718	1.9427	-255.1200	55.0000	739542.498793
42.4682	-4.5471	2.0804	-262.4400	55.0000	739542.498793
42.5849	-4.5287	2.2191	-262.4400	55.0000	739542.498793
42.6850	-4.5129	2.3381	-262.4400	55.0000	739542.498793
42.7852	-4.4971	2.4571	-262.4400	55.0000	739542.498793
42.9019	-4.4787	2.5958	-262.4400	55.0000	739542.498793
43.0186	-4.4603	2.7346	-262.4400	55.0000	739542.498793
43.1188	-4.4445	2.8536	-262.4400	55.0000	739542.498793
43.2354	-4.4261	2.9924	-262.4400	55.0000	739542.498793
43.3523	-4.4077	3.1311	-262.4400	55.0000	739542.498793
43.4524	-4.3944	3.2504	-266.1000	55.0000	739542.498793
43.5692	-4.3968	3.3902	-274.6400	55.0000	739542.498793
43.6694	-4.4154	3.5087	-281.9600	55.0000	739542.498793
43.7860	-4.4559	3.6426	-290.5000	55.0000	739542.498793
43.9027	-4.5158	3.7689	-299.0400	55.0000	739542.498793
44.0030	-4.5817	3.8692	-306.3600	55.0000	739542.498793
44.1196	-4.6739	3.9743	-314.9000	55.0000	739542.498793
44.2198	-4.7646	4.0527	-322.2200	55.0000	739542.498793
44.3364	-4.8821	4.1287	-330.7600	55.0000	739542.498793
44.4366	-4.9908	4.1793	-338.0800	55.0000	739542.498793
44.5367	-5.1051	4.2157	-345.4000	55.0000	739542.498793
44.6534	-5.2429	4.2393	-353.9400	55.0000	739542.498793
44.7536	-5.3628	4.2431	-361.2600	55.0000	739542.498793
44.8537	-5.4822	4.2315	-368.5800	55.0000	739542.498793
44.9706	-5.6182	4.1990	-377.1200	55.0000	739542.498793
45.0871	-5.7479	4.1466	-385.6600	55.0000	739542.498793
45.1891	-5.8518	4.0867	-392.9800	55.0000	739542.498793
45.3040	-5.8684	4.0382	-401.5200	55.0000	739542.498793
45.4208	-5.8684	3.9875	-410.0600	55.0000	739542.498793
45.5376	-5.8684	3.9303	-418.6000	55.0000	739542.498793
45.6543	-5.8684	3.8677	-427.1400	55.0000	739542.498793
45.7544	-5.8749	3.8014	-434.4600	55.0000	739542.498793
45.8545	-5.8749	3.7426	-441.7800	55.0000	739542.498793
45.9720	-5.8748	3.6628	-450.3200	55.0000	739542.498793
46.0880	-5.8621	3.5235	-458.8600	55.0000	739542.498793
46.1882	-5.8349	3.4067	-466.1800	55.0000	739542.498793
46.3049	-5.7906	3.2739	-468.6200	55.0000	739542.498793
46.4051	-5.7523	3.1602	-468.6200	55.0000	739542.498793
46.5217	-5.7076	3.0275	-468.6200	55.0000	739542.498793
46.6385	-5.6629	2.8949	-468.6200	55.0000	739542.498793
46.7387	-5.6332	2.7787	-461.3000	55.0000	739542.498793
46.8554	-5.6112	2.6404	-458.8600	55.0000	739542.498793
46.9556	-5.5927	2.5219	-458.8600	55.0000	739542.498793
47.0723	-5.5711	2.3835	-458.8600	55.0000	739542.498793
47.1890	-5.5496	2.2452	-458.8600	55.0000	739542.498793
47.2892	-5.5248	2.1279	-464.9600	55.0000	739542.498793
47.4060	-5.4774	1.9963	-473.5000	55.0000	739542.498793
47.5227	-5.4109	1.8732	-482.0400	55.0000	739542.498793
47.6228	-5.3399	1.7766	-489.3600	55.0000	739542.498793
47.7396	-5.2423	1.6764	-497.9000	55.0000	739542.498793
47.8397	-5.1476	1.6028	-505.2200	55.0000	739542.498793
47.9564	-5.0263	1.5331	-513.7600	55.0000	739542.498793
48.0732	-4.8960	1.4822	-522.3000	55.0000	739542.498793
48.1733	-4.7794	1.4543	-529.6200	55.0000	739542.498793
48.2900	-4.6402	1.4409	-538.1600	55.0000	739542.498793
48.4067	-4.5005	1.4483	-546.7000	55.0000	739542.498793
48.5069	-4.3828	1.4711	-554.0200	55.0000	739542.498793
48.6236	-4.2500	1.5153	-560.1200	55.0000	739542.498793
48.7238	-4.2124	1.5290	-556.4600	55.0000	739542.498793
48.8405	-4.2124	1.5290	-547.9200	55.0000	739542.498793
48.9573	-4.2124	1.5290	-539.3800	55.0000	739542.498793
49.0740	-4.1927	1.5258	-530.8400	55.0000	739542.498793
49.1741	-4.0759	1.4984	-524.7400	55.0000	739542.498793
49.2742	-3.9601	1.4668	-524.7400	55.0000	739542.498793
49.3743	-3.8444	1.4352	-524.7400	55.0000	739542.498793
49.4910	-3.7090	1.3996	-527.1800	55.0000	739542.498793
49.5912	-3.5904	1.3818	-534.5000	55.0000	739542.498793
49.7079	-3.4505	1.3803	-543.0400	55.0000	739542.498793
49.8080	-3.3316	1.3955	-550.3600	55.0000	739542.498793
49.9247	-3.1966	1.4323	-558.9000	55.0000	739542.498793
50.0415	-3.0686	1.4887	-567.4400	55.0000	739542.498793
50.1417	-2.9666	1.5517	-574.7600	55.0000	739542.498793
50.2585	-2.8589	1.6410	-583.3000	55.0000	739542.498793
50.3751	-2.7656	1.7452	-591.8400	55.0000	739542.498793
50.4919	-2.6889	1.8621	-600.3800	55.0000	739542.498793
50.6088	-2.6889	1.8621	-604.0400	55.0000	739542.498793
50.7090	-2.6889	1.8621	-604.0400	55.0000	739542.498793
50.8257	-2.6889	1.8621	-604.0400	55.0000	739542.498793
50.9423	-2.7502	1.7363	-604.0400	55.0000	739542.498793
51.0590	-2.8115	1.6104	-604.0400	55.0000	739542.498793
51.1592	-2.8617	1.5014	-607.7000	55.0000	739542.498793
51.2760	-2.9035	1.3680	-616.2400	55.0000	739542.498793
51.3762	-2.9233	1.2497	-623.5600	55.0000	739542.498793
51.4928	-2.9351	1.1302	-624.7800	55.0000	739542.498793
51.5929	-2.9388	1.1302	-624.7800	55.0000	739542.498793
51.7097	-2.9388	1.1302	-624.7800	55.0000	739542.498793
51.8264	-2.9388	1.1302	-624.7800	55.0000	739542.498793
51.9265	-2.9388	1.1302	-624.7800	55.0000	739542.498793
52.0434	-2.9388	1.1302	-616.2400	55.0000	739542.498793
52.1600	-2.9388	1.1302	-612.5800	55.0000	739542.498793
52.2602	-2.9388	1.1302	-612.5800	55.0000	739542.498793
52.3770	-2.8969	1.2638	-612.5800	55.0000	739542.498793
52.4939	-2.8549	1.3974	-612.5800	55.0000	739542.498793
52.6104	-2.8130	1.5309	-612.5800	55.0000	739542.498793
52.7106	-2.7771	1.6454	-612.5800	55.0000	739542.498793
52.8273	-2.7352	1.7790	-612.5800	55.0000	739542.498793
52.9274	-2.6993	1.8935	-612.5800	55.0000	739542.498793
53.0276	-2.6633	2.0080	-612.5800	55.0000	739542.498793
53.1443	-2.6214	2.1416	-612.5800	55.0000	739542.498793
53.2611	-2.5795	2.2752	-612.5800	55.0000	739542.498793
53.3612	-2.5436	2.3897	-612.5800	55.0000	739542.498793
53.4779	-2.5041	2.5239	-616.2400	55.0000	739542.498793
53.5780	-2.4844	2.6422	-623.5600	55.0000	739542.498793
53.6781	-2.4756	2.7619	-626.0000	55.0000	739542.498793
53.7951	-2.4658	2.9015	-626.0000	55.0000	739542.498793
53.9117	-2.4560	3.0412	-626.0000	55.0000	739542.498793
54.0119	-2.4477	3.1609	-626.0000	55.0000	739542.498793
54.1285	-2.4379	3.3006	-626.0000	55.0000	739542.498793
54.2453	-2.4281	3.4402	-626.0000	55.0000	739542.498793
54.3620	-2.4184	3.5799	-626.0000	55.0000	739542.498793
54.4787	-2.4086	3.7196	-626.0000	55.0000	739542.498793
54.5789	-2.4002	3.8393	-626.0000	55.0000	739542.498793
54.6955	-2.3905	3.9789	-626.0000	55.0000	739542.498793
54.7958	-2.3821	4.0986	-626.0000	55.0000	739542.498793
54.9125	-2.3766	4.2384	-630.8800	55.0000	739542.498793
55.0127	-2.3874	4.3579	-638.2000	55.0000	739542.498793
55.1293	-2.4190	4.4941	-646.7400	55.0000	739542.498793
55.2462	-2.4705	4.6242	-655.2800	55.0000	739542.498793
55.3629	-2.5408	4.7451	-663.8200	55.0000	739542.498793
55.4630	-2.6148	4.8395	-671.1400	55.0000	739542.498793
55.5631	-2.7002	4.9237	-678.4600	55.0000	739542.498793
55.6798	-2.8124	5.0072	-687.0000	55.0000	739542.498793
55.7799	-2.8730	5.0599	-694.3200	55.0000	739542.498793
55.8801	-2.9177	5.1020	-701.6400	55.0000	739542.498793
55.9802	-3.0123	5.1328	-708.9600	55.0000	739542.498793
56.0968	-3.1514	5.1478	-717.5000	55.0000	739542.498793
56.1969	-3.2714	5.1466	-719.9400	55.0000	739542.498793
56.3137	-3.4107	5.1587	-711.4000	55.0000	739542.498793
56.4138	-3.5276	5.1854	-704.0800	55.0000	739542.498793
56.5138	-3.6402	5.2268	-696.7600	55.0000	739542.498793
56.6140	-3.7465	5.2822	-689.4400	55.0000	739542.498793
56.7140	-3.8529	5.3376	-695.5400	55.0000	739542.498793
56.8142	-3.9654	5.3790	-702.8600	55.0000	739542.498793
56.9144	-4.0824	5.4057	-710.1800	55.0000	739542.498793
57.0311	-4.2217	5.4177	-718.7200	55.0000	739542.498793
57.1478	-4.3616	5.4140	-719.9400	55.0000	739542.498793
57.2483	-4.4812	5.4231	-712.6200	55.0000	739542.498793
57.3648	-4.6179	5.4528	-704.0800	55.0000	739542.498793
57.4815	-4.7539	5.4854	-710.1800	55.0000	739542.498793
57.5981	-4.8933	5.4974	-718.7200	55.0000	739542.498793
57.6983	-5.0130	5.4912	-726.0400	55.0000	739542.498793
57.8151	-5.1504	5.4647	-734.5800	55.0000	739542.498793
57.9317	-5.2860	5.4303	-730.9200	55.0000	739542.498793
58.0320	-5.4051	5.4164	-723.6000	55.0000	739542.498793
58.1321	-5.4051	5.4164	-716.2800	55.0000	739542.498793
58.2488	-5.4051	5.4164	-707.7400	55.0000	739542.498793
58.3656	-5.4051	5.4164	-699.2000	55.0000	739542.498793
58.4835	-5.4051	5.4164	-690.6600	55.0000	739542.498793
58.5839	-5.4707	5.4621	-683.3400	55.0000	739542.498793
58.6992	-5.5754	5.5548	-674.8000	55.0000	739542.498793
58.8159	-5.6662	5.6613	-668.7000	55.0000	739542.498793
58.9162	-5.7412	5.7550	-668.7000	55.0000	739542.498793
59.0328	-5.8288	5.8642	-668.7000	55.0000	739542.498793
59.1330	-5.9038	5.9579	-668.7000	55.0000	739542.498793
59.2497	-5.9913	6.0671	-668.7000	55.0000	739542.498793
59.3498	-6.0664	6.1608	-668.7000	55.0000	739542.498793
