T	X	Y	HEADING	PERPSECTIVE_ANGLE	NOW_NUM
0.1086	0.0000	0.0000	45.0000	55.0000	739584.393890
0.2252	-0.0141	0.0141	45.0000	55.0000	739584.393890
0.3414	-0.1131	0.1131	45.0000	55.0000	739584.393890
0.4418	-0.1980	0.1980	45.0000	55.0000	739584.393890
0.5585	-0.2999	0.2939	40.1200	55.0000	739584.393890
0.6751	-0.4141	0.3746	31.5800	55.0000	739584.393890
0.7916	-0.5391	0.4374	23.0400	55.0000	739584.393890
0.9086	-0.6720	0.4810	14.5000	55.0000	739584.393890
1.0247	-0.8083	0.5132	13.2800	55.0000	739584.393890
1.1250	-0.9256	0.5383	9.6200	55.0000	739584.393890
1.2414	-1.0638	0.5604	7.1800	55.0000	739584.393890
1.3421	-1.0638	0.5604	2.3000	55.0000	739584.393890
1.4585	-1.1038	0.5620	2.3000	55.0000	739584.393890
1.5747	-1.2437	0.5676	2.3000	55.0000	739584.393890
1.6749	-1.3636	0.5724	2.3000	55.0000	739584.393890
1.7917	-1.5034	0.5780	2.3000	55.0000	739584.393890
1.8917	-1.6233	0.5829	2.3000	55.0000	739584.393890
2.0081	-1.7632	0.5885	2.3000	55.0000	739584.393890
2.1083	-1.8831	0.5933	2.3000	55.0000	739584.393890
2.2252	-2.0230	0.5989	2.3000	55.0000	739584.393890
2.3414	-2.1629	0.6045	2.3000	55.0000	739584.393890
2.4582	-2.3028	0.6101	2.3000	55.0000	739584.393890
2.5750	-2.4427	0.6158	2.3000	55.0000	739584.393890
2.6915	-2.5826	0.6214	2.3000	55.0000	739584.393890
2.7918	-2.7025	0.6262	2.3000	55.0000	739584.393890
2.8919	-2.8221	0.6353	7.1800	55.0000	739584.393890
3.0086	-2.9589	0.6645	15.7200	55.0000	739584.393890
3.1253	-3.0898	0.7137	24.2600	55.0000	739584.393890
3.2419	-3.2120	0.7818	32.8000	55.0000	739584.393890
3.3585	-3.3227	0.8673	41.3400	55.0000	739584.393890
3.4752	-3.4194	0.9683	49.8800	55.0000	739584.393890
3.5918	-3.4676	1.0321	58.4200	55.0000	739584.393890
3.6919	-3.4676	1.0321	65.7400	55.0000	739584.393890
3.7920	-3.4676	1.0321	73.0600	55.0000	739584.393890
3.9084	-3.4676	1.0321	81.6000	55.0000	739584.393890
4.0085	-3.4676	1.0321	88.9200	55.0000	739584.393890
4.1088	-3.4676	1.0321	96.2400	55.0000	739584.393890
4.2252	-3.4463	1.1298	104.7800	55.0000	739584.393890
4.3417	-3.3992	1.2615	113.3200	55.0000	739584.393890
4.4420	-3.3437	1.3678	120.6400	55.0000	739584.393890
4.5424	-3.2751	1.4661	127.9600	55.0000	739584.393890
4.6587	-3.1802	1.5690	135.2800	55.0000	739584.393890
4.7751	-3.0808	1.6675	135.2800	55.0000	739584.393890
4.8753	-3.0021	1.7580	127.9600	55.0000	739584.393890
4.9919	-2.9257	1.8752	119.4200	55.0000	739584.393890
5.0920	-2.8726	1.9608	116.9800	55.0000	739584.393890
5.2087	-2.8091	2.0856	116.9800	55.0000	739584.393890
5.3254	-2.7456	2.2104	116.9800	55.0000	739584.393890
5.4417	-2.6820	2.3351	116.9800	55.0000	739584.393890
5.5421	-2.6334	2.4447	110.8800	55.0000	739584.393890
5.6586	-2.5949	2.5792	102.3400	55.0000	739584.393890
5.7753	-2.5742	2.7176	97.4600	55.0000	739584.393890
5.8918	-2.5560	2.8564	97.4600	55.0000	739584.393890
6.0084	-2.5378	2.9953	97.4600	55.0000	739584.393890
6.1251	-2.5209	3.1342	95.0200	55.0000	739584.393890
6.2254	-2.5193	3.2541	87.7000	55.0000	739584.393890
6.3255	-2.5330	3.3733	80.3800	55.0000	739584.393890
6.4419	-2.5564	3.5113	80.3800	55.0000	739584.393890
6.5587	-2.5798	3.6493	80.3800	55.0000	739584.393890
6.6764	-2.6032	3.7873	80.3800	55.0000	739584.393890
6.7918	-2.6266	3.9254	80.3800	55.0000	739584.393890
6.9098	-2.6500	4.0634	80.3800	55.0000	739584.393890
7.0250	-2.6722	4.2016	82.8200	55.0000	739584.393890
7.1251	-2.6782	4.3214	90.1400	55.0000	739584.393890
7.2417	-2.6749	4.4614	91.3600	55.0000	739584.393890
7.3419	-2.6721	4.5813	91.3600	55.0000	739584.393890
7.4586	-2.6807	4.7209	82.8200	55.0000	739584.393890
7.5752	-2.7099	4.8577	74.2800	55.0000	739584.393890
7.6753	-2.7509	4.9704	66.9600	55.0000	739584.393890
7.7754	-2.8059	5.0770	59.6400	55.0000	739584.393890
7.8920	-2.8866	5.1912	51.1000	55.0000	739584.393890
8.0086	-2.9834	5.2922	42.5600	55.0000	739584.393890
8.1253	-3.0941	5.3777	34.0200	55.0000	739584.393890
8.2418	-3.2163	5.4458	25.4800	55.0000	739584.393890
8.3585	-3.3472	5.4950	16.9400	55.0000	739584.393890
8.4752	-3.4839	5.5247	9.6200	55.0000	739584.393890
8.5918	-3.6219	5.5481	9.6200	55.0000	739584.393890
8.7090	-3.7600	5.5715	9.6200	55.0000	739584.393890
8.8252	-3.7402	5.5681	9.6200	55.0000	739584.393890
8.9419	-3.6022	5.5447	9.6200	55.0000	739584.393890
9.0420	-3.4839	5.5247	9.6200	55.0000	739584.393890
9.1587	-3.3455	5.5038	5.9600	55.0000	739584.393890
9.2752	-3.2057	5.5012	-2.5800	55.0000	739584.393890
9.3759	-3.0866	5.5155	-9.9000	55.0000	739584.393890
9.4918	-2.9513	5.5511	-18.4400	55.0000	739584.393890
9.5935	-2.8407	5.5974	-25.7600	55.0000	739584.393890
9.7089	-2.7204	5.6687	-34.3000	55.0000	739584.393890
9.8251	-2.6120	5.7571	-42.8400	55.0000	739584.393890
9.9252	-2.5303	5.8450	-50.1600	55.0000	739584.393890
10.0256	-2.5118	5.8606	-57.4800	55.0000	739584.393890
10.1423	-2.5767	5.7367	-66.0200	55.0000	739584.393890
10.2585	-2.6224	5.6045	-74.5600	55.0000	739584.393890
10.3751	-2.6493	5.4672	-80.6600	55.0000	739584.393890
10.4751	-2.6751	5.3501	-74.5600	55.0000	739584.393890
10.5755	-2.7155	5.2372	-67.2400	55.0000	739584.393890
10.6921	-2.7804	5.1132	-58.7000	55.0000	739584.393890
10.8087	-2.8578	4.9966	-56.2600	55.0000	739584.393890
10.9255	-2.8831	4.9546	-56.2600	55.0000	739584.393890
11.0421	-2.9092	4.9106	-56.2600	55.0000	739584.393890
11.1586	-2.9870	4.7942	-56.2600	55.0000	739584.393890
11.2751	-3.0648	4.6778	-56.2600	55.0000	739584.393890
11.3919	-3.1425	4.5613	-56.2600	55.0000	739584.393890
11.4923	-3.2092	4.4616	-56.2600	55.0000	739584.393890
11.6085	-3.2869	4.3451	-56.2600	55.0000	739584.393890
11.7251	-3.3742	4.2359	-47.7200	55.0000	739584.393890
11.8418	-3.4768	4.1407	-39.1800	55.0000	739584.393890
11.9590	-3.5900	4.0584	-35.5200	55.0000	739584.393890
12.0754	-3.7039	3.9770	-35.5200	55.0000	739584.393890
12.1918	-3.8186	3.8968	-33.0800	55.0000	739584.393890
12.3086	-3.9417	3.8303	-25.7600	55.0000	739584.393890
12.4257	-4.0678	3.7694	-25.7600	55.0000	739584.393890
12.5418	-4.1939	3.7086	-25.7600	55.0000	739584.393890
12.6599	-4.3200	3.6477	-25.7600	55.0000	739584.393890
12.7752	-4.4460	3.5869	-25.7600	55.0000	739584.393890
12.8918	-4.5721	3.5261	-25.7600	55.0000	739584.393890
13.0083	-4.6982	3.4652	-25.7600	55.0000	739584.393890
13.1084	-4.8063	3.4131	-25.7600	55.0000	739584.393890
13.2085	-4.9144	3.3609	-25.7600	55.0000	739584.393890
13.3086	-5.0182	3.3009	-33.0800	55.0000	739584.393890
13.4253	-5.1285	3.2149	-41.6200	55.0000	739584.393890
13.5419	-5.2248	3.1134	-50.1600	55.0000	739584.393890
13.6585	-5.3049	2.9988	-58.7000	55.0000	739584.393890
13.7753	-5.3671	2.8735	-67.2400	55.0000	739584.393890
13.8918	-5.4113	2.7407	-73.3400	55.0000	739584.393890
14.0084	-5.4514	2.6066	-73.3400	55.0000	739584.393890
14.1088	-5.4858	2.4916	-73.3400	55.0000	739584.393890
14.2252	-5.5260	2.3575	-73.3400	55.0000	739584.393890
14.3419	-5.5620	2.2223	-78.2200	55.0000	739584.393890
14.4586	-5.5788	2.0834	-86.7600	55.0000	739584.393890
14.5752	-5.5748	1.9436	-95.3000	55.0000	739584.393890
14.6920	-5.5589	1.8045	-96.5200	55.0000	739584.393890
14.8085	-5.5430	1.6654	-96.5200	55.0000	739584.393890
14.9253	-5.5271	1.5263	-96.5200	55.0000	739584.393890
15.0420	-5.5231	1.3865	-87.9800	55.0000	739584.393890
15.1587	-5.5399	1.2477	-79.4400	55.0000	739584.393890
15.2757	-5.5731	1.1117	-75.7800	55.0000	739584.393890
15.3918	-5.6075	0.9760	-75.7800	55.0000	739584.393890
15.4921	-5.6369	0.8596	-75.7800	55.0000	739584.393890
15.6085	-5.6713	0.7239	-75.7800	55.0000	739584.393890
15.7252	-5.7057	0.5882	-75.7800	55.0000	739584.393890
15.8253	-5.7356	0.4720	-74.5600	55.0000	739584.393890
15.9255	-5.7760	0.3591	-67.2400	55.0000	739584.393890
16.0420	-5.8409	0.2352	-58.7000	55.0000	739584.393890
16.1584	-5.9215	0.1207	-53.8200	55.0000	739584.393890
16.2587	-5.9923	0.0239	-53.8200	55.0000	739584.393890
16.3751	-6.0750	-0.0891	-53.8200	55.0000	739584.393890
0.1054	0.0000	0.0000	45.0000	55.0000	739584.411204
0.2155	0.0000	0.0000	45.0000	55.0000	739584.411204
0.3295	0.0000	0.0000	45.0000	55.0000	739584.411204
0.4462	-0.0849	0.0849	45.0000	55.0000	739584.411204
0.5463	-0.1697	0.1697	45.0000	55.0000	739584.411204
0.6628	-0.2687	0.2687	45.0000	55.0000	739584.411204
0.7795	-0.3737	0.3611	37.6800	55.0000	739584.411204
0.8961	-0.4900	0.4390	32.8000	55.0000	739584.411204
1.0128	-0.6076	0.5149	32.8000	55.0000	739584.411204
1.1297	-0.7253	0.5907	32.8000	55.0000	739584.411204
1.2461	-0.8437	0.6655	30.3600	55.0000	739584.411204
1.3463	-0.9514	0.7182	23.0400	55.0000	739584.411204
1.4627	-1.0843	0.7618	14.5000	55.0000	739584.411204
1.5637	-1.2023	0.7831	7.1800	55.0000	739584.411204
1.6797	-1.3421	0.7887	-1.3600	55.0000	739584.411204
1.7962	-1.4811	0.7735	-9.9000	55.0000	739584.411204
1.8963	-1.5993	0.7529	-9.9000	55.0000	739584.411204
2.0128	-1.7372	0.7288	-9.9000	55.0000	739584.411204
2.1294	-1.8751	0.7047	-9.9000	55.0000	739584.411204
2.2296	-1.9934	0.6841	-9.9000	55.0000	739584.411204
2.3462	-2.1316	0.6626	-6.2400	55.0000	739584.411204
2.4464	-2.2515	0.6584	1.0800	55.0000	739584.411204
2.5627	-2.3911	0.6687	4.7400	55.0000	739584.411204
2.6629	-2.5107	0.6787	4.7400	55.0000	739584.411204
2.7631	-2.6303	0.6886	4.7400	55.0000	739584.411204
2.8793	-2.7697	0.7014	7.1800	55.0000	739584.411204
2.9795	-2.8872	0.7252	14.5000	55.0000	739584.411204
3.0961	-3.0192	0.7716	23.0400	55.0000	739584.411204
3.1963	-3.1257	0.8267	30.3600	55.0000	739584.411204
3.2964	-3.2244	0.8948	37.6800	55.0000	739584.411204
3.4127	-3.3317	0.9847	40.1200	55.0000	739584.411204
3.5129	-3.4235	1.0620	40.1200	55.0000	739584.411204
3.6295	-3.5305	1.1522	40.1200	55.0000	739584.411204
3.7307	-3.6223	1.2296	40.1200	55.0000	739584.411204
3.8462	-3.7294	1.3198	40.1200	55.0000	739584.411204
3.9633	-3.8364	1.4100	40.1200	55.0000	739584.411204
4.0795	-3.9435	1.5002	40.1200	55.0000	739584.411204
4.1961	-4.0445	1.5970	47.4400	55.0000	739584.411204
4.2961	-4.1188	1.6911	54.7600	55.0000	739584.411204
4.4127	-4.1614	1.7588	63.3000	55.0000	739584.411204
4.5295	-4.1614	1.7588	71.8400	55.0000	739584.411204
4.6462	-4.1614	1.7588	80.3800	55.0000	739584.411204
4.7628	-4.1617	1.7788	88.9200	55.0000	739584.411204
4.8630	-4.1551	1.8985	96.2400	55.0000	739584.411204
4.9631	-4.1332	2.0164	103.5600	55.0000	739584.411204
5.0795	-4.0890	2.1491	112.1000	55.0000	739584.411204
5.1971	-4.0255	2.2738	120.6400	55.0000	739584.411204
5.3128	-3.9442	2.3876	129.1800	55.0000	739584.411204
5.4130	-3.8905	2.4468	136.5000	55.0000	739584.411204
5.5295	-3.8905	2.4468	145.0400	55.0000	739584.411204
5.6461	-3.8905	2.4468	153.5800	55.0000	739584.411204
5.7465	-3.8905	2.4468	160.9000	55.0000	739584.411204
5.8627	-3.8905	2.4468	169.4400	55.0000	739584.411204
5.9797	-3.8905	2.4468	177.9800	55.0000	739584.411204
6.0963	-3.8905	2.4468	186.5200	55.0000	739584.411204
6.1966	-3.8905	2.4468	193.8400	55.0000	739584.411204
6.3131	-3.8905	2.4468	202.3800	55.0000	739584.411204
6.4294	-3.8905	2.4468	210.9200	55.0000	739584.411204
6.5298	-3.8905	2.4468	218.2400	55.0000	739584.411204
6.6466	-3.8905	2.4468	226.7800	55.0000	739584.411204
6.7627	-3.8905	2.4468	235.3200	55.0000	739584.411204
6.8629	-3.8905	2.4468	242.6400	55.0000	739584.411204
6.9794	-3.8905	2.4468	251.1800	55.0000	739584.411204
7.0959	-3.8905	2.4468	259.7200	55.0000	739584.411204
7.2127	-3.8905	2.4468	268.2600	55.0000	739584.411204
7.3129	-3.8905	2.4468	275.5800	55.0000	739584.411204
7.4294	-3.8905	2.4468	284.1200	55.0000	739584.411204
7.5461	-3.8905	2.4468	292.6600	55.0000	739584.411204
7.6462	-3.9193	2.3942	299.9800	55.0000	739584.411204
7.7465	-3.9868	2.2951	307.3000	55.0000	739584.411204
7.8628	-4.0808	2.1915	315.8400	55.0000	739584.411204
7.9794	-4.1847	2.0977	315.8400	55.0000	739584.411204
8.0960	-4.2764	1.9921	307.3000	55.0000	739584.411204
8.1962	-4.3317	1.9088	299.9800	55.0000	739584.411204
8.3127	-4.3317	1.9088	291.4400	55.0000	739584.411204
8.4128	-4.3317	1.9088	284.1200	55.0000	739584.411204
8.5294	-4.3317	1.9088	275.5800	55.0000	739584.411204
8.6296	-4.3317	1.9088	268.2600	55.0000	739584.411204
8.7465	-4.3200	1.8297	259.7200	55.0000	739584.411204
8.8629	-4.2834	1.6947	251.1800	55.0000	739584.411204
8.9794	-4.2272	1.5666	242.6400	55.0000	739584.411204
9.0963	-4.1526	1.4483	234.1000	55.0000	739584.411204
9.2129	-4.1526	1.4483	225.5600	55.0000	739584.411204
9.3295	-4.1526	1.4483	217.0200	55.0000	739584.411204
9.4461	-4.0668	1.3970	208.4800	55.0000	739584.411204
9.5628	-3.9386	1.3410	199.9400	55.0000	739584.411204
9.6795	-3.8036	1.3046	191.4000	55.0000	739584.411204
9.7962	-3.6646	1.2888	182.8600	55.0000	739584.411204
9.9128	-3.5248	1.2937	174.3200	55.0000	739584.411204
10.0296	-3.3872	1.3189	167.0000	55.0000	739584.411204
10.1462	-3.2508	1.3504	167.0000	55.0000	739584.411204
10.2627	-3.1177	1.3933	158.4600	55.0000	739584.411204
10.3796	-2.9924	1.4556	149.9200	55.0000	739584.411204
10.4960	-2.8778	1.5357	141.3800	55.0000	739584.411204
10.6126	-2.7763	1.6320	132.8400	55.0000	739584.411204
10.7127	-2.7015	1.7258	125.5200	55.0000	739584.411204
10.8295	-2.6303	1.8461	116.9800	55.0000	739584.411204
10.9463	-2.5717	1.9733	114.5400	55.0000	739584.411204
11.0628	-2.5136	2.1006	114.5400	55.0000	739584.411204
11.1795	-2.4554	2.2280	114.5400	55.0000	739584.411204
11.2796	-2.4095	2.3388	109.6600	55.0000	739584.411204
11.3962	-2.3738	2.4740	101.1200	55.0000	739584.411204
11.5128	-2.3586	2.6131	92.5800	55.0000	739584.411204
11.6301	-2.3579	2.7531	90.1400	55.0000	739584.411204
11.7462	-2.3575	2.8931	90.1400	55.0000	739584.411204
11.8637	-2.3572	3.0331	90.1400	55.0000	739584.411204
11.9794	-2.3687	3.1725	81.6000	55.0000	739584.411204
12.0798	-2.3909	3.2904	79.1600	55.0000	739584.411204
12.1969	-2.4234	3.4265	73.0600	55.0000	739584.411204
12.3128	-2.4754	3.5563	64.5200	55.0000	739584.411204
12.4295	-2.5461	3.6770	55.9800	55.0000	739584.411204
12.5463	-2.6340	3.7859	47.4400	55.0000	739584.411204
12.6630	-2.7367	3.8808	40.1200	55.0000	739584.411204
12.7796	-2.8438	3.9710	40.1200	55.0000	739584.411204
12.8964	-2.9508	4.0612	40.1200	55.0000	739584.411204
13.0129	-3.0120	4.1128	40.1200	55.0000	739584.411204
13.1295	-3.0120	4.1128	31.5800	55.0000	739584.411204
13.2461	-2.9573	4.0881	23.0400	55.0000	739584.411204
13.3628	-2.8244	4.0445	14.5000	55.0000	739584.411204
13.4794	-2.6865	4.0212	5.9600	55.0000	739584.411204
13.5795	-2.5666	4.0176	-1.3600	55.0000	739584.411204
13.6961	-2.4473	4.0294	-9.9000	55.0000	739584.411204
13.8128	-2.4867	4.0225	-9.9000	55.0000	739584.411204
13.9130	-2.6040	3.9977	-14.7800	55.0000	739584.411204
14.0294	-2.7367	3.9530	-19.6600	55.0000	739584.411204
14.1462	-2.8685	3.9059	-19.6600	55.0000	739584.411204
14.2463	-2.9815	3.8656	-19.6600	55.0000	739584.411204
14.3627	-3.1134	3.8185	-19.6600	55.0000	739584.411204
14.4630	-3.2264	3.7781	-19.6600	55.0000	739584.411204
14.5796	-3.3582	3.7310	-19.6600	55.0000	739584.411204
14.6963	-3.4920	3.6900	-13.5600	55.0000	739584.411204
14.7964	-3.6099	3.6681	-9.9000	55.0000	739584.411204
14.9128	-3.7478	3.6440	-9.9000	55.0000	739584.411204
15.0296	-3.8858	3.6200	-9.9000	55.0000	739584.411204
15.1461	-4.0237	3.5959	-9.9000	55.0000	739584.411204
15.2461	-4.1419	3.5753	-9.9000	55.0000	739584.411204
15.3628	-4.2798	3.5512	-9.9000	55.0000	739584.411204
15.4795	-4.4177	3.5271	-9.9000	55.0000	739584.411204
15.5961	-4.5556	3.5030	-9.9000	55.0000	739584.411204
15.6961	-4.6736	3.4812	-12.3400	55.0000	739584.411204
15.7963	-4.7885	3.4469	-19.6600	55.0000	739584.411204
15.9139	-4.9158	3.3888	-28.2000	55.0000	739584.411204
16.0296	-5.0330	3.3124	-36.7400	55.0000	739584.411204
16.1462	-5.1375	3.2195	-45.2800	55.0000	739584.411204
16.2629	-5.2271	3.1121	-53.8200	55.0000	739584.411204
16.3795	-5.2998	2.9926	-62.3600	55.0000	739584.411204
16.4797	-5.3474	2.8825	-69.6800	55.0000	739584.411204
16.5960	-5.3908	2.7494	-72.1200	55.0000	739584.411204
16.6965	-5.4276	2.6352	-72.1200	55.0000	739584.411204
16.8128	-5.4706	2.5020	-72.1200	55.0000	739584.411204
16.9294	-5.5136	2.3688	-72.1200	55.0000	739584.411204
17.0295	-5.5504	2.2546	-72.1200	55.0000	739584.411204
17.1462	-5.5909	2.1206	-75.7800	55.0000	739584.411204
17.2629	-5.6136	1.9826	-84.3200	55.0000	739584.411204
17.3630	-5.6166	1.8627	-91.6400	55.0000	739584.411204
17.4796	-5.6049	1.7232	-95.3000	55.0000	739584.411204
17.5961	-5.5920	1.5838	-95.3000	55.0000	739584.411204
17.7127	-5.5816	1.4442	-91.6400	55.0000	739584.411204
17.8129	-5.5871	1.3244	-84.3200	55.0000	739584.411204
17.9294	-5.6010	1.1851	-84.3200	55.0000	739584.411204
18.0461	-5.6148	1.0458	-84.3200	55.0000	739584.411204
18.1462	-5.6309	0.9269	-79.4400	55.0000	739584.411204
18.2628	-5.6682	0.7921	-70.9000	55.0000	739584.411204
18.3797	-5.7212	0.6625	-67.2400	55.0000	739584.411204
18.4962	-5.7753	0.5334	-67.2400	55.0000	739584.411204
18.6128	-5.8295	0.4043	-67.2400	55.0000	739584.411204
18.7129	-5.8759	0.2937	-67.2400	55.0000	739584.411204
18.8130	-5.9223	0.1830	-67.2400	55.0000	739584.411204
18.9296	-5.9872	0.0591	-58.7000	55.0000	739584.411204
19.0464	-6.0695	-0.0540	-51.3800	55.0000	739584.411204
19.1628	-6.1568	-0.1634	-51.3800	55.0000	739584.411204
