T	X	Y	HEADING	PERPSECTIVE_ANGLE	NOW_NUM
0.1304	0.0000	0.0000	45.0000	55.0000	739514.493327
0.2308	0.0000	0.0000	45.0000	55.0000	739514.493327
0.3316	0.0000	0.0000	45.0000	55.0000	739514.493327
0.4479	0.0000	0.0000	45.0000	55.0000	739514.493327
0.5637	0.0000	0.0000	45.0000	55.0000	739514.493327
0.6641	0.0000	0.0000	45.0000	55.0000	739514.493327
0.7641	0.0000	0.0000	45.0000	55.0000	739514.493327
0.8807	0.0000	0.0000	45.0000	55.0000	739514.493327
0.9975	0.0000	0.0000	45.0000	55.0000	739514.493327
1.1141	0.0000	0.0000	45.0000	55.0000	739514.493327
1.2143	0.0000	0.0000	45.0000	55.0000	739514.493327
1.3311	0.0000	0.0000	45.0000	55.0000	739514.493327
1.4478	0.0000	0.0000	45.0000	55.0000	739514.493327
1.5646	0.0000	0.0000	45.0000	55.0000	739514.493327
1.6813	0.0000	0.0000	45.0000	55.0000	739514.493327
1.7814	0.0000	0.0000	45.0000	55.0000	739514.493327
1.8981	0.0000	0.0000	45.0000	55.0000	739514.493327
1.9982	0.0000	0.0000	45.0000	55.0000	739514.493327
2.1149	0.0000	0.0000	45.0000	55.0000	739514.493327
2.2152	0.0000	0.0000	45.0000	55.0000	739514.493327
2.3318	0.0000	0.0000	37.5000	55.0000	739514.493327
2.4320	0.0000	0.0000	31.2500	55.0000	739514.493327
2.5487	0.0000	0.0000	31.2500	55.0000	739514.493327
2.6488	0.0000	0.0000	31.2500	55.0000	739514.493327
2.7656	0.0000	0.0000	31.2500	55.0000	739514.493327
2.8657	0.0000	0.0000	31.2500	55.0000	739514.493327
2.9824	0.0000	0.0000	31.2500	55.0000	739514.493327
3.0826	0.0000	0.0000	31.2500	55.0000	739514.493327
3.1992	0.0000	0.0000	31.2500	55.0000	739514.493327
3.2994	0.0000	0.0000	31.2500	55.0000	739514.493327
3.4161	0.0000	0.0000	31.2500	55.0000	739514.493327
3.5162	0.0000	0.0000	31.2500	55.0000	739514.493327
3.6329	0.0000	0.0000	31.2500	55.0000	739514.493327
3.7332	0.0000	0.0000	31.2500	55.0000	739514.493327
3.8498	0.0000	0.0000	31.2500	55.0000	739514.493327
3.9500	0.0000	0.0000	31.2500	55.0000	739514.493327
4.0666	0.0000	0.0000	31.2500	55.0000	739514.493327
4.1669	0.0000	0.0000	31.2500	55.0000	739514.493327
4.2835	0.0000	0.0000	31.2500	55.0000	739514.493327
4.3836	0.0000	0.0000	31.2500	55.0000	739514.493327
4.5005	0.0000	0.0000	31.2500	55.0000	739514.493327
4.6172	0.0000	0.0000	31.2500	55.0000	739514.493327
4.7174	0.0000	0.0000	31.2500	55.0000	739514.493327
4.8341	0.0000	0.0000	31.2500	55.0000	739514.493327
4.9508	0.0000	0.0000	31.2500	55.0000	739514.493327
5.0509	0.0000	0.0000	31.2500	55.0000	739514.493327
5.1510	0.0000	0.0000	31.2500	55.0000	739514.493327
5.2678	0.0000	0.0000	31.2500	55.0000	739514.493327
5.3680	0.0000	0.0000	31.2500	55.0000	739514.493327
5.4846	0.0000	0.0000	31.2500	55.0000	739514.493327
5.5849	0.0000	0.0000	31.2500	55.0000	739514.493327
5.6849	0.0000	0.0000	31.2500	55.0000	739514.493327
5.8017	0.0000	0.0000	31.2500	55.0000	739514.493327
5.9184	0.0000	0.0000	31.2500	55.0000	739514.493327
6.0185	0.0000	0.0000	31.2500	55.0000	739514.493327
6.1186	0.0000	0.0000	31.2500	55.0000	739514.493327
6.2353	0.0000	0.0000	31.2500	55.0000	739514.493327
6.3354	0.0000	0.0000	31.2500	55.0000	739514.493327
6.4357	0.0000	0.0000	31.2500	55.0000	739514.493327
6.5523	0.0000	0.0000	31.2500	55.0000	739514.493327
6.6524	0.0000	0.0000	31.2500	55.0000	739514.493327
6.7691	0.0000	0.0000	31.2500	55.0000	739514.493327
6.8859	0.0000	0.0000	31.2500	55.0000	739514.493327
6.9860	0.0000	0.0000	31.2500	55.0000	739514.493327
7.1027	0.0000	0.0000	31.2500	55.0000	739514.493327
7.2028	0.0000	0.0000	31.2500	55.0000	739514.493327
7.3029	0.0000	0.0000	31.2500	55.0000	739514.493327
7.4031	0.0000	0.0000	31.2500	55.0000	739514.493327
7.5198	0.0000	0.0000	31.2500	55.0000	739514.493327
7.6198	0.0000	0.0000	31.2500	55.0000	739514.493327
7.7200	0.0000	0.0000	31.2500	55.0000	739514.493327
7.8367	0.0000	0.0000	31.2500	55.0000	739514.493327
7.9368	0.0000	0.0000	31.2500	55.0000	739514.493327
8.0369	0.0000	0.0000	31.2500	55.0000	739514.493327
8.1537	0.0000	0.0000	31.2500	55.0000	739514.493327
8.2537	0.0000	0.0000	31.2500	55.0000	739514.493327
8.3540	0.0000	0.0000	31.2500	55.0000	739514.493327
8.4706	0.0000	0.0000	31.2500	55.0000	739514.493327
8.5874	0.0000	0.0000	31.2500	55.0000	739514.493327
8.6875	0.0000	0.0000	31.2500	55.0000	739514.493327
8.8042	0.0000	0.0000	31.2500	55.0000	739514.493327
8.9043	0.0000	0.0000	31.2500	55.0000	739514.493327
9.0211	0.0000	0.0000	31.2500	55.0000	739514.493327
9.1213	0.0000	0.0000	31.2500	55.0000	739514.493327
9.2379	0.0000	0.0000	31.2500	55.0000	739514.493327
9.3380	0.0000	0.0000	31.2500	55.0000	739514.493327
9.4381	0.0000	0.0000	31.2500	55.0000	739514.493327
9.5383	0.0000	0.0000	31.2500	55.0000	739514.493327
9.6551	0.0000	0.0000	31.2500	55.0000	739514.493327
9.7718	0.0000	0.0000	31.2500	55.0000	739514.493327
9.8719	0.0000	0.0000	31.2500	55.0000	739514.493327
9.9720	0.0000	0.0000	31.2500	55.0000	739514.493327
10.0887	0.0000	0.0000	31.2500	55.0000	739514.493327
10.2054	0.0000	0.0000	31.2500	55.0000	739514.493327
10.3222	0.0000	0.0000	31.2500	55.0000	739514.493327
10.4224	0.0000	0.0000	31.2500	55.0000	739514.493327
10.5392	0.0000	0.0000	31.2500	55.0000	739514.493327
10.6559	0.0000	0.0000	31.2500	55.0000	739514.493327
10.7561	0.0000	0.0000	31.2500	55.0000	739514.493327
10.8730	0.0000	0.0000	31.2500	55.0000	739514.493327
10.9897	0.0000	0.0000	31.2500	55.0000	739514.493327
11.0898	0.0000	0.0000	31.2500	55.0000	739514.493327
11.2065	0.0000	0.0000	31.2500	55.0000	739514.493327
11.3233	0.0000	0.0000	31.2500	55.0000	739514.493327
11.4400	0.0000	0.0000	31.2500	55.0000	739514.493327
11.5567	0.0000	0.0000	31.2500	55.0000	739514.493327
11.6734	0.0000	0.0000	31.2500	55.0000	739514.493327
11.7901	0.0000	0.0000	31.2500	55.0000	739514.493327
11.8903	0.0000	0.0000	31.2500	55.0000	739514.493327
11.9908	0.0000	0.0000	31.2500	55.0000	739514.493327
12.1073	0.0000	0.0000	31.2500	55.0000	739514.493327
12.2076	0.0000	0.0000	31.2500	55.0000	739514.493327
12.3241	0.0000	0.0000	31.2500	55.0000	739514.493327
12.4410	0.0000	0.0000	31.2500	55.0000	739514.493327
12.5575	0.0000	0.0000	31.2500	55.0000	739514.493327
12.6578	0.0000	0.0000	31.2500	55.0000	739514.493327
12.7744	0.0000	0.0000	31.2500	55.0000	739514.493327
12.8745	0.0000	0.0000	31.2500	55.0000	739514.493327
12.9747	0.0000	0.0000	31.2500	55.0000	739514.493327
13.0748	0.0000	0.0000	31.2500	55.0000	739514.493327
13.1748	0.0000	0.0000	31.2500	55.0000	739514.493327
13.2750	0.0000	0.0000	31.2500	55.0000	739514.493327
13.3918	0.0000	0.0000	31.2500	55.0000	739514.493327
13.5086	0.0000	0.0000	31.2500	55.0000	739514.493327
13.6252	0.0000	0.0000	31.2500	55.0000	739514.493327
13.7420	0.0000	0.0000	31.2500	55.0000	739514.493327
13.8421	0.0000	0.0000	31.2500	55.0000	739514.493327
13.9423	0.0000	0.0000	31.2500	55.0000	739514.493327
14.0592	0.0000	0.0000	31.2500	55.0000	739514.493327
14.1758	0.0000	0.0000	31.2500	55.0000	739514.493327
14.2759	0.0000	0.0000	31.2500	55.0000	739514.493327
14.3926	0.0000	0.0000	31.2500	55.0000	739514.493327
14.4927	0.0000	0.0000	31.2500	55.0000	739514.493327
14.6095	0.0000	0.0000	31.2500	55.0000	739514.493327
14.7263	0.0000	0.0000	31.2500	55.0000	739514.493327
14.8264	0.0000	0.0000	31.2500	55.0000	739514.493327
14.9431	0.0000	0.0000	31.2500	55.0000	739514.493327
15.0598	0.0000	0.0000	31.2500	55.0000	739514.493327
15.1767	0.0000	0.0000	31.2500	55.0000	739514.493327
15.2934	0.0000	0.0000	31.2500	55.0000	739514.493327
15.4101	0.0000	0.0000	31.2500	55.0000	739514.493327
15.5102	0.0000	0.0000	31.2500	55.0000	739514.493327
15.6103	0.0000	0.0000	31.2500	55.0000	739514.493327
15.7105	0.0000	0.0000	31.2500	55.0000	739514.493327
15.8272	0.0000	0.0000	31.2500	55.0000	739514.493327
15.9440	0.0000	0.0000	31.2500	55.0000	739514.493327
16.0441	0.0000	0.0000	31.2500	55.0000	739514.493327
16.1609	0.0000	0.0000	31.2500	55.0000	739514.493327
16.2776	0.0000	0.0000	31.2500	55.0000	739514.493327
16.3777	0.0000	0.0000	31.2500	55.0000	739514.493327
16.4944	0.0000	0.0000	31.2500	55.0000	739514.493327
16.5945	0.0000	0.0000	31.2500	55.0000	739514.493327
16.6946	0.0000	0.0000	31.2500	55.0000	739514.493327
16.7950	0.0000	0.0000	31.2500	55.0000	739514.493327
16.9115	0.0000	0.0000	31.2500	55.0000	739514.493327
17.0119	0.0000	0.0000	31.2500	55.0000	739514.493327
17.1283	0.0000	0.0000	31.2500	55.0000	739514.493327
17.2450	0.0000	0.0000	31.2500	55.0000	739514.493327
17.3453	0.0000	0.0000	31.2500	55.0000	739514.493327
17.4619	0.0000	0.0000	31.2500	55.0000	739514.493327
17.5621	0.0000	0.0000	31.2500	55.0000	739514.493327
17.6788	0.0000	0.0000	31.2500	55.0000	739514.493327
17.7956	0.0000	0.0000	31.2500	55.0000	739514.493327
17.8957	0.0000	0.0000	31.2500	55.0000	739514.493327
18.0124	0.0000	0.0000	31.2500	55.0000	739514.493327
18.1127	0.0000	0.0000	31.2500	55.0000	739514.493327
18.2293	0.0000	0.0000	31.2500	55.0000	739514.493327
18.3294	0.0000	0.0000	31.2500	55.0000	739514.493327
18.4297	0.0000	0.0000	31.2500	55.0000	739514.493327
18.5463	0.0000	0.0000	31.2500	55.0000	739514.493327
18.6631	0.0000	0.0000	31.2500	55.0000	739514.493327
18.7797	0.0000	0.0000	31.2500	55.0000	739514.493327
18.8967	0.0000	0.0000	31.2500	55.0000	739514.493327
18.9969	0.0000	0.0000	31.2500	55.0000	739514.493327
19.1136	0.0000	0.0000	31.2500	55.0000	739514.493327
19.2137	0.0000	0.0000	31.2500	55.0000	739514.493327
19.3304	0.0000	0.0000	31.2500	55.0000	739514.493327
19.4472	0.0000	0.0000	31.2500	55.0000	739514.493327
19.5472	0.0000	0.0000	31.2500	55.0000	739514.493327
19.6638	0.0000	0.0000	31.2500	55.0000	739514.493327
19.7641	0.0000	0.0000	31.2500	55.0000	739514.493327
19.8808	0.0000	0.0000	31.2500	55.0000	739514.493327
19.9976	0.0000	0.0000	31.2500	55.0000	739514.493327
20.1143	0.0000	0.0000	31.2500	55.0000	739514.493327
20.2144	0.0000	0.0000	31.2500	55.0000	739514.493327
20.3145	0.0000	0.0000	31.2500	55.0000	739514.493327
20.4313	0.0000	0.0000	31.2500	55.0000	739514.493327
20.5479	0.0000	0.0000	31.2500	55.0000	739514.493327
20.6480	0.0000	0.0000	31.2500	55.0000	739514.493327
20.7482	0.0000	0.0000	31.2500	55.0000	739514.493327
20.8482	0.0000	0.0000	31.2500	55.0000	739514.493327
20.9483	0.0000	0.0000	31.2500	55.0000	739514.493327
21.0484	0.0000	0.0000	31.2500	55.0000	739514.493327
21.1485	0.0000	0.0000	31.2500	55.0000	739514.493327
21.2677	0.0000	0.0000	31.2500	55.0000	739514.493327
21.3821	0.0000	0.0000	31.2500	55.0000	739514.493327
21.4987	0.0000	0.0000	31.2500	55.0000	739514.493327
21.5989	0.0000	0.0000	31.2500	55.0000	739514.493327
21.6990	0.0000	0.0000	31.2500	55.0000	739514.493327
21.8157	0.0000	0.0000	31.2500	55.0000	739514.493327
21.9158	0.0000	0.0000	31.2500	55.0000	739514.493327
22.0159	0.0000	0.0000	31.2500	55.0000	739514.493327
22.1160	0.0000	0.0000	31.2500	55.0000	739514.493327
22.2328	0.0000	0.0000	31.2500	55.0000	739514.493327
22.3329	0.0000	0.0000	31.2500	55.0000	739514.493327
22.4329	0.0000	0.0000	31.2500	55.0000	739514.493327
22.5331	0.0000	0.0000	31.2500	55.0000	739514.493327
22.6333	0.0000	0.0000	31.2500	55.0000	739514.493327
22.7499	0.0000	0.0000	31.2500	55.0000	739514.493327
22.8500	0.0000	0.0000	31.2500	55.0000	739514.493327
22.9668	0.0000	0.0000	31.2500	55.0000	739514.493327
23.0670	0.0000	0.0000	31.2500	55.0000	739514.493327
23.1838	0.0000	0.0000	31.2500	55.0000	739514.493327
23.2847	0.0000	0.0000	31.2500	55.0000	739514.493327
23.4006	0.0000	0.0000	31.2500	55.0000	739514.493327
23.5010	0.0000	0.0000	31.2500	55.0000	739514.493327
23.6174	0.0000	0.0000	31.2500	55.0000	739514.493327
23.7176	0.0000	0.0000	31.2500	55.0000	739514.493327
23.8343	0.0000	0.0000	31.2500	55.0000	739514.493327
23.9509	0.0000	0.0000	31.2500	55.0000	739514.493327
24.0512	0.0000	0.0000	31.2500	55.0000	739514.493327
24.1679	0.0000	0.0000	31.2500	55.0000	739514.493327
24.2681	0.0000	0.0000	31.2500	55.0000	739514.493327
24.3683	0.0000	0.0000	31.2500	55.0000	739514.493327
24.4850	0.0000	0.0000	31.2500	55.0000	739514.493327
24.6016	0.0000	0.0000	31.2500	55.0000	739514.493327
24.7017	0.0000	0.0000	31.2500	55.0000	739514.493327
24.8018	0.0000	0.0000	31.2500	55.0000	739514.493327
24.9185	0.0000	0.0000	31.2500	55.0000	739514.493327
25.0187	0.0000	0.0000	31.2500	55.0000	739514.493327
25.1354	0.0000	0.0000	31.2500	55.0000	739514.493327
25.2356	0.0000	0.0000	31.2500	55.0000	739514.493327
25.3522	0.0000	0.0000	31.2500	55.0000	739514.493327
25.4691	0.0000	0.0000	31.2500	55.0000	739514.493327
25.5858	0.0000	0.0000	31.2500	55.0000	739514.493327
25.6859	0.0000	0.0000	31.2500	55.0000	739514.493327
25.7861	0.0000	0.0000	31.2500	55.0000	739514.493327
25.9027	0.0000	0.0000	31.2500	55.0000	739514.493327
26.0028	0.0000	0.0000	31.2500	55.0000	739514.493327
26.1029	0.0000	0.0000	31.2500	55.0000	739514.493327
26.2031	0.0000	0.0000	31.2500	55.0000	739514.493327
26.3197	0.0000	0.0000	31.2500	55.0000	739514.493327
26.4198	0.0000	0.0000	31.2500	55.0000	739514.493327
26.5199	0.0000	0.0000	31.2500	55.0000	739514.493327
26.6204	0.0000	0.0000	31.2500	55.0000	739514.493327
26.7368	0.0000	0.0000	31.2500	55.0000	739514.493327
26.8371	0.0000	0.0000	31.2500	55.0000	739514.493327
26.9539	0.0000	0.0000	31.2500	55.0000	739514.493327
27.0704	0.0000	0.0000	31.2500	55.0000	739514.493327
27.1705	0.0000	0.0000	31.2500	55.0000	739514.493327
27.2737	0.0000	0.0000	31.2500	55.0000	739514.493327
27.3953	0.0000	0.0000	31.2500	55.0000	739514.493327
27.5356	0.0000	0.0000	31.2500	55.0000	739514.493327
27.7125	0.0000	0.0000	31.2500	55.0000	739514.493327
27.8361	0.0000	0.0000	31.2500	55.0000	739514.493327
27.9527	0.0000	0.0000	31.2500	55.0000	739514.493327
28.0528	0.0000	0.0000	31.2500	55.0000	739514.493327
28.1536	0.0000	0.0000	31.2500	55.0000	739514.493327
28.2702	0.0000	0.0000	31.2500	55.0000	739514.493327
28.3704	0.0000	0.0000	31.2500	55.0000	739514.493327
28.4871	0.0000	0.0000	31.2500	55.0000	739514.493327
28.6039	0.0000	0.0000	31.2500	55.0000	739514.493327
28.7041	0.0000	0.0000	31.2500	55.0000	739514.493327
28.8208	0.0000	0.0000	31.2500	55.0000	739514.493327
28.9374	-0.0513	0.0311	31.2500	55.0000	739514.493327
29.0377	-0.2052	0.1245	31.2500	55.0000	739514.493327
29.1543	-0.2052	0.1245	31.2500	55.0000	739514.493327
29.2544	-0.2052	0.1245	31.2500	55.0000	739514.493327
29.3545	-0.2052	0.1245	31.2500	55.0000	739514.493327
29.4546	-0.2052	0.1245	31.2500	55.0000	739514.493327
29.5714	-0.3591	0.2179	31.2500	55.0000	739514.493327
29.6715	-0.5129	0.3113	31.2500	55.0000	739514.493327
29.7882	-0.6925	0.4202	31.2500	55.0000	739514.493327
29.8883	-0.8464	0.5136	31.2500	55.0000	739514.493327
29.9884	-1.0002	0.6070	31.2500	55.0000	739514.493327
30.1051	-1.1798	0.7159	31.2500	55.0000	739514.493327
30.2052	-1.3337	0.8093	31.2500	55.0000	739514.493327
30.3054	-1.4875	0.9027	31.2500	55.0000	739514.493327
30.4222	-1.6671	1.0116	31.2500	55.0000	739514.493327
30.5223	-1.8210	1.1050	31.2500	55.0000	739514.493327
30.6225	-1.9748	1.1984	31.2500	55.0000	739514.493327
30.7391	-2.1544	1.3073	31.2500	55.0000	739514.493327
30.8560	-2.3339	1.4163	31.2500	55.0000	739514.493327
30.9726	-2.5134	1.5252	31.2500	55.0000	739514.493327
31.0893	-2.5647	1.5563	31.2500	55.0000	739514.493327
31.1895	-2.5647	1.5563	31.2500	55.0000	739514.493327
31.2896	-2.5647	1.5563	36.2500	55.0000	739514.493327
31.3897	-2.5647	1.5563	43.7500	55.0000	739514.493327
31.5064	-2.5647	1.5563	52.5000	55.0000	739514.493327
31.6065	-2.5647	1.5563	60.0000	55.0000	739514.493327
31.7066	-2.5647	1.5563	67.5000	55.0000	739514.493327
31.8067	-2.5647	1.5563	75.0000	55.0000	739514.493327
31.9235	-2.5647	1.5563	81.2500	55.0000	739514.493327
32.0236	-2.5647	1.5563	81.2500	55.0000	739514.493327
32.1404	-2.5647	1.5563	81.2500	55.0000	739514.493327
32.2572	-2.5647	1.5563	81.2500	55.0000	739514.493327
32.3738	-2.5647	1.5563	81.2500	55.0000	739514.493327
32.4740	-2.5647	1.5563	81.2500	55.0000	739514.493327
32.5908	-2.5647	1.5563	81.2500	55.0000	739514.493327
32.6909	-2.5647	1.5563	81.2500	55.0000	739514.493327
32.8075	-2.5647	1.5563	81.2500	55.0000	739514.493327
32.9076	-2.5647	1.5563	81.2500	55.0000	739514.493327
33.0078	-2.5647	1.5563	81.2500	55.0000	739514.493327
33.1078	-2.5647	1.5563	87.5000	55.0000	739514.493327
33.2245	-2.5647	1.5563	96.2500	55.0000	739514.493327
33.3246	-2.5647	1.5563	103.7500	55.0000	739514.493327
33.4414	-2.5647	1.5563	106.2500	55.0000	739514.493327
33.5582	-2.5647	1.5563	106.2500	55.0000	739514.493327
33.6586	-2.5647	1.5563	106.2500	55.0000	739514.493327
33.7750	-2.5647	1.5563	106.2500	55.0000	739514.493327
33.8917	-2.5647	1.5563	106.2500	55.0000	739514.493327
33.9919	-2.5647	1.5563	106.2500	55.0000	739514.493327
34.0922	-2.5647	1.5563	106.2500	55.0000	739514.493327
34.2088	-2.5647	1.5563	102.5000	55.0000	739514.493327
34.3255	-2.5647	1.5563	93.7500	55.0000	739514.493327
34.4423	-2.5647	1.5563	85.0000	55.0000	739514.493327
34.5424	-2.5647	1.5563	77.5000	55.0000	739514.493327
34.6426	-2.5647	1.5563	70.0000	55.0000	739514.493327
34.7592	-2.5647	1.5563	61.2500	55.0000	739514.493327
34.8594	-2.5647	1.5563	53.7500	55.0000	739514.493327
34.9761	-2.5647	1.5563	45.0000	55.0000	739514.493327
35.0765	-2.5647	1.5563	37.5000	55.0000	739514.493327
35.1930	-2.5647	1.5563	28.7500	55.0000	739514.493327
35.2931	-2.5647	1.5563	21.2500	55.0000	739514.493327
35.4098	-2.5647	1.5563	12.5000	55.0000	739514.493327
35.5099	-2.5647	1.5563	5.0000	55.0000	739514.493327
35.6267	-2.5647	1.5563	-3.7500	55.0000	739514.493327
35.7435	-2.5647	1.5563	-12.5000	55.0000	739514.493327
35.8437	-2.5647	1.5563	-20.0000	55.0000	739514.493327
35.9438	-2.5647	1.5563	-27.5000	55.0000	739514.493327
36.0604	-2.5647	1.5563	-36.2500	55.0000	739514.493327
36.1772	-2.5647	1.5563	-45.0000	55.0000	739514.493327
36.2773	-2.5647	1.5563	-52.5000	55.0000	739514.493327
36.3774	-2.5647	1.5563	-60.0000	55.0000	739514.493327
36.4942	-2.5647	1.5563	-68.7500	55.0000	739514.493327
36.6109	-2.5647	1.5563	-77.5000	55.0000	739514.493327
36.7110	-2.5647	1.5563	-85.0000	55.0000	739514.493327
36.8278	-2.5647	1.5563	-93.7500	55.0000	739514.493327
36.9280	-2.5647	1.5563	-101.2500	55.0000	739514.493327
37.0448	-2.5647	1.5563	-110.0000	55.0000	739514.493327
37.1615	-2.5647	1.5563	-118.7500	55.0000	739514.493327
37.2781	-2.5647	1.5563	-125.0000	55.0000	739514.493327
37.3784	-2.5647	1.5563	-125.0000	55.0000	739514.493327
37.4950	-2.5647	1.5563	-125.0000	55.0000	739514.493327
37.5952	-2.4615	1.4089	-125.0000	55.0000	739514.493327
37.7118	-2.3410	1.2369	-125.0000	55.0000	739514.493327
37.8120	-2.2326	1.0933	-130.0000	55.0000	739514.493327
37.9289	-2.0842	0.9450	-138.7500	55.0000	739514.493327
38.0456	-1.9150	0.8209	-147.5000	55.0000	739514.493327
38.1623	-1.7289	0.7240	-156.2500	55.0000	739514.493327
38.2790	-1.5308	0.6547	-162.5000	55.0000	739514.493327
38.3794	-1.3591	0.6006	-162.5000	55.0000	739514.493327
38.4959	-1.1589	0.5375	-162.5000	55.0000	739514.493327
38.5961	-0.9872	0.4833	-162.5000	55.0000	739514.493327
38.6962	-0.8155	0.4292	-162.5000	55.0000	739514.493327
38.8129	-0.6737	0.3804	-156.2500	55.0000	739514.493327
38.9130	-0.6737	0.3804	-148.7500	55.0000	739514.493327
39.0133	-0.6737	0.3804	-141.2500	55.0000	739514.493327
39.1306	-0.6737	0.3804	-132.5000	55.0000	739514.493327
39.2476	-0.6737	0.3804	-125.0000	55.0000	739514.493327
39.3635	-0.7937	0.5528	-123.7500	55.0000	739514.493327
39.4641	-0.8548	0.6560	-116.2500	55.0000	739514.493327
39.5803	-0.8548	0.6560	-107.5000	55.0000	739514.493327
39.6809	-0.8548	0.6560	-100.0000	55.0000	739514.493327
39.7977	-0.8548	0.6560	-91.2500	55.0000	739514.493327
39.9138	-0.8548	0.6560	-82.5000	55.0000	739514.493327
40.0140	-0.8548	0.6560	-75.0000	55.0000	739514.493327
40.1143	-0.8548	0.6560	-67.5000	55.0000	739514.493327
40.2307	-0.8548	0.6560	-58.7500	55.0000	739514.493327
40.3308	-0.8548	0.6560	-51.2500	55.0000	739514.493327
40.4309	-0.8548	0.6560	-43.7500	55.0000	739514.493327
40.5477	-0.8548	0.6560	-35.0000	55.0000	739514.493327
40.6645	-0.8548	0.6560	-26.2500	55.0000	739514.493327
40.7647	-0.8548	0.6560	-18.7500	55.0000	739514.493327
40.8814	-0.8548	0.6560	-10.0000	55.0000	739514.493327
40.9981	-0.8548	0.6560	-1.2500	55.0000	739514.493327
41.0985	-0.8548	0.6560	6.2500	55.0000	739514.493327
41.2149	-0.8548	0.6560	15.0000	55.0000	739514.493327
41.3169	-0.8548	0.6560	22.5000	55.0000	739514.493327
41.4318	-0.8548	0.6560	31.2500	55.0000	739514.493327
41.5320	-0.8548	0.6560	38.7500	55.0000	739514.493327
41.6488	-0.9007	0.6946	40.0000	55.0000	739514.493327
41.7654	-1.0616	0.8296	40.0000	55.0000	739514.493327
41.8655	-1.1995	0.9453	40.0000	55.0000	739514.493327
41.9657	-1.3374	1.0610	40.0000	55.0000	739514.493327
42.0825	-1.4982	1.1959	40.0000	55.0000	739514.493327
42.1991	-1.6591	1.3309	40.0000	55.0000	739514.493327
42.2993	-1.7970	1.4466	40.0000	55.0000	739514.493327
42.4160	-1.9579	1.5816	40.0000	55.0000	739514.493327
42.5163	-2.0958	1.6973	40.0000	55.0000	739514.493327
42.6328	-2.2566	1.8323	40.0000	55.0000	739514.493327
42.7498	-2.3243	1.8916	47.5000	55.0000	739514.493327
42.8664	-2.3243	1.8916	56.2500	55.0000	739514.493327
42.9666	-2.3243	1.8916	63.7500	55.0000	739514.493327
43.0833	-2.3243	1.8916	72.5000	55.0000	739514.493327
43.1834	-2.3243	1.8916	80.0000	55.0000	739514.493327
43.3000	-2.3243	1.8916	88.7500	55.0000	739514.493327
43.4003	-2.3243	1.8916	96.2500	55.0000	739514.493327
43.5170	-2.3067	1.9799	101.2500	55.0000	739514.493327
43.6172	-2.2716	2.1564	101.2500	55.0000	739514.493327
43.7339	-2.2306	2.3624	101.2500	55.0000	739514.493327
43.8506	-2.1890	2.5682	102.5000	55.0000	739514.493327
43.9507	-2.1890	2.5682	110.0000	55.0000	739514.493327
44.0674	-2.1890	2.5682	118.7500	55.0000	739514.493327
44.1676	-2.1740	2.5942	120.0000	55.0000	739514.493327
44.2844	-2.0690	2.7761	120.0000	55.0000	739514.493327
44.3847	-1.9790	2.9320	120.0000	55.0000	739514.493327
44.5012	-1.8740	3.1138	120.0000	55.0000	739514.493327
44.6180	-1.7690	3.2957	120.0000	55.0000	739514.493327
44.7348	-1.6657	3.4785	117.5000	55.0000	739514.493327
44.8349	-1.5951	3.6439	110.0000	55.0000	739514.493327
44.9350	-1.5467	3.8172	102.5000	55.0000	739514.493327
45.0352	-1.5212	3.9952	95.0000	55.0000	739514.493327
45.1353	-1.5193	4.1751	87.5000	55.0000	739514.493327
45.2354	-1.5408	4.3537	80.0000	55.0000	739514.493327
45.3354	-1.5855	4.5279	72.5000	55.0000	739514.493327
45.4521	-1.6162	4.6125	63.7500	55.0000	739514.493327
45.5522	-1.6162	4.6125	56.2500	55.0000	739514.493327
45.6523	-1.6162	4.6125	48.7500	55.0000	739514.493327
45.7524	-1.6162	4.6125	41.2500	55.0000	739514.493327
45.8526	-1.6162	4.6125	33.7500	55.0000	739514.493327
45.9692	-1.6162	4.6125	25.0000	55.0000	739514.493327
46.0695	-1.6162	4.6125	17.5000	55.0000	739514.493327
46.1696	-1.6162	4.6125	10.0000	55.0000	739514.493327
46.2862	-1.6162	4.6125	3.7500	55.0000	739514.493327
46.3864	-1.7959	4.6243	3.7500	55.0000	739514.493327
46.4866	-1.9755	4.6360	3.7500	55.0000	739514.493327
46.5866	-2.1551	4.6478	3.7500	55.0000	739514.493327
46.6867	-2.3347	4.6596	3.7500	55.0000	739514.493327
46.7868	-2.5143	4.6713	3.7500	55.0000	739514.493327
46.9035	-2.7239	4.6844	2.5000	55.0000	739514.493327
47.0037	-2.9037	4.6785	-5.0000	55.0000	739514.493327
47.1203	-3.1124	4.6557	-6.2500	55.0000	739514.493327
47.2207	-3.2914	4.6361	-6.2500	55.0000	739514.493327
47.3373	-3.5001	4.6132	-6.2500	55.0000	739514.493327
47.4541	-3.7089	4.5904	-6.2500	55.0000	739514.493327
47.5542	-3.8878	4.5708	-6.2500	55.0000	739514.493327
47.6709	-4.0965	4.5479	-6.2500	55.0000	739514.493327
47.7878	-4.3053	4.5250	-6.2500	55.0000	739514.493327
47.9045	-4.5140	4.5022	-6.2500	55.0000	739514.493327
48.0046	-4.6323	4.4827	-12.5000	55.0000	739514.493327
48.1212	-4.8324	4.4196	-21.2500	55.0000	739514.493327
48.2214	-4.9946	4.3418	-28.7500	55.0000	739514.493327
48.3215	-5.1452	4.2435	-36.2500	55.0000	739514.493327
48.4216	-5.2818	4.1264	-43.7500	55.0000	739514.493327
48.5383	-5.4201	3.9686	-52.5000	55.0000	739514.493327
48.6385	-5.5184	3.8180	-60.0000	55.0000	739514.493327
48.7553	-5.6071	3.6278	-68.7500	55.0000	739514.493327
48.8558	-5.6593	3.4557	-76.2500	55.0000	739514.493327
48.9721	-5.6912	3.2483	-85.0000	55.0000	739514.493327
49.0887	-5.6912	3.0385	-93.7500	55.0000	739514.493327
49.1890	-5.6658	2.8605	-101.2500	55.0000	739514.493327
49.2893	-5.6173	2.6873	-108.7500	55.0000	739514.493327
49.4059	-5.5328	2.4952	-117.5000	55.0000	739514.493327
49.5225	-5.4359	2.3089	-117.5000	55.0000	739514.493327
49.6229	-5.3652	2.1435	-110.0000	55.0000	739514.493327
49.7395	-5.3381	2.0577	-101.2500	55.0000	739514.493327
49.8564	-5.3323	1.9679	-92.5000	55.0000	739514.493327
49.9730	-5.3355	1.8180	-83.7500	55.0000	739514.493327
50.0731	-5.3485	1.7594	-77.5000	55.0000	739514.493327
50.1904	-5.3940	1.5544	-77.5000	55.0000	739514.493327
50.3066	-5.4214	1.3464	-86.2500	55.0000	739514.493327
50.4233	-5.4168	1.1367	-95.0000	55.0000	739514.493327
50.5235	-5.3875	0.9592	-102.5000	55.0000	739514.493327
50.6401	-5.3244	0.7591	-111.2500	55.0000	739514.493327
50.7402	-5.2466	0.5969	-118.7500	55.0000	739514.493327
50.8404	-5.1483	0.4463	-126.2500	55.0000	739514.493327
50.9405	-5.0312	0.3098	-133.7500	55.0000	739514.493327
51.0572	-4.8735	0.1714	-142.5000	55.0000	739514.493327
51.1574	-4.8247	0.1365	-150.0000	55.0000	739514.493327
51.2743	-4.8247	0.1365	-158.7500	55.0000	739514.493327
51.3909	-4.8247	0.1365	-167.5000	55.0000	739514.493327
51.5076	-4.8247	0.1365	-176.2500	55.0000	739514.493327
51.6077	-4.8247	0.1365	-183.7500	55.0000	739514.493327
51.7245	-4.8247	0.1365	-192.5000	55.0000	739514.493327
51.8412	-4.8247	0.1365	-201.2500	55.0000	739514.493327
51.9415	-4.8247	0.1365	-208.7500	55.0000	739514.493327
52.0581	-4.8247	0.1365	-217.5000	55.0000	739514.493327
52.1583	-4.8247	0.1365	-225.0000	55.0000	739514.493327
52.2749	-4.8247	0.1365	-233.7500	55.0000	739514.493327
52.3750	-4.8247	0.1365	-241.2500	55.0000	739514.493327
52.4753	-4.8247	0.1365	-248.7500	55.0000	739514.493327
52.5920	-4.8247	0.1365	-257.5000	55.0000	739514.493327
52.7087	-4.8247	0.1365	-266.2500	55.0000	739514.493327
52.8255	-4.8247	0.1365	-272.5000	55.0000	739514.493327
52.9421	-4.8247	0.1365	-272.5000	55.0000	739514.493327
53.0425	-4.8325	0.3163	-272.5000	55.0000	739514.493327
53.1590	-4.8417	0.5261	-272.5000	55.0000	739514.493327
53.2592	-4.8502	0.7059	-273.7500	55.0000	739514.493327
53.3759	-4.8727	0.8545	-282.5000	55.0000	739514.493327
53.4761	-4.8727	0.8545	-290.0000	55.0000	739514.493327
53.5928	-4.8727	0.8545	-298.7500	55.0000	739514.493327
53.6929	-4.8727	0.8545	-306.2500	55.0000	739514.493327
53.7931	-4.8727	0.8545	-313.7500	55.0000	739514.493327
53.9097	-4.8727	0.8545	-320.0000	55.0000	739514.493327
54.0098	-4.9072	0.8738	-320.0000	55.0000	739514.493327
54.1099	-4.9686	0.8539	-320.0000	55.0000	739514.493327
54.2101	-5.0735	0.8976	-320.0000	55.0000	739514.493327
54.3269	-5.2344	1.0326	-320.0000	55.0000	739514.493327
54.4435	-5.3948	1.1681	-318.7500	55.0000	739514.493327
54.5437	-5.4598	1.2303	-311.2500	55.0000	739514.493327
54.6605	-5.4598	1.2303	-302.5000	55.0000	739514.493327
54.7771	-5.4598	1.2303	-293.7500	55.0000	739514.493327
54.8773	-5.4598	1.2303	-286.2500	55.0000	739514.493327
54.9941	-5.4598	1.2303	-277.5000	55.0000	739514.493327
55.0942	-5.4761	1.3794	-276.2500	55.0000	739514.493327
55.2108	-5.4990	1.5882	-276.2500	55.0000	739514.493327
55.3110	-5.5186	1.7671	-276.2500	55.0000	739514.493327
55.4278	-5.5415	1.9759	-276.2500	55.0000	739514.493327
55.5280	-5.5611	2.1548	-276.2500	55.0000	739514.493327
55.6446	-5.5676	2.2144	-272.5000	55.0000	739514.493327
55.7614	-5.5676	2.2144	-263.7500	55.0000	739514.493327
55.8781	-5.5676	2.2144	-263.7500	55.0000	739514.493327
55.9783	-5.5676	2.2144	-263.7500	55.0000	739514.493327
56.0783	-5.5545	2.3337	-263.7500	55.0000	739514.493327
56.1951	-5.5317	2.5425	-263.7500	55.0000	739514.493327
56.2952	-5.5121	2.7214	-263.7500	55.0000	739514.493327
56.4135	-5.4892	2.9301	-263.7500	55.0000	739514.493327
56.5287	-5.4663	3.1389	-263.7500	55.0000	739514.493327
56.6289	-5.4467	3.3178	-263.7500	55.0000	739514.493327
56.7290	-5.4271	3.4968	-263.7500	55.0000	739514.493327
56.8459	-5.4043	3.7055	-263.7500	55.0000	739514.493327
56.9626	-5.3912	3.8248	-263.7500	55.0000	739514.493327
57.0792	-5.3912	3.8248	-263.7500	55.0000	739514.493327
57.1793	-5.3912	3.8248	-263.7500	55.0000	739514.493327
57.2795	-5.3912	3.8248	-263.7500	55.0000	739514.493327
57.3964	-5.3912	3.8248	-260.0000	55.0000	739514.493327
57.5129	-5.3912	3.8248	-251.2500	55.0000	739514.493327
57.6135	-5.3912	3.8248	-243.7500	55.0000	739514.493327
57.7137	-5.3912	3.8248	-236.2500	55.0000	739514.493327
57.8308	-5.3912	3.8248	-227.5000	55.0000	739514.493327
57.9474	-5.3912	3.8248	-223.7500	55.0000	739514.493327
58.0639	-5.3912	3.8248	-223.7500	55.0000	739514.493327
58.1640	-5.3912	3.8248	-223.7500	55.0000	739514.493327
58.2809	-5.3912	3.8248	-223.7500	55.0000	739514.493327
58.3971	-5.3912	3.8248	-232.5000	55.0000	739514.493327
58.4973	-5.3912	3.8248	-233.7500	55.0000	739514.493327
58.6142	-5.3735	3.8490	-233.7500	55.0000	739514.493327
58.7307	-5.2493	4.0183	-233.7500	55.0000	739514.493327
58.8309	-5.1429	4.1635	-233.7500	55.0000	739514.493327
58.9311	-5.1074	4.2119	-232.5000	55.0000	739514.493327
59.0477	-5.1074	4.2119	-223.7500	55.0000	739514.493327
59.1644	-5.1074	4.2119	-216.2500	55.0000	739514.493327
59.2645	-5.1074	4.2119	-216.2500	55.0000	739514.493327
59.3811	-5.1074	4.2119	-216.2500	55.0000	739514.493327
59.4814	-5.1074	4.2119	-216.2500	55.0000	739514.493327
59.5815	-5.1074	4.2119	-208.7500	55.0000	739514.493327
59.6817	-5.1074	4.2119	-201.2500	55.0000	739514.493327
59.7983	-5.1074	4.2119	-192.5000	55.0000	739514.493327
59.9151	-5.1074	4.2119	-183.7500	55.0000	739514.493327
60.0323	-5.0774	4.2132	-182.5000	55.0000	739514.493327
60.1486	-4.8676	4.2224	-182.5000	55.0000	739514.493327
60.2487	-4.6878	4.2302	-182.5000	55.0000	739514.493327
60.3655	-4.4780	4.2394	-182.5000	55.0000	739514.493327
60.4656	-4.2982	4.2472	-182.5000	55.0000	739514.493327
60.5656	-4.1196	4.2688	-190.0000	55.0000	739514.493327
60.6658	-3.9437	4.3071	-192.5000	55.0000	739514.493327
60.7825	-3.7387	4.3525	-192.5000	55.0000	739514.493327
60.8827	-3.5630	4.3915	-192.5000	55.0000	739514.493327
60.9994	-3.3579	4.4369	-192.5000	55.0000	739514.493327
61.1161	-3.1529	4.4824	-192.5000	55.0000	739514.493327
61.2162	-2.9764	4.5175	-188.7500	55.0000	739514.493327
61.3331	-2.7671	4.5312	-180.0000	55.0000	739514.493327
61.4332	-2.5877	4.5175	-172.5000	55.0000	739514.493327
61.5514	-2.4093	4.4940	-172.5000	55.0000	739514.493327
61.6667	-2.4093	4.4940	-165.0000	55.0000	739514.493327
61.7668	-2.4093	4.4940	-157.5000	55.0000	739514.493327
61.8669	-2.4093	4.4940	-150.0000	55.0000	739514.493327
61.9836	-2.4093	4.4940	-141.2500	55.0000	739514.493327
62.0838	-2.4093	4.4940	-140.0000	55.0000	739514.493327
62.2005	-2.3403	4.4361	-140.0000	55.0000	739514.493327
62.3172	-2.1795	4.3012	-140.0000	55.0000	739514.493327
62.4173	-2.0416	4.1855	-140.0000	55.0000	739514.493327
62.5341	-1.8908	4.0743	-140.0000	55.0000	739514.493327
62.6342	-1.7529	3.9586	-140.0000	55.0000	739514.493327
62.7510	-1.6150	3.8429	-140.0000	55.0000	739514.493327
62.8514	-1.6150	3.8429	-135.0000	55.0000	739514.493327
62.9679	-1.6150	3.8429	-127.5000	55.0000	739514.493327
63.0681	-1.6150	3.8429	-127.5000	55.0000	739514.493327
63.1847	-1.5420	3.7477	-127.5000	55.0000	739514.493327
63.3015	-1.4141	3.5811	-127.5000	55.0000	739514.493327
63.4016	-1.3046	3.4383	-127.5000	55.0000	739514.493327
63.5184	-1.1767	3.2717	-127.5000	55.0000	739514.493327
63.6350	-1.1418	3.2229	-118.7500	55.0000	739514.493327
63.7351	-1.1418	3.2229	-111.2500	55.0000	739514.493327
63.8519	-1.1418	3.2229	-102.5000	55.0000	739514.493327
63.9520	-1.1418	3.2229	-95.0000	55.0000	739514.493327
64.0521	-1.1418	3.2229	-87.5000	55.0000	739514.493327
64.1691	-1.1418	3.2229	-78.7500	55.0000	739514.493327
64.2856	-1.1418	3.2229	-70.0000	55.0000	739514.493327
64.4024	-1.1418	3.2229	-61.2500	55.0000	739514.493327
64.5025	-1.1418	3.2229	-53.7500	55.0000	739514.493327
64.6028	-1.1418	3.2229	-46.2500	55.0000	739514.493327
64.7194	-1.1418	3.2229	-37.5000	55.0000	739514.493327
64.8196	-1.1418	3.2229	-31.2500	55.0000	739514.493327
64.9362	-1.2700	3.1451	-31.2500	55.0000	739514.493327
65.0529	-1.4495	3.0361	-31.2500	55.0000	739514.493327
65.1532	-1.6034	2.9427	-31.2500	55.0000	739514.493327
65.2698	-1.7830	2.8338	-31.2500	55.0000	739514.493327
65.3700	-1.9368	2.7404	-31.2500	55.0000	739514.493327
65.4868	-2.1110	2.6233	-37.5000	55.0000	739514.493327
65.5868	-2.2449	2.5032	-45.0000	55.0000	739514.493327
65.7036	-2.3797	2.3425	-53.7500	55.0000	739514.493327
65.8203	-2.4886	2.1632	-62.5000	55.0000	739514.493327
65.9204	-2.4886	2.1632	-70.0000	55.0000	739514.493327
66.0373	-2.4886	2.1632	-78.7500	55.0000	739514.493327
66.1540	-2.4886	2.1632	-87.5000	55.0000	739514.493327
66.2543	-2.4886	2.1632	-95.0000	55.0000	739514.493327
66.3708	-2.4886	2.1632	-103.7500	55.0000	739514.493327
66.4710	-2.4886	2.1632	-111.2500	55.0000	739514.493327
66.5877	-2.4886	2.1632	-115.0000	55.0000	739514.493327
66.6899	-2.4886	2.1632	-115.0000	55.0000	739514.493327
66.8046	-2.4886	2.1632	-115.0000	55.0000	739514.493327
66.9213	-2.4886	2.1632	-115.0000	55.0000	739514.493327
67.0381	-2.4886	2.1632	-115.0000	55.0000	739514.493327
67.1383	-2.4886	2.1632	-115.0000	55.0000	739514.493327
67.2549	-2.4886	2.1632	-115.0000	55.0000	739514.493327
67.3551	-2.4886	2.1632	-115.0000	55.0000	739514.493327
67.4721	-2.4886	2.1632	-115.0000	55.0000	739514.493327
67.5886	-2.4886	2.1632	-115.0000	55.0000	739514.493327
67.6888	-2.4886	2.1632	-115.0000	55.0000	739514.493327
67.7889	-2.4886	2.1632	-115.0000	55.0000	739514.493327
67.9055	-2.4886	2.1632	-115.0000	55.0000	739514.493327
68.0057	-2.4886	2.1632	-115.0000	55.0000	739514.493327
68.1224	-2.4886	2.1632	-115.0000	55.0000	739514.493327
68.2393	-2.4886	2.1632	-115.0000	55.0000	739514.493327
68.3559	-2.5520	2.2991	-115.0000	55.0000	739514.493327
68.4727	-2.6407	2.4894	-115.0000	55.0000	739514.493327
68.5893	-2.7295	2.6798	-115.0000	55.0000	739514.493327
68.6897	-2.8056	2.8429	-115.0000	55.0000	739514.493327
68.7898	-2.8816	3.0060	-115.0000	55.0000	739514.493327
68.9063	-2.9577	3.1692	-115.0000	55.0000	739514.493327
69.0067	-2.9577	3.1692	-115.0000	55.0000	739514.493327
69.1233	-2.9577	3.1692	-115.0000	55.0000	739514.493327
69.2242	-2.9577	3.1692	-115.0000	55.0000	739514.493327
69.3402	-2.9577	3.1692	-115.0000	55.0000	739514.493327
69.4569	-2.9577	3.1692	-115.0000	55.0000	739514.493327
69.5571	-2.9577	3.1692	-110.0000	55.0000	739514.493327
69.6572	-2.9577	3.1692	-102.5000	55.0000	739514.493327
69.7739	-2.9577	3.1692	-93.7500	55.0000	739514.493327
69.8740	-2.9577	3.1692	-86.2500	55.0000	739514.493327
69.9907	-2.9577	3.1692	-77.5000	55.0000	739514.493327
70.0908	-2.9577	3.1692	-70.0000	55.0000	739514.493327
70.1909	-2.9577	3.1692	-62.5000	55.0000	739514.493327
70.3076	-2.9577	3.1692	-53.7500	55.0000	739514.493327
70.4078	-2.9577	3.1692	-46.2500	55.0000	739514.493327
70.5245	-2.9577	3.1692	-37.5000	55.0000	739514.493327
70.6246	-2.9577	3.1692	-30.0000	55.0000	739514.493327
70.7413	-2.9577	3.1692	-21.2500	55.0000	739514.493327
70.8415	-2.9577	3.1692	-13.7500	55.0000	739514.493327
70.9583	-2.9577	3.1692	-5.0000	55.0000	739514.493327
71.0584	-2.9577	3.1692	-2.5000	55.0000	739514.493327
71.1752	-2.9577	3.1692	-2.5000	55.0000	739514.493327
71.2919	-2.9577	3.1692	-2.5000	55.0000	739514.493327
71.4086	-3.1375	3.1613	-2.5000	55.0000	739514.493327
71.5254	-3.3473	3.1521	-2.5000	55.0000	739514.493327
71.6422	-3.5571	3.1430	-2.5000	55.0000	739514.493327
71.7438	-3.6770	3.1378	-2.5000	55.0000	739514.493327
71.8589	-3.6770	3.1378	-2.5000	55.0000	739514.493327
71.9590	-3.6770	3.1378	-2.5000	55.0000	739514.493327
72.0592	-3.6770	3.1378	-2.5000	55.0000	739514.493327
72.1763	-3.6770	3.1378	-2.5000	55.0000	739514.493327
72.2927	-3.6770	3.1378	3.7500	55.0000	739514.493327
72.3928	-3.6770	3.1378	7.5000	55.0000	739514.493327
72.4930	-3.6770	3.1378	7.5000	55.0000	739514.493327
72.6097	-3.7365	3.1456	7.5000	55.0000	739514.493327
72.7264	-3.9447	3.1730	7.5000	55.0000	739514.493327
72.8431	-4.1529	3.2004	7.5000	55.0000	739514.493327
72.9434	-4.1826	3.2043	7.5000	55.0000	739514.493327
73.0599	-4.1826	3.2043	0.0000	55.0000	739514.493327
73.1600	-4.1826	3.2043	-7.5000	55.0000	739514.493327
73.2603	-4.1826	3.2043	-15.0000	55.0000	739514.493327
73.3769	-4.1826	3.2043	-23.7500	55.0000	739514.493327
73.4771	-4.1826	3.2043	-26.2500	55.0000	739514.493327
73.5938	-4.1826	3.2043	-26.2500	55.0000	739514.493327
73.6941	-4.1826	3.2043	-26.2500	55.0000	739514.493327
73.8108	-4.1826	3.2043	-26.2500	55.0000	739514.493327
73.9110	-4.1826	3.2043	-26.2500	55.0000	739514.493327
74.0276	-4.1826	3.2043	-26.2500	55.0000	739514.493327
74.1277	-4.3441	3.1247	-26.2500	55.0000	739514.493327
74.2279	-4.5055	3.0451	-26.2500	55.0000	739514.493327
74.3445	-4.6939	2.9522	-26.2500	55.0000	739514.493327
74.4446	-4.8553	2.8726	-26.2500	55.0000	739514.493327
74.5614	-4.9898	2.8063	-26.2500	55.0000	739514.493327
74.6615	-4.9898	2.8063	-21.2500	55.0000	739514.493327
74.7782	-4.9898	2.8063	-12.5000	55.0000	739514.493327
74.8949	-4.9898	2.8063	-3.7500	55.0000	739514.493327
74.9951	-4.9898	2.8063	3.7500	55.0000	739514.493327
75.1118	-4.9898	2.8063	12.5000	55.0000	739514.493327
75.2121	-4.9898	2.8063	20.0000	55.0000	739514.493327
75.3286	-4.9898	2.8063	28.7500	55.0000	739514.493327
75.4289	-4.9898	2.8063	36.2500	55.0000	739514.493327
75.5455	-4.9898	2.8063	45.0000	55.0000	739514.493327
75.6459	-4.9898	2.8063	52.5000	55.0000	739514.493327
75.7627	-4.9898	2.8063	61.2500	55.0000	739514.493327
75.8791	-4.9898	2.8063	70.0000	55.0000	739514.493327
75.9793	-4.9898	2.8063	71.2500	55.0000	739514.493327
76.0795	-4.9898	2.8063	71.2500	55.0000	739514.493327
76.1962	-4.9898	2.8063	71.2500	55.0000	739514.493327
76.2963	-4.9898	2.8063	71.2500	55.0000	739514.493327
76.4134	-4.9898	2.8063	71.2500	55.0000	739514.493327
76.5301	-4.9898	2.8063	71.2500	55.0000	739514.493327
76.6465	-4.9898	2.8063	71.2500	55.0000	739514.493327
76.7469	-4.9898	2.8063	71.2500	55.0000	739514.493327
76.8634	-4.9898	2.8063	71.2500	55.0000	739514.493327
76.9801	-4.9898	2.8063	71.2500	55.0000	739514.493327
77.0802	-4.9898	2.8063	71.2500	55.0000	739514.493327
77.1970	-4.9898	2.8063	71.2500	55.0000	739514.493327
77.3139	-4.9898	2.8063	71.2500	55.0000	739514.493327
77.4305	-4.9898	2.8063	71.2500	55.0000	739514.493327
77.5306	-4.9898	2.8063	71.2500	55.0000	739514.493327
77.6473	-4.9898	2.8063	71.2500	55.0000	739514.493327
77.7475	-4.9898	2.8063	71.2500	55.0000	739514.493327
77.8476	-4.9898	2.8063	71.2500	55.0000	739514.493327
77.9646	-4.9898	2.8063	71.2500	55.0000	739514.493327
78.0810	-4.9898	2.8063	71.2500	55.0000	739514.493327
78.1812	-4.9898	2.8063	71.2500	55.0000	739514.493327
78.2813	-4.9898	2.8063	70.0000	55.0000	739514.493327
78.3980	-4.9898	2.8063	61.2500	55.0000	739514.493327
78.4982	-4.9898	2.8063	53.7500	55.0000	739514.493327
78.5983	-4.9898	2.8063	46.2500	55.0000	739514.493327
78.7150	-4.9898	2.8063	37.5000	55.0000	739514.493327
78.8151	-4.9898	2.8063	30.0000	55.0000	739514.493327
78.9318	-4.9898	2.8063	21.2500	55.0000	739514.493327
79.0319	-4.9898	2.8063	13.7500	55.0000	739514.493327
79.1320	-4.9898	2.8063	6.2500	55.0000	739514.493327
79.2321	-4.9898	2.8063	-1.2500	55.0000	739514.493327
79.3491	-4.9898	2.8063	-10.0000	55.0000	739514.493327
79.4656	-4.9898	2.8063	-18.7500	55.0000	739514.493327
79.5844	-4.9898	2.8063	-27.5000	55.0000	739514.493327
79.6992	-4.9898	2.8063	-36.2500	55.0000	739514.493327
79.8159	-4.9898	2.8063	-45.0000	55.0000	739514.493327
79.9160	-4.9898	2.8063	-52.5000	55.0000	739514.493327
80.0161	-4.9898	2.8063	-60.0000	55.0000	739514.493327
80.1166	-4.9898	2.8063	-67.5000	55.0000	739514.493327
80.2330	-4.9898	2.8063	-76.2500	55.0000	739514.493327
80.3332	-4.9898	2.8063	-77.5000	55.0000	739514.493327
80.4499	-4.9898	2.8063	-77.5000	55.0000	739514.493327
80.5502	-4.9898	2.8063	-77.5000	55.0000	739514.493327
80.6668	-4.9898	2.8063	-77.5000	55.0000	739514.493327
80.7669	-4.9898	2.8063	-77.5000	55.0000	739514.493327
80.8849	-4.9898	2.8063	-77.5000	55.0000	739514.493327
81.0006	-4.9898	2.8063	-77.5000	55.0000	739514.493327
81.1172	-5.0288	2.6305	-77.5000	55.0000	739514.493327
81.2339	-5.0742	2.4255	-77.5000	55.0000	739514.493327
81.3340	-5.1132	2.2498	-77.5000	55.0000	739514.493327
81.4509	-5.1587	2.0447	-77.5000	55.0000	739514.493327
81.5510	-5.1976	1.8690	-77.5000	55.0000	739514.493327
81.6677	-5.2431	1.6640	-77.5000	55.0000	739514.493327
81.7678	-5.2814	1.4881	-78.7500	55.0000	739514.493327
81.8679	-5.3029	1.3095	-86.2500	55.0000	739514.493327
81.9680	-5.3010	1.1297	-93.7500	55.0000	739514.493327
82.0682	-5.2755	0.9516	-101.2500	55.0000	739514.493327
82.1849	-5.2168	0.7502	-110.0000	55.0000	739514.493327
82.3016	-5.1282	0.5600	-118.7500	55.0000	739514.493327
82.4017	-5.0815	0.4831	-126.2500	55.0000	739514.493327
82.5184	-5.0815	0.4831	-135.0000	55.0000	739514.493327
82.6353	-5.0815	0.4831	-143.7500	55.0000	739514.493327
82.7520	-5.0815	0.4831	-152.5000	55.0000	739514.493327
82.8521	-5.0815	0.4831	-160.0000	55.0000	739514.493327
82.9688	-5.0815	0.4831	-160.0000	55.0000	739514.493327
83.0857	-5.0815	0.4831	-160.0000	55.0000	739514.493327
83.2023	-5.2506	0.5447	-160.0000	55.0000	739514.493327
83.3026	-5.4198	0.6062	-160.0000	55.0000	739514.493327
83.4192	-5.6171	0.6781	-160.0000	55.0000	739514.493327
83.5197	-5.7862	0.7396	-160.0000	55.0000	739514.493327
83.6361	-5.8708	0.7909	-160.0000	55.0000	739514.493327
83.7362	-5.8708	0.8217	-160.0000	55.0000	739514.493327
83.8364	-5.8708	0.8525	-160.0000	55.0000	739514.493327
83.9530	-5.8708	0.8628	-160.0000	55.0000	739514.493327
84.0531	-5.8708	0.8628	-160.0000	55.0000	739514.493327
84.1698	-5.8708	0.8628	-160.0000	55.0000	739514.493327
84.2700	-5.8708	0.8628	-163.7500	55.0000	739514.493327
84.3868	-5.8708	0.8628	-172.5000	55.0000	739514.493327
84.4869	-5.8708	0.8628	-180.0000	55.0000	739514.493327
84.6037	-5.8708	0.8628	-188.7500	55.0000	739514.493327
84.7038	-5.8708	0.8628	-196.2500	55.0000	739514.493327
84.8205	-5.8708	0.8628	-205.0000	55.0000	739514.493327
84.9207	-5.8708	0.8628	-212.5000	55.0000	739514.493327
85.0373	-5.8708	0.8628	-220.0000	55.0000	739514.493327
85.1375	-5.8708	0.8628	-220.0000	55.0000	739514.493327
85.2542	-5.8708	0.8628	-220.0000	55.0000	739514.493327
85.3709	-5.8708	0.8628	-220.0000	55.0000	739514.493327
85.4712	-5.8708	0.8628	-220.0000	55.0000	739514.493327
85.5879	-5.8708	0.8628	-220.0000	55.0000	739514.493327
85.6880	-5.8708	0.8628	-220.0000	55.0000	739514.493327
85.8047	-5.8708	0.8628	-220.0000	55.0000	739514.493327
85.9215	-5.8708	0.8628	-225.0000	55.0000	739514.493327
86.0382	-5.8708	0.8628	-231.2500	55.0000	739514.493327
86.1383	-5.8708	0.8628	-231.2500	55.0000	739514.493327
86.2384	-5.8708	0.8628	-231.2500	55.0000	739514.493327
86.3552	-5.8708	0.8628	-231.2500	55.0000	739514.493327
86.4718	-5.8333	0.9096	-231.2500	55.0000	739514.493327
86.5719	-5.7206	1.0499	-231.2500	55.0000	739514.493327
86.6721	-5.6079	1.1903	-231.2500	55.0000	739514.493327
86.7888	-5.4765	1.3541	-231.2500	55.0000	739514.493327
86.8889	-5.3638	1.4945	-231.2500	55.0000	739514.493327
87.0058	-5.2324	1.6582	-231.2500	55.0000	739514.493327
87.1224	-5.1009	1.8220	-231.2500	55.0000	739514.493327
87.2227	-5.0446	1.8922	-231.2500	55.0000	739514.493327
87.3228	-5.0446	1.8922	-231.2500	55.0000	739514.493327
87.4394	-5.0446	1.8922	-231.2500	55.0000	739514.493327
87.5562	-5.0446	1.8922	-231.2500	55.0000	739514.493327
87.6563	-5.0446	1.8922	-231.2500	55.0000	739514.493327
87.7733	-5.0446	1.8922	-237.5000	55.0000	739514.493327
87.8734	-5.0446	1.8922	-245.0000	55.0000	739514.493327
87.9899	-5.0446	1.8922	-246.2500	55.0000	739514.493327
88.0900	-5.0446	1.8922	-246.2500	55.0000	739514.493327
88.1902	-5.0446	1.8922	-246.2500	55.0000	739514.493327
88.3067	-5.0446	1.8922	-246.2500	55.0000	739514.493327
88.4069	-5.0446	1.8922	-246.2500	55.0000	739514.493327
88.5236	-5.0446	1.8922	-246.2500	55.0000	739514.493327
88.6237	-5.0808	1.8098	-246.2500	55.0000	739514.493327
88.7238	-5.1533	1.6451	-246.2500	55.0000	739514.493327
88.8239	-5.1896	1.5627	-246.2500	55.0000	739514.493327
88.9241	-5.1896	1.5627	-246.2500	55.0000	739514.493327
89.0409	-5.1896	1.5627	-246.2500	55.0000	739514.493327
89.1409	-5.1896	1.5627	-246.2500	55.0000	739514.493327
89.2576	-5.1896	1.5627	-253.7500	55.0000	739514.493327
89.3578	-5.1896	1.5627	-261.2500	55.0000	739514.493327
89.4745	-5.1896	1.5627	-263.7500	55.0000	739514.493327
89.5746	-5.1896	1.5627	-263.7500	55.0000	739514.493327
89.6746	-5.1896	1.5627	-263.7500	55.0000	739514.493327
89.7747	-5.1896	1.5627	-263.7500	55.0000	739514.493327
89.8749	-5.1896	1.5627	-263.7500	55.0000	739514.493327
89.9915	-5.1896	1.5627	-263.7500	55.0000	739514.493327
90.0918	-5.1896	1.5627	-263.7500	55.0000	739514.493327
90.1918	-5.1896	1.5627	-263.7500	55.0000	739514.493327
90.2920	-5.1896	1.5627	-267.5000	55.0000	739514.493327
90.3921	-5.1896	1.5627	-275.0000	55.0000	739514.493327
90.4923	-5.1896	1.5627	-276.2500	55.0000	739514.493327
90.6088	-5.1896	1.5627	-276.2500	55.0000	739514.493327
90.7090	-5.1929	1.5925	-276.2500	55.0000	739514.493327
90.8257	-5.2157	1.8013	-276.2500	55.0000	739514.493327
90.9259	-5.2353	1.9802	-276.2500	55.0000	739514.493327
91.0426	-5.2582	2.1890	-276.2500	55.0000	739514.493327
91.1595	-5.2810	2.3977	-276.2500	55.0000	739514.493327
91.2762	-5.3039	2.6065	-276.2500	55.0000	739514.493327
91.3764	-5.3235	2.7854	-276.2500	55.0000	739514.493327
91.4930	-5.3464	2.9941	-276.2500	55.0000	739514.493327
91.6097	-5.3692	3.2029	-276.2500	55.0000	739514.493327
91.7100	-5.3888	3.3818	-276.2500	55.0000	739514.493327
91.8266	-5.4117	3.5906	-276.2500	55.0000	739514.493327
91.9267	-5.4313	3.7695	-276.2500	55.0000	739514.493327
92.0269	-5.4378	3.8291	-276.2500	55.0000	739514.493327
92.1436	-5.4378	3.8291	-276.2500	55.0000	739514.493327
92.2603	-5.4378	3.8291	-276.2500	55.0000	739514.493327
92.3605	-5.4378	3.8291	-276.2500	55.0000	739514.493327
92.4773	-5.4378	3.8291	-276.2500	55.0000	739514.493327
92.5940	-5.4378	3.8291	-271.2500	55.0000	739514.493327
92.7106	-5.4378	3.8291	-262.5000	55.0000	739514.493327
92.8107	-5.4378	3.8291	-255.0000	55.0000	739514.493327
92.9109	-5.4378	3.8291	-247.5000	55.0000	739514.493327
93.0110	-5.4378	3.8291	-240.0000	55.0000	739514.493327
93.1113	-5.4378	3.8291	-232.5000	55.0000	739514.493327
93.2280	-5.4378	3.8291	-223.7500	55.0000	739514.493327
93.3282	-5.4378	3.8291	-220.0000	55.0000	739514.493327
93.4446	-5.4378	3.8291	-220.0000	55.0000	739514.493327
93.5449	-5.4378	3.8291	-220.0000	55.0000	739514.493327
93.6617	-5.4148	3.8484	-220.0000	55.0000	739514.493327
93.7783	-5.2540	3.9834	-220.0000	55.0000	739514.493327
93.8785	-5.1161	4.0991	-220.0000	55.0000	739514.493327
93.9952	-5.0241	4.1763	-220.0000	55.0000	739514.493327
94.0953	-5.0241	4.1763	-220.0000	55.0000	739514.493327
94.2121	-5.0241	4.1763	-217.5000	55.0000	739514.493327
94.3122	-5.0241	4.1763	-210.0000	55.0000	739514.493327
94.4124	-5.0241	4.1763	-206.2500	55.0000	739514.493327
94.5289	-5.0241	4.1763	-206.2500	55.0000	739514.493327
94.6291	-5.0241	4.1763	-206.2500	55.0000	739514.493327
94.7457	-4.8358	4.2691	-206.2500	55.0000	739514.493327
94.8460	-4.6744	4.3487	-206.2500	55.0000	739514.493327
94.9628	-4.5667	4.4018	-206.2500	55.0000	739514.493327
95.0632	-4.5667	4.4018	-206.2500	55.0000	739514.493327
95.1796	-4.5667	4.4018	-202.5000	55.0000	739514.493327
95.2968	-4.5667	4.4018	-193.7500	55.0000	739514.493327
95.4134	-4.5667	4.4018	-185.0000	55.0000	739514.493327
95.5306	-4.5667	4.4018	-183.7500	55.0000	739514.493327
95.6467	-4.5667	4.4018	-183.7500	55.0000	739514.493327
95.7471	-4.3871	4.4136	-183.7500	55.0000	739514.493327
95.8640	-4.1776	4.4273	-183.7500	55.0000	739514.493327
95.9804	-3.9680	4.4411	-183.7500	55.0000	739514.493327
96.0808	-3.7884	4.4528	-183.7500	55.0000	739514.493327
96.1972	-3.5789	4.4666	-183.7500	55.0000	739514.493327
96.2973	-3.3992	4.4783	-183.7500	55.0000	739514.493327
96.4139	-3.1897	4.4921	-183.7500	55.0000	739514.493327
96.5141	-3.0101	4.5038	-183.7500	55.0000	739514.493327
96.6309	-2.8005	4.5176	-183.7500	55.0000	739514.493327
96.7311	-2.6209	4.5294	-183.7500	55.0000	739514.493327
96.8477	-2.4114	4.5431	-183.7500	55.0000	739514.493327
96.9644	-2.3814	4.5451	-183.7500	55.0000	739514.493327
97.0650	-2.3814	4.5451	-183.7500	55.0000	739514.493327
97.1814	-2.3814	4.5451	-181.2500	55.0000	739514.493327
97.2815	-2.3814	4.5451	-173.7500	55.0000	739514.493327
97.3817	-2.3814	4.5451	-166.2500	55.0000	739514.493327
97.4982	-2.3814	4.5451	-157.5000	55.0000	739514.493327
97.5984	-2.3814	4.5451	-150.0000	55.0000	739514.493327
97.7153	-2.3814	4.5451	-143.7500	55.0000	739514.493327
97.8320	-2.3814	4.5451	-143.7500	55.0000	739514.493327
97.9487	-2.3330	4.5096	-143.7500	55.0000	739514.493327
98.0489	-2.1879	4.4031	-143.7500	55.0000	739514.493327
98.1656	-2.0185	4.2790	-143.7500	55.0000	739514.493327
98.2658	-1.8734	4.1725	-143.7500	55.0000	739514.493327
98.3826	-1.7040	4.0484	-143.7500	55.0000	739514.493327
98.4992	-1.6072	3.9774	-143.7500	55.0000	739514.493327
98.5994	-1.6072	3.9774	-143.7500	55.0000	739514.493327
98.7161	-1.6072	3.9774	-143.7500	55.0000	739514.493327
98.8328	-1.6072	3.9774	-143.7500	55.0000	739514.493327
98.9331	-1.6072	3.9774	-143.7500	55.0000	739514.493327
99.0496	-1.6072	3.9774	-143.7500	55.0000	739514.493327
99.1498	-1.6072	3.9774	-137.5000	55.0000	739514.493327
99.2666	-1.6072	3.9774	-128.7500	55.0000	739514.493327
99.3833	-1.6072	3.9774	-120.0000	55.0000	739514.493327
99.4834	-1.6072	3.9774	-112.5000	55.0000	739514.493327
99.5837	-1.6072	3.9774	-105.0000	55.0000	739514.493327
99.7003	-1.6072	3.9774	-100.0000	55.0000	739514.493327
99.8180	-1.6072	3.9774	-100.0000	55.0000	739514.493327
99.9344	-1.6072	3.9774	-100.0000	55.0000	739514.493327
100.0506	-1.6072	3.9774	-100.0000	55.0000	739514.493327
100.1508	-1.6072	3.9774	-97.5000	55.0000	739514.493327
100.2675	-1.6072	3.9774	-88.7500	55.0000	739514.493327
100.3677	-1.6072	3.9774	-81.2500	55.0000	739514.493327
100.4843	-1.6072	3.9774	-81.2500	55.0000	739514.493327
100.5844	-1.6072	3.9774	-81.2500	55.0000	739514.493327
100.6845	-1.6072	3.9774	-81.2500	55.0000	739514.493327
100.7847	-1.6072	3.9774	-87.5000	55.0000	739514.493327
100.9013	-1.6072	3.9774	-96.2500	55.0000	739514.493327
101.0181	-1.6072	3.9774	-105.0000	55.0000	739514.493327
101.1352	-1.6072	3.9774	-113.7500	55.0000	739514.493327
101.2517	-1.6072	3.9774	-122.5000	55.0000	739514.493327
101.3685	-1.6072	3.9774	-127.5000	55.0000	739514.493327
101.4851	-1.5342	3.8822	-127.5000	55.0000	739514.493327
101.5853	-1.4246	3.7394	-127.5000	55.0000	739514.493327
101.7021	-1.3145	3.5970	-130.0000	55.0000	739514.493327
101.8191	-1.3145	3.5970	-138.7500	55.0000	739514.493327
101.9355	-1.3145	3.5970	-147.5000	55.0000	739514.493327
102.0360	-1.3145	3.5970	-155.0000	55.0000	739514.493327
102.1527	-1.3145	3.5970	-163.7500	55.0000	739514.493327
102.2691	-1.3145	3.5970	-172.5000	55.0000	739514.493327
102.3692	-1.3145	3.5970	-180.0000	55.0000	739514.493327
102.4694	-1.3145	3.5970	-187.5000	55.0000	739514.493327
102.5695	-1.3145	3.5970	-195.0000	55.0000	739514.493327
102.6864	-1.3145	3.5970	-203.7500	55.0000	739514.493327
102.8030	-1.3145	3.5970	-210.0000	55.0000	739514.493327
102.9032	-1.3145	3.5970	-210.0000	55.0000	739514.493327
103.0199	-1.3145	3.5970	-210.0000	55.0000	739514.493327
103.1200	-1.3145	3.5970	-210.0000	55.0000	739514.493327
103.2201	-1.3145	3.5970	-206.2500	55.0000	739514.493327
103.3369	-1.3145	3.5970	-200.0000	55.0000	739514.493327
103.4370	-1.3145	3.5970	-200.0000	55.0000	739514.493327
103.5372	-1.2018	3.6380	-200.0000	55.0000	739514.493327
103.6538	-1.0044	3.7099	-200.0000	55.0000	739514.493327
103.7538	-0.8353	3.7714	-200.0000	55.0000	739514.493327
103.8540	-0.8071	3.7817	-205.0000	55.0000	739514.493327
103.9708	-0.8071	3.7817	-213.7500	55.0000	739514.493327
104.0875	-0.8071	3.7817	-222.5000	55.0000	739514.493327
104.1876	-0.8071	3.7817	-230.0000	55.0000	739514.493327
104.3043	-0.8071	3.7817	-235.0000	55.0000	739514.493327
104.4045	-0.7383	3.8800	-235.0000	55.0000	739514.493327
104.5213	-0.6178	4.0520	-235.0000	55.0000	739514.493327
104.6215	-0.5146	4.1994	-235.0000	55.0000	739514.493327
104.7217	-0.5146	4.1994	-235.0000	55.0000	739514.493327
104.8382	-0.5146	4.1994	-235.0000	55.0000	739514.493327
104.9549	-0.5318	4.1749	-235.0000	55.0000	739514.493327
105.0717	-0.6522	4.0028	-235.0000	55.0000	739514.493327
105.1718	-0.7555	3.8554	-235.0000	55.0000	739514.493327
105.2886	-0.8759	3.6834	-235.0000	55.0000	739514.493327
105.3888	-0.9792	3.5359	-235.0000	55.0000	739514.493327
105.5056	-1.0996	3.3639	-235.0000	55.0000	739514.493327
105.6223	-1.2201	3.1919	-235.0000	55.0000	739514.493327
105.7389	-1.3405	3.0199	-235.0000	55.0000	739514.493327
105.8390	-1.4438	2.8724	-235.0000	55.0000	739514.493327
105.9391	-1.5126	2.7741	-235.0000	55.0000	739514.493327
106.0558	-1.5126	2.7741	-235.0000	55.0000	739514.493327
106.1562	-1.5126	2.7741	-235.0000	55.0000	739514.493327
106.2729	-1.5126	2.7741	-235.0000	55.0000	739514.493327
106.3730	-1.5126	2.7741	-235.0000	55.0000	739514.493327
106.4896	-1.5126	2.7741	-233.7500	55.0000	739514.493327
106.5898	-1.5126	2.7741	-226.2500	55.0000	739514.493327
106.7065	-1.5126	2.7741	-217.5000	55.0000	739514.493327
106.8234	-1.5126	2.7741	-208.7500	55.0000	739514.493327
106.9236	-1.5126	2.7741	-201.2500	55.0000	739514.493327
107.0402	-1.5126	2.7741	-192.5000	55.0000	739514.493327
107.1570	-1.5126	2.7741	-183.7500	55.0000	739514.493327
107.2735	-1.5126	2.7741	-175.0000	55.0000	739514.493327
107.3738	-1.5126	2.7741	-167.5000	55.0000	739514.493327
107.4742	-1.5126	2.7741	-160.0000	55.0000	739514.493327
107.5907	-1.5126	2.7741	-151.2500	55.0000	739514.493327
107.7073	-1.5126	2.7741	-142.5000	55.0000	739514.493327
107.8074	-1.5126	2.7741	-135.0000	55.0000	739514.493327
107.9077	-1.5126	2.7741	-127.5000	55.0000	739514.493327
108.0243	-1.5126	2.7741	-118.7500	55.0000	739514.493327
108.1245	-1.5126	2.7741	-111.2500	55.0000	739514.493327
108.2412	-1.5126	2.7741	-102.5000	55.0000	739514.493327
108.3581	-1.5126	2.7741	-93.7500	55.0000	739514.493327
108.4746	-1.5126	2.7741	-85.0000	55.0000	739514.493327
108.5747	-1.5126	2.7741	-77.5000	55.0000	739514.493327
108.6749	-1.5126	2.7741	-70.0000	55.0000	739514.493327
108.7751	-1.5126	2.7741	-62.5000	55.0000	739514.493327
108.8918	-1.5126	2.7741	-53.7500	55.0000	739514.493327
109.0087	-1.5126	2.7741	-46.2500	55.0000	739514.493327
109.1252	-1.5126	2.7741	-46.2500	55.0000	739514.493327
109.2254	-1.5126	2.7741	-46.2500	55.0000	739514.493327
109.3422	-1.5748	2.7091	-46.2500	55.0000	739514.493327
109.4590	-1.7200	2.5574	-46.2500	55.0000	739514.493327
109.5592	-1.8445	2.4274	-46.2500	55.0000	739514.493327
109.6758	-1.9897	2.2757	-46.2500	55.0000	739514.493327
109.7758	-2.1142	2.1457	-46.2500	55.0000	739514.493327
109.8761	-2.2387	2.0156	-46.2500	55.0000	739514.493327
109.9928	-2.2387	2.0156	-48.7500	55.0000	739514.493327
110.0929	-2.2387	2.0156	-56.2500	55.0000	739514.493327
110.2097	-2.2387	2.0156	-65.0000	55.0000	739514.493327
110.3264	-2.2387	2.0156	-73.7500	55.0000	739514.493327
110.4264	-2.2387	2.0156	-81.2500	55.0000	739514.493327
110.5265	-2.2387	2.0156	-88.7500	55.0000	739514.493327
110.6269	-2.2387	2.0156	-91.2500	55.0000	739514.493327
110.7434	-2.2374	1.9557	-91.2500	55.0000	739514.493327
110.8602	-2.2328	1.7457	-91.2500	55.0000	739514.493327
110.9603	-2.2289	1.5657	-91.2500	55.0000	739514.493327
111.0770	-2.2289	1.5657	-98.7500	55.0000	739514.493327
111.1771	-2.2289	1.5657	-106.2500	55.0000	739514.493327
111.2939	-2.2289	1.5657	-115.0000	55.0000	739514.493327
111.3941	-2.2289	1.5657	-122.5000	55.0000	739514.493327
111.5108	-2.2289	1.5657	-131.2500	55.0000	739514.493327
111.6276	-2.2289	1.5657	-137.5000	55.0000	739514.493327
111.7277	-2.2289	1.5657	-137.5000	55.0000	739514.493327
111.8282	-2.0961	1.4441	-137.5000	55.0000	739514.493327
111.9445	-1.9413	1.3023	-137.5000	55.0000	739514.493327
112.0612	-1.7865	1.1604	-137.5000	55.0000	739514.493327
112.1615	-1.6538	1.0388	-137.5000	55.0000	739514.493327
112.2781	-1.4989	0.8969	-137.5000	55.0000	739514.493327
112.3783	-1.3662	0.7753	-137.5000	55.0000	739514.493327
112.4950	-1.2026	0.6440	-145.0000	55.0000	739514.493327
112.6118	-1.0209	0.5391	-153.7500	55.0000	739514.493327
112.7126	-0.8824	0.4817	-160.0000	55.0000	739514.493327
112.8287	-0.8824	0.4817	-160.0000	55.0000	739514.493327
112.9453	-0.8824	0.4817	-160.0000	55.0000	739514.493327
113.0454	-0.8824	0.4817	-160.0000	55.0000	739514.493327
113.1458	-0.8824	0.4817	-160.0000	55.0000	739514.493327
113.2624	-1.0234	0.5330	-160.0000	55.0000	739514.493327
113.3791	-1.2207	0.6048	-160.0000	55.0000	739514.493327
113.4792	-1.3898	0.6664	-160.0000	55.0000	739514.493327
113.5960	-1.5872	0.7382	-160.0000	55.0000	739514.493327
113.6961	-1.7563	0.7998	-160.0000	55.0000	739514.493327
113.8128	-1.9537	0.8716	-160.0000	55.0000	739514.493327
113.9129	-2.1228	0.9332	-160.0000	55.0000	739514.493327
114.0131	-2.2920	0.9947	-160.0000	55.0000	739514.493327
114.1132	-2.4617	1.0544	-162.5000	55.0000	739514.493327
114.2303	-2.6666	1.0999	-171.2500	55.0000	739514.493327
114.3473	-2.8759	1.1136	-180.0000	55.0000	739514.493327
114.4636	-3.0849	1.0953	-188.7500	55.0000	739514.493327
114.5807	-3.2903	1.0518	-192.5000	55.0000	739514.493327
114.6968	-3.4953	1.0063	-192.5000	55.0000	739514.493327
114.7973	-3.6711	0.9674	-192.5000	55.0000	739514.493327
114.9138	-3.7589	0.9479	-192.5000	55.0000	739514.493327
115.0141	-3.7589	0.9479	-192.5000	55.0000	739514.493327
115.1156	-3.8468	0.9284	-192.5000	55.0000	739514.493327
115.2307	-3.8468	0.9057	-192.5000	55.0000	739514.493327
115.3308	-3.8468	0.8862	-192.5000	55.0000	739514.493327
115.4474	-3.8468	0.8635	-192.5000	55.0000	739514.493327
115.5477	-3.8468	0.8421	-196.2500	55.0000	739514.493327
115.6644	-3.8748	0.7986	-205.0000	55.0000	739514.493327
115.7649	-3.8748	0.7545	-212.5000	55.0000	739514.493327
115.8812	-3.8748	0.6906	-221.2500	55.0000	739514.493327
115.9815	-3.8748	0.6264	-228.7500	55.0000	739514.493327
116.0981	-3.8748	0.5418	-237.5000	55.0000	739514.493327
116.2148	-3.8748	0.4487	-246.2500	55.0000	739514.493327
116.3150	-3.8748	0.3639	-253.7500	55.0000	739514.493327
116.4153	-3.8748	0.2759	-261.2500	55.0000	739514.493327
116.5319	-3.8748	0.1721	-261.2500	55.0000	739514.493327
116.6320	-3.8748	0.1424	-261.2500	55.0000	739514.493327
116.7487	-3.8748	0.1424	-261.2500	55.0000	739514.493327
116.8488	-3.8748	0.1424	-258.7500	55.0000	739514.493327
116.9489	-3.8748	0.1424	-251.2500	55.0000	739514.493327
117.0656	-3.8748	0.1424	-242.5000	55.0000	739514.493327
117.1659	-3.8748	0.1424	-235.0000	55.0000	739514.493327
117.2824	-3.8748	0.1424	-226.2500	55.0000	739514.493327
117.3825	-3.8748	0.1424	-218.7500	55.0000	739514.493327
117.4827	-3.8748	0.1424	-211.2500	55.0000	739514.493327
117.5827	-3.8748	0.1424	-203.7500	55.0000	739514.493327
117.6828	-3.8748	0.1424	-196.2500	55.0000	739514.493327
117.7996	-3.8748	0.1424	-187.5000	55.0000	739514.493327
117.8998	-3.8748	0.1424	-180.0000	55.0000	739514.493327
118.0167	-3.8748	0.1424	-177.5000	55.0000	739514.493327
118.1332	-3.8748	0.1424	-177.5000	55.0000	739514.493327
118.2334	-3.8748	0.1424	-180.0000	55.0000	739514.493327
118.3335	-3.8748	0.1424	-187.5000	55.0000	739514.493327
118.4502	-3.8748	0.1424	-196.2500	55.0000	739514.493327
118.5503	-3.8748	0.1424	-203.7500	55.0000	739514.493327
118.6504	-3.8748	0.1424	-211.2500	55.0000	739514.493327
118.7505	-3.8748	0.1424	-218.7500	55.0000	739514.493327
118.8507	-3.8748	0.1424	-218.7500	55.0000	739514.493327
118.9672	-3.8748	0.1424	-218.7500	55.0000	739514.493327
119.0675	-3.8748	0.1424	-218.7500	55.0000	739514.493327
119.1681	-3.7344	0.2551	-218.7500	55.0000	739514.493327
119.2843	-3.5706	0.3865	-218.7500	55.0000	739514.493327
119.3843	-3.4302	0.4992	-218.7500	55.0000	739514.493327
119.4845	-3.2899	0.6119	-218.7500	55.0000	739514.493327
119.5846	-3.1537	0.7295	-223.7500	55.0000	739514.493327
119.7013	-3.0154	0.8872	-232.5000	55.0000	739514.493327
119.8014	-2.9171	1.0379	-240.0000	55.0000	739514.493327
119.9182	-2.8161	1.2220	-241.2500	55.0000	739514.493327
120.0183	-2.7295	1.3798	-241.2500	55.0000	739514.493327
120.1351	-2.6285	1.5639	-241.2500	55.0000	739514.493327
120.2352	-2.5564	1.6954	-241.2500	55.0000	739514.493327
120.3539	-2.5564	1.6954	-241.2500	55.0000	739514.493327
120.4688	-2.5564	1.6954	-241.2500	55.0000	739514.493327
120.5689	-2.5564	1.6954	-241.2500	55.0000	739514.493327
120.6856	-2.5564	1.6954	-241.2500	55.0000	739514.493327
120.8024	-2.5131	1.7743	-241.2500	55.0000	739514.493327
120.9190	-2.4121	1.9584	-241.2500	55.0000	739514.493327
121.0358	-2.3111	2.1426	-241.2500	55.0000	739514.493327
121.1359	-2.3111	2.1426	-241.2500	55.0000	739514.493327
121.2361	-2.3111	2.1426	-241.2500	55.0000	739514.493327
121.3528	-2.3111	2.1426	-233.7500	55.0000	739514.493327
121.4696	-2.3111	2.1426	-225.0000	55.0000	739514.493327
121.5864	-2.3111	2.1426	-216.2500	55.0000	739514.493327
121.7031	-2.3111	2.1426	-207.5000	55.0000	739514.493327
121.8198	-2.3111	2.1426	-198.7500	55.0000	739514.493327
121.9202	-2.3111	2.1426	-191.2500	55.0000	739514.493327
122.0367	-2.3111	2.1426	-191.2500	55.0000	739514.493327
122.1369	-2.3111	2.1426	-191.2500	55.0000	739514.493327
122.2538	-2.3111	2.1426	-191.2500	55.0000	739514.493327
122.3703	-2.1345	2.1777	-191.2500	55.0000	739514.493327
122.4704	-1.9580	2.2128	-191.2500	55.0000	739514.493327
122.5706	-1.7814	2.2479	-191.2500	55.0000	739514.493327
122.6873	-1.5778	2.2984	-197.5000	55.0000	739514.493327
122.7874	-1.4109	2.3654	-205.0000	55.0000	739514.493327
122.9041	-1.2292	2.4703	-213.7500	55.0000	739514.493327
123.0043	-1.0877	2.5814	-221.2500	55.0000	739514.493327
123.1211	-0.9426	2.7329	-230.0000	55.0000	739514.493327
123.2212	-0.8378	2.8792	-237.5000	55.0000	739514.493327
123.3213	-0.7530	3.0378	-245.0000	55.0000	739514.493327
123.4214	-0.6897	3.2061	-252.5000	55.0000	739514.493327
123.5380	-0.6664	3.2931	-261.2500	55.0000	739514.493327
123.6382	-0.6664	3.2931	-261.2500	55.0000	739514.493327
123.7548	-0.6664	3.2931	-261.2500	55.0000	739514.493327
123.8550	-0.6664	3.2931	-261.2500	55.0000	739514.493327
123.9718	-0.6664	3.2931	-261.2500	55.0000	739514.493327
124.0720	-0.6481	3.4117	-261.2500	55.0000	739514.493327
124.1886	-0.6162	3.6192	-261.2500	55.0000	739514.493327
124.2887	-0.5888	3.7971	-261.2500	55.0000	739514.493327
124.4055	-0.5568	4.0047	-261.2500	55.0000	739514.493327
124.5224	-0.5249	4.2122	-261.2500	55.0000	739514.493327
124.6225	-0.5073	4.3912	-267.5000	55.0000	739514.493327
124.7393	-0.5164	4.6008	-276.2500	55.0000	739514.493327
124.8558	-0.5573	4.8066	-285.0000	55.0000	739514.493327
124.9727	-0.6291	5.0038	-293.7500	55.0000	739514.493327
125.0728	-0.6418	5.0309	-301.2500	55.0000	739514.493327
125.1895	-0.6418	5.0309	-310.0000	55.0000	739514.493327
125.2896	-0.6418	5.0309	-317.5000	55.0000	739514.493327
125.3897	-0.6418	5.0309	-325.0000	55.0000	739514.493327
125.5065	-0.6418	5.0309	-333.7500	55.0000	739514.493327
125.6232	-0.6418	5.0309	-342.5000	55.0000	739514.493327
125.7233	-0.6418	5.0309	-345.0000	55.0000	739514.493327
125.8401	-0.6418	5.0309	-345.0000	55.0000	739514.493327
125.9404	-0.6418	5.0309	-345.0000	55.0000	739514.493327
126.0570	-0.6418	5.0309	-345.0000	55.0000	739514.493327
126.1571	-0.6418	5.0309	-345.0000	55.0000	739514.493327
126.2738	-0.6418	5.0309	-345.0000	55.0000	739514.493327
126.3742	-0.6418	5.0309	-345.0000	55.0000	739514.493327
126.4906	-0.6418	5.0309	-337.5000	55.0000	739514.493327
126.5909	-0.6418	5.0309	-336.2500	55.0000	739514.493327
126.7075	-0.6418	5.0309	-336.2500	55.0000	739514.493327
126.8076	-0.7242	5.0672	-336.2500	55.0000	739514.493327
126.9244	-0.9164	5.1518	-336.2500	55.0000	739514.493327
127.0246	-1.0814	5.2237	-337.5000	55.0000	739514.493327
127.1412	-1.2815	5.2867	-346.2500	55.0000	739514.493327
127.2414	-1.4589	5.3161	-353.7500	55.0000	739514.493327
127.3581	-1.6677	5.3389	-353.7500	55.0000	739514.493327
127.4582	-1.8466	5.3585	-353.7500	55.0000	739514.493327
127.5584	-2.0256	5.3781	-353.7500	55.0000	739514.493327
127.6749	-2.2343	5.4010	-353.7500	55.0000	739514.493327
127.7752	-2.4132	5.4206	-353.7500	55.0000	739514.493327
127.8754	-2.5922	5.4402	-353.7500	55.0000	739514.493327
127.9920	-2.8009	5.4630	-353.7500	55.0000	739514.493327
128.0922	-2.9798	5.4826	-353.7500	55.0000	739514.493327
128.2088	-3.1886	5.5055	-353.7500	55.0000	739514.493327
128.3255	-3.3974	5.5283	-353.7500	55.0000	739514.493327
128.4256	-3.5763	5.5479	-353.7500	55.0000	739514.493327
128.5257	-3.7552	5.5675	-353.7500	55.0000	739514.493327
128.6259	-3.9341	5.5871	-353.7500	55.0000	739514.493327
128.7426	-4.1429	5.6100	-353.7500	55.0000	739514.493327
128.8426	-4.3218	5.6296	-353.7500	55.0000	739514.493327
128.9428	-4.5008	5.6492	-353.7500	55.0000	739514.493327
129.0595	-4.7095	5.6720	-353.7500	55.0000	739514.493327
129.1596	-4.8884	5.6916	-353.7500	55.0000	739514.493327
129.2599	-5.0674	5.7112	-353.7500	55.0000	739514.493327
129.3765	-5.2761	5.7341	-353.7500	55.0000	739514.493327
129.4932	-5.4849	5.7570	-353.7500	55.0000	739514.493327
129.5938	-5.6638	5.7766	-353.7500	55.0000	739514.493327
129.7101	-5.8726	5.7994	-353.7500	55.0000	739514.493327
129.8102	-6.0515	5.8190	-353.7500	55.0000	739514.493327
129.9104	-6.1409	5.8288	-353.7500	55.0000	739514.493327
130.0105	-6.1409	5.8288	-353.7500	55.0000	739514.493327
130.1272	-6.1409	5.8288	-353.7500	55.0000	739514.493327
130.2274	-6.1409	5.8288	-353.7500	55.0000	739514.493327
130.3440	-6.1409	5.8288	-353.7500	55.0000	739514.493327
130.4443	-6.1409	5.8288	-353.7500	55.0000	739514.493327
130.5609	-6.1409	5.8288	-353.7500	55.0000	739514.493327
130.6612	-6.1409	5.8288	-353.7500	55.0000	739514.493327
130.7777	-6.1409	5.8288	-353.7500	55.0000	739514.493327
130.8778	-6.1409	5.8288	-353.7500	55.0000	739514.493327
130.9784	-6.1409	5.8288	-353.7500	55.0000	739514.493327
131.0947	-6.1409	5.8288	-353.7500	55.0000	739514.493327
131.1948	-6.1409	5.8288	-353.7500	55.0000	739514.493327
131.2950	-6.1409	5.8288	-353.7500	55.0000	739514.493327
131.4117	-6.1409	5.8288	-353.7500	55.0000	739514.493327
131.5118	-6.1409	5.8288	-353.7500	55.0000	739514.493327
131.6287	-6.1409	5.8288	-353.7500	55.0000	739514.493327
131.7453	-6.1409	5.8288	-353.7500	55.0000	739514.493327
131.8455	-6.1409	5.8288	-361.2500	55.0000	739514.493327
131.9456	-6.1409	5.8288	-368.7500	55.0000	739514.493327
132.0459	-6.1409	5.8288	-376.2500	55.0000	739514.493327
132.1622	-6.1409	5.8288	-381.2500	55.0000	739514.493327
132.2623	-6.1409	5.8288	-381.2500	55.0000	739514.493327
132.3625	-6.1409	5.8288	-381.2500	55.0000	739514.493327
132.4626	-6.1409	5.8288	-381.2500	55.0000	739514.493327
132.5794	-6.1409	5.8288	-381.2500	55.0000	739514.493327
132.6799	-6.1409	5.8288	-381.2500	55.0000	739514.493327
132.7961	-6.1409	5.8288	-381.2500	55.0000	739514.493327
132.8965	-6.1409	5.8288	-381.2500	55.0000	739514.493327
133.0132	-6.1409	5.8288	-378.7500	55.0000	739514.493327
133.1299	-6.1409	5.8288	-370.0000	55.0000	739514.493327
133.2299	-6.1409	5.8288	-362.5000	55.0000	739514.493327
133.3466	-6.1409	5.8288	-353.7500	55.0000	739514.493327
133.4467	-6.1409	5.8288	-346.2500	55.0000	739514.493327
133.5468	-6.1409	5.8288	-338.7500	55.0000	739514.493327
133.6470	-6.1409	5.8288	-331.2500	55.0000	739514.493327
133.7471	-6.1409	5.8288	-323.7500	55.0000	739514.493327
133.8472	-6.1409	5.8288	-316.2500	55.0000	739514.493327
133.9638	-6.1409	5.8288	-307.5000	55.0000	739514.493327
134.0640	-6.1409	5.8288	-300.0000	55.0000	739514.493327
134.1641	-6.1409	5.8288	-292.5000	55.0000	739514.493327
134.2642	-6.1409	5.8288	-292.5000	55.0000	739514.493327
134.3645	-6.1409	5.8288	-292.5000	55.0000	739514.493327
134.4647	-6.2098	5.9951	-292.5000	55.0000	739514.493327
