T	X	Y	HEADING	PERPSECTIVE_ANGLE	NOW_NUM
0.1322	0.0000	0.0000	45.0000	55.0000	739514.493327
0.2487	0.0000	0.0000	45.0000	55.0000	739514.493327
0.3653	0.0000	0.0000	45.0000	55.0000	739514.493327
0.4655	0.0000	0.0000	45.0000	55.0000	739514.493327
0.5821	0.0000	0.0000	45.0000	55.0000	739514.493327
0.6822	0.0000	0.0000	45.0000	55.0000	739514.493327
0.7823	0.0000	0.0000	45.0000	55.0000	739514.493327
0.8825	0.0000	0.0000	45.0000	55.0000	739514.493327
0.9826	0.0000	0.0000	45.0000	55.0000	739514.493327
1.0992	0.0000	0.0000	45.0000	55.0000	739514.493327
1.1994	0.0000	0.0000	45.0000	55.0000	739514.493327
1.2995	0.0000	0.0000	45.0000	55.0000	739514.493327
1.3996	0.0000	0.0000	45.0000	55.0000	739514.493327
1.5000	0.0000	0.0000	45.0000	55.0000	739514.493327
1.6165	0.0000	0.0000	45.0000	55.0000	739514.493327
1.7165	0.0000	0.0000	45.0000	55.0000	739514.493327
1.8335	0.0000	0.0000	45.0000	55.0000	739514.493327
1.9499	0.0000	0.0000	45.0000	55.0000	739514.493327
2.0501	0.0000	0.0000	47.5000	55.0000	739514.493327
2.1503	0.0000	0.0000	55.0000	55.0000	739514.493327
2.2671	0.0000	0.0000	55.0000	55.0000	739514.493327
2.3672	0.0000	0.0000	55.0000	55.0000	739514.493327
2.4839	0.0000	0.0000	55.0000	55.0000	739514.493327
2.5840	0.0000	0.0000	55.0000	55.0000	739514.493327
2.7007	0.0000	0.0000	55.0000	55.0000	739514.493327
2.8008	0.0000	0.0000	58.7500	55.0000	739514.493327
2.9175	0.0000	0.0000	65.0000	55.0000	739514.493327
3.0176	0.0000	0.0000	65.0000	55.0000	739514.493327
3.1178	0.0000	0.0000	65.0000	55.0000	739514.493327
3.2180	0.0000	0.0000	70.0000	55.0000	739514.493327
3.3187	0.0000	0.0000	73.7500	55.0000	739514.493327
3.4191	0.0000	0.0000	73.7500	55.0000	739514.493327
3.5191	0.0000	0.0000	73.7500	55.0000	739514.493327
3.6192	0.0000	0.0000	73.7500	55.0000	739514.493327
3.7193	0.0000	0.0000	73.7500	55.0000	739514.493327
3.8360	0.0000	0.0000	73.7500	55.0000	739514.493327
3.9361	0.0000	0.0000	73.7500	55.0000	739514.493327
4.0530	0.0000	0.0000	73.7500	55.0000	739514.493327
4.1530	0.0000	0.0000	73.7500	55.0000	739514.493327
4.2531	0.0000	0.0000	73.7500	55.0000	739514.493327
4.3698	-0.0504	0.1728	73.7500	55.0000	739514.493327
4.4699	-0.1007	0.3456	73.7500	55.0000	739514.493327
4.5701	-0.1511	0.5184	73.7500	55.0000	739514.493327
4.6702	-0.2015	0.6912	73.7500	55.0000	739514.493327
4.7870	-0.2267	0.7776	73.7500	55.0000	739514.493327
4.9036	-0.2267	0.7776	73.7500	55.0000	739514.493327
5.0202	-0.2267	0.7776	73.7500	55.0000	739514.493327
5.1206	-0.2267	0.7776	73.7500	55.0000	739514.493327
5.2372	-0.2267	0.7776	73.7500	55.0000	739514.493327
5.3374	-0.2267	0.7776	73.7500	55.0000	739514.493327
5.4375	-0.2267	0.7776	73.7500	55.0000	739514.493327
5.5377	-0.2267	0.7776	73.7500	55.0000	739514.493327
5.6544	-0.2267	0.7776	73.7500	55.0000	739514.493327
5.7546	-0.2267	0.7776	73.7500	55.0000	739514.493327
5.8713	-0.2267	0.7776	73.7500	55.0000	739514.493327
5.9879	-0.2267	0.7776	73.7500	55.0000	739514.493327
6.0882	-0.2267	0.7776	73.7500	55.0000	739514.493327
6.2048	-0.2267	0.7776	73.7500	55.0000	739514.493327
6.3050	-0.2267	0.7776	73.7500	55.0000	739514.493327
6.4217	-0.2267	0.7776	73.7500	55.0000	739514.493327
6.5220	-0.2267	0.7776	73.7500	55.0000	739514.493327
6.6222	-0.2267	0.7776	73.7500	55.0000	739514.493327
6.7388	-0.2267	0.7776	73.7500	55.0000	739514.493327
6.8554	-0.2267	0.7776	73.7500	55.0000	739514.493327
6.9554	-0.2267	0.7776	73.7500	55.0000	739514.493327
7.0556	-0.2267	0.7776	73.7500	55.0000	739514.493327
7.1557	-0.2267	0.7776	73.7500	55.0000	739514.493327
7.2724	-0.2267	0.7776	73.7500	55.0000	739514.493327
7.3725	-0.2267	0.7776	73.7500	55.0000	739514.493327
7.4727	-0.2267	0.7776	80.0000	55.0000	739514.493327
7.5894	-0.2267	0.7776	80.0000	55.0000	739514.493327
7.6895	-0.2267	0.7776	80.0000	55.0000	739514.493327
7.7895	-0.2579	0.9549	80.0000	55.0000	739514.493327
7.9063	-0.2944	1.1617	80.0000	55.0000	739514.493327
8.0064	-0.3256	1.3390	80.0000	55.0000	739514.493327
8.1065	-0.3569	1.5162	80.0000	55.0000	739514.493327
8.2231	-0.3934	1.7231	80.0000	55.0000	739514.493327
8.3232	-0.4038	1.7821	80.0000	55.0000	739514.493327
8.4234	-0.4038	1.7821	80.0000	55.0000	739514.493327
8.5235	-0.4038	1.7821	80.0000	55.0000	739514.493327
8.6402	-0.4038	1.7821	80.0000	55.0000	739514.493327
8.7405	-0.4038	1.7821	81.2500	55.0000	739514.493327
8.8405	-0.4038	1.7821	88.7500	55.0000	739514.493327
8.9572	-0.4038	1.7821	88.7500	55.0000	739514.493327
9.0576	-0.4038	1.7821	88.7500	55.0000	739514.493327
9.1742	-0.4077	1.9621	88.7500	55.0000	739514.493327
9.2742	-0.4116	2.1421	88.7500	55.0000	739514.493327
9.3744	-0.4156	2.3220	88.7500	55.0000	739514.493327
9.4911	-0.4201	2.5320	88.7500	55.0000	739514.493327
9.5913	-0.4241	2.7119	88.7500	55.0000	739514.493327
9.7079	-0.4287	2.9219	88.7500	55.0000	739514.493327
9.8080	-0.4326	3.1018	88.7500	55.0000	739514.493327
9.9247	-0.4372	3.3118	88.7500	55.0000	739514.493327
10.0248	-0.4411	3.4917	88.7500	55.0000	739514.493327
10.1249	-0.4450	3.6717	88.7500	55.0000	739514.493327
10.2417	-0.4496	3.8816	88.7500	55.0000	739514.493327
10.3419	-0.4535	4.0616	88.7500	55.0000	739514.493327
10.4585	-0.4581	4.2716	88.7500	55.0000	739514.493327
10.5587	-0.4620	4.4515	88.7500	55.0000	739514.493327
10.6754	-0.4620	4.4515	88.7500	55.0000	739514.493327
10.7755	-0.4620	4.4515	88.7500	55.0000	739514.493327
10.8924	-0.4620	4.4515	88.7500	55.0000	739514.493327
11.0091	-0.4620	4.4515	81.2500	55.0000	739514.493327
11.1091	-0.4620	4.4515	73.7500	55.0000	739514.493327
11.2093	-0.4620	4.4515	66.2500	55.0000	739514.493327
11.3258	-0.4620	4.4515	63.7500	55.0000	739514.493327
11.4260	-0.4620	4.4515	63.7500	55.0000	739514.493327
11.5261	-0.4620	4.4515	67.5000	55.0000	739514.493327
11.6263	-0.4620	4.4515	75.0000	55.0000	739514.493327
11.7263	-0.4620	4.4515	78.7500	55.0000	739514.493327
11.8265	-0.4620	4.4515	78.7500	55.0000	739514.493327
11.9432	-0.4796	4.5398	78.7500	55.0000	739514.493327
12.0598	-0.5206	4.7457	78.7500	55.0000	739514.493327
12.1601	-0.5440	4.8634	78.7500	55.0000	739514.493327
12.2768	-0.5440	4.8634	77.5000	55.0000	739514.493327
12.3769	-0.5440	4.8634	70.0000	55.0000	739514.493327
12.4936	-0.5440	4.8634	61.2500	55.0000	739514.493327
12.5938	-0.5440	4.8634	53.7500	55.0000	739514.493327
12.6938	-0.5440	4.8634	46.2500	55.0000	739514.493327
12.7939	-0.5440	4.8634	38.7500	55.0000	739514.493327
12.8940	-0.5440	4.8634	31.2500	55.0000	739514.493327
12.9943	-0.5440	4.8634	23.7500	55.0000	739514.493327
13.1110	-0.5440	4.8634	23.7500	55.0000	739514.493327
13.2276	-0.5440	4.8634	23.7500	55.0000	739514.493327
13.3278	-0.5440	4.8634	23.7500	55.0000	739514.493327
13.4446	-0.5440	4.8634	23.7500	55.0000	739514.493327
13.5614	-0.5440	4.8634	25.0000	55.0000	739514.493327
13.6614	-0.5440	4.8634	32.5000	55.0000	739514.493327
13.7617	-0.5440	4.8634	32.5000	55.0000	739514.493327
13.8783	-0.5693	4.8796	32.5000	55.0000	739514.493327
13.9785	-0.7211	4.9763	32.5000	55.0000	739514.493327
14.0951	-0.8982	5.0891	32.5000	55.0000	739514.493327
14.1952	-0.9994	5.1536	32.5000	55.0000	739514.493327
14.3120	-0.9994	5.1536	32.5000	55.0000	739514.493327
14.4288	-0.9994	5.1536	32.5000	55.0000	739514.493327
14.5289	-0.9994	5.1536	32.5000	55.0000	739514.493327
14.6289	-0.9741	5.1375	32.5000	55.0000	739514.493327
14.7457	-0.7970	5.0246	32.5000	55.0000	739514.493327
14.8458	-0.6452	4.9279	32.5000	55.0000	739514.493327
14.9626	-0.4681	4.8151	32.5000	55.0000	739514.493327
15.0628	-0.3163	4.7184	32.5000	55.0000	739514.493327
15.1629	-0.1644	4.6217	32.5000	55.0000	739514.493327
15.2795	-0.1391	4.5572	32.5000	55.0000	739514.493327
15.3963	-0.1391	4.5088	32.5000	55.0000	739514.493327
15.5131	-0.1391	4.5088	31.2500	55.0000	739514.493327
15.6298	-0.1391	4.5088	22.5000	55.0000	739514.493327
15.7301	-0.1391	4.5088	15.0000	55.0000	739514.493327
15.8467	-0.1391	4.5088	6.2500	55.0000	739514.493327
15.9468	-0.1391	4.5088	-1.2500	55.0000	739514.493327
16.0469	-0.1391	4.5088	-8.7500	55.0000	739514.493327
16.1636	-0.1391	4.5088	-17.5000	55.0000	739514.493327
16.2638	-0.1391	4.5088	-25.0000	55.0000	739514.493327
16.3805	-0.1391	4.5088	-33.7500	55.0000	739514.493327
16.4973	-0.1391	4.5088	-42.5000	55.0000	739514.493327
16.6140	-0.1391	4.5088	-51.2500	55.0000	739514.493327
16.7141	-0.1391	4.5088	-56.2500	55.0000	739514.493327
16.8142	-0.1391	4.5088	-56.2500	55.0000	739514.493327
16.9310	-0.1391	4.5088	-56.2500	55.0000	739514.493327
17.0312	-0.1391	4.5088	-56.2500	55.0000	739514.493327
17.1479	-0.1391	4.5088	-56.2500	55.0000	739514.493327
17.2646	-0.1391	4.5088	-56.2500	55.0000	739514.493327
17.3648	-0.1391	4.5088	-56.2500	55.0000	739514.493327
17.4816	-0.1391	4.5088	-56.2500	55.0000	739514.493327
17.5982	-0.1391	4.5088	-62.5000	55.0000	739514.493327
17.6984	-0.1391	4.5088	-70.0000	55.0000	739514.493327
17.8151	-0.1391	4.5088	-71.2500	55.0000	739514.493327
17.9151	-0.1391	4.5088	-71.2500	55.0000	739514.493327
18.0153	-0.1391	4.5088	-71.2500	55.0000	739514.493327
18.1154	-0.1584	4.4520	-71.2500	55.0000	739514.493327
18.2155	-0.2163	4.2816	-71.2500	55.0000	739514.493327
18.3322	-0.2838	4.0827	-71.2500	55.0000	739514.493327
18.4323	-0.3416	3.9123	-71.2500	55.0000	739514.493327
18.5489	-0.4091	3.7134	-71.2500	55.0000	739514.493327
18.6491	-0.4670	3.5430	-71.2500	55.0000	739514.493327
18.7492	-0.5249	3.3725	-71.2500	55.0000	739514.493327
18.8493	-0.5827	3.2021	-71.2500	55.0000	739514.493327
18.9659	-0.6213	3.0884	-71.2500	55.0000	739514.493327
19.0662	-0.6213	3.0884	-72.5000	55.0000	739514.493327
19.1664	-0.6213	3.0884	-80.0000	55.0000	739514.493327
19.2831	-0.6213	3.0884	-88.7500	55.0000	739514.493327
19.3832	-0.6213	3.0884	-95.0000	55.0000	739514.493327
19.4833	-0.6213	3.0884	-95.0000	55.0000	739514.493327
19.5834	-0.6056	2.9091	-95.0000	55.0000	739514.493327
19.6835	-0.5899	2.7298	-95.0000	55.0000	739514.493327
19.8002	-0.5716	2.5206	-95.0000	55.0000	739514.493327
19.9169	-0.5533	2.3114	-95.0000	55.0000	739514.493327
20.0170	-0.5376	2.1321	-95.0000	55.0000	739514.493327
20.1171	-0.5219	1.9528	-95.0000	55.0000	739514.493327
20.2173	-0.5063	1.7734	-95.0000	55.0000	739514.493327
20.3338	-0.4879	1.5642	-95.0000	55.0000	739514.493327
20.4341	-0.4723	1.3849	-95.0000	55.0000	739514.493327
20.5508	-0.4540	1.1757	-95.0000	55.0000	739514.493327
20.6509	-0.4383	0.9964	-95.0000	55.0000	739514.493327
20.7676	-0.4330	0.9366	-95.0000	55.0000	739514.493327
20.8678	-0.4330	0.9366	-95.0000	55.0000	739514.493327
20.9679	-0.4330	0.9366	-95.0000	55.0000	739514.493327
21.0846	-0.4330	0.9366	-95.0000	55.0000	739514.493327
21.1848	-0.4330	0.9366	-95.0000	55.0000	739514.493327
21.3015	-0.4330	0.9366	-88.7500	55.0000	739514.493327
21.4016	-0.4330	0.9366	-81.2500	55.0000	739514.493327
21.5017	-0.4330	0.9366	-73.7500	55.0000	739514.493327
21.6018	-0.4330	0.9366	-66.2500	55.0000	739514.493327
21.7185	-0.4330	0.9366	-57.5000	55.0000	739514.493327
21.8188	-0.4330	0.9366	-50.0000	55.0000	739514.493327
21.9354	-0.4330	0.9366	-41.2500	55.0000	739514.493327
22.0356	-0.4330	0.9366	-33.7500	55.0000	739514.493327
22.1357	-0.4330	0.9366	-26.2500	55.0000	739514.493327
22.2523	-0.4330	0.9366	-17.5000	55.0000	739514.493327
22.3524	-0.4330	0.9366	-10.0000	55.0000	739514.493327
22.4525	-0.4330	0.9366	-2.5000	55.0000	739514.493327
22.5690	-0.4330	0.9366	6.2500	55.0000	739514.493327
22.6858	-0.4330	0.9366	15.0000	55.0000	739514.493327
22.8026	-0.4330	0.9366	23.7500	55.0000	739514.493327
22.9026	-0.4330	0.9366	25.0000	55.0000	739514.493327
23.0194	-0.4330	0.9366	25.0000	55.0000	739514.493327
23.1360	-0.5146	0.9747	25.0000	55.0000	739514.493327
23.2362	-0.6777	1.0508	25.0000	55.0000	739514.493327
23.3529	-0.8681	1.1395	25.0000	55.0000	739514.493327
23.4532	-0.8953	1.1522	25.0000	55.0000	739514.493327
23.5699	-0.8953	1.1522	25.0000	55.0000	739514.493327
23.6700	-0.8953	1.1522	31.2500	55.0000	739514.493327
23.7702	-0.8953	1.1522	38.7500	55.0000	739514.493327
23.8868	-0.8953	1.1522	47.5000	55.0000	739514.493327
23.9869	-0.8953	1.1522	55.0000	55.0000	739514.493327
24.1037	-0.8953	1.1522	63.7500	55.0000	739514.493327
24.2204	-0.8953	1.1522	68.7500	55.0000	739514.493327
24.3206	-0.8953	1.1522	68.7500	55.0000	739514.493327
24.4373	-0.8953	1.1522	68.7500	55.0000	739514.493327
24.5375	-0.8953	1.1522	68.7500	55.0000	739514.493327
24.6375	-0.8953	1.1522	68.7500	55.0000	739514.493327
24.7542	-0.8953	1.1522	68.7500	55.0000	739514.493327
24.8544	-0.8953	1.1522	68.7500	55.0000	739514.493327
24.9712	-0.8953	1.1522	68.7500	55.0000	739514.493327
25.0878	-0.8953	1.1522	75.0000	55.0000	739514.493327
25.1880	-0.8953	1.1522	82.5000	55.0000	739514.493327
25.2881	-0.8953	1.1522	90.0000	55.0000	739514.493327
25.3882	-0.8953	1.1522	97.5000	55.0000	739514.493327
25.5050	-0.8953	1.1522	106.2500	55.0000	739514.493327
25.6051	-0.8953	1.1522	106.2500	55.0000	739514.493327
25.7217	-0.8953	1.1522	106.2500	55.0000	739514.493327
25.8218	-0.8869	1.1810	106.2500	55.0000	739514.493327
25.9219	-0.8365	1.3538	106.2500	55.0000	739514.493327
26.0221	-0.7861	1.5266	106.2500	55.0000	739514.493327
26.1388	-0.7274	1.7282	106.2500	55.0000	739514.493327
26.2390	-0.6770	1.9010	106.2500	55.0000	739514.493327
26.3390	-0.6266	2.0738	106.2500	55.0000	739514.493327
26.4394	-0.5763	2.2466	106.2500	55.0000	739514.493327
26.5412	-0.5354	2.4218	100.0000	55.0000	739514.493327
26.6561	-0.5171	2.6308	91.2500	55.0000	739514.493327
26.7562	-0.5171	2.6308	88.7500	55.0000	739514.493327
26.8564	-0.5171	2.6308	88.7500	55.0000	739514.493327
26.9732	-0.5171	2.6308	88.7500	55.0000	739514.493327
27.0733	-0.5191	2.7208	88.7500	55.0000	739514.493327
27.1735	-0.5230	2.9008	88.7500	55.0000	739514.493327
27.2901	-0.5276	3.1107	88.7500	55.0000	739514.493327
27.3902	-0.5315	3.2907	88.7500	55.0000	739514.493327
27.4903	-0.5354	3.4706	88.7500	55.0000	739514.493327
27.6070	-0.5400	3.6806	88.7500	55.0000	739514.493327
27.7238	-0.5446	3.8905	88.7500	55.0000	739514.493327
27.8404	-0.5492	4.1005	88.7500	55.0000	739514.493327
27.9406	-0.5518	4.1904	83.7500	55.0000	739514.493327
28.0407	-0.5518	4.1904	76.2500	55.0000	739514.493327
28.1574	-0.5518	4.1904	67.5000	55.0000	739514.493327
28.2741	-0.5518	4.1904	67.5000	55.0000	739514.493327
28.3743	-0.5518	4.1904	67.5000	55.0000	739514.493327
28.4910	-0.5518	4.1904	67.5000	55.0000	739514.493327
28.5911	-0.5403	4.1627	67.5000	55.0000	739514.493327
28.6912	-0.4714	3.9964	67.5000	55.0000	739514.493327
28.7919	-0.4026	3.8301	67.5000	55.0000	739514.493327
28.9080	-0.3301	3.6654	62.5000	55.0000	739514.493327
29.0083	-0.3301	3.6654	55.0000	55.0000	739514.493327
29.1087	-0.3301	3.6654	47.5000	55.0000	739514.493327
29.2252	-0.3301	3.6654	38.7500	55.0000	739514.493327
29.3418	-0.3301	3.6654	30.0000	55.0000	739514.493327
29.4419	-0.3301	3.6654	22.5000	55.0000	739514.493327
29.5587	-0.3301	3.6654	13.7500	55.0000	739514.493327
29.6755	-0.3301	3.6654	5.0000	55.0000	739514.493327
29.7756	-0.3301	3.6654	-2.5000	55.0000	739514.493327
29.8923	-0.3301	3.6654	-11.2500	55.0000	739514.493327
30.0091	-0.3301	3.6654	-20.0000	55.0000	739514.493327
30.1092	-0.3301	3.6654	-27.5000	55.0000	739514.493327
30.2259	-0.3301	3.6654	-36.2500	55.0000	739514.493327
30.3260	-0.3301	3.6654	-43.7500	55.0000	739514.493327
30.4261	-0.3301	3.6654	-51.2500	55.0000	739514.493327
30.5262	-0.3301	3.6654	-56.2500	55.0000	739514.493327
30.6263	-0.3801	3.5906	-56.2500	55.0000	739514.493327
30.7264	-0.4801	3.4409	-56.2500	55.0000	739514.493327
30.8431	-0.5968	3.2663	-56.2500	55.0000	739514.493327
30.9433	-0.6968	3.1166	-56.2500	55.0000	739514.493327
31.0435	-0.7968	2.9670	-56.2500	55.0000	739514.493327
31.1602	-0.9134	2.7924	-56.2500	55.0000	739514.493327
31.2603	-1.0079	2.6392	-61.2500	55.0000	739514.493327
31.3771	-1.0924	2.4472	-70.0000	55.0000	739514.493327
31.4772	-1.1539	2.2781	-70.0000	55.0000	739514.493327
31.5940	-1.2258	2.0807	-70.0000	55.0000	739514.493327
31.7107	-1.2976	1.8834	-70.0000	55.0000	739514.493327
31.8108	-1.3592	1.7143	-70.0000	55.0000	739514.493327
31.9109	-1.4207	1.5451	-70.0000	55.0000	739514.493327
32.0275	-1.4310	1.5169	-70.0000	55.0000	739514.493327
32.1277	-1.4310	1.5169	-70.0000	55.0000	739514.493327
32.2278	-1.4310	1.5169	-70.0000	55.0000	739514.493327
32.3446	-1.4515	1.4605	-70.0000	55.0000	739514.493327
32.4447	-1.5131	1.2914	-70.0000	55.0000	739514.493327
32.5614	-1.5849	1.0941	-70.0000	55.0000	739514.493327
32.6615	-1.6157	1.0095	-70.0000	55.0000	739514.493327
32.7783	-1.6157	1.0095	-70.0000	55.0000	739514.493327
32.8786	-1.6157	1.0095	-70.0000	55.0000	739514.493327
32.9966	-1.6157	1.0095	-66.2500	55.0000	739514.493327
33.1119	-1.6157	1.0095	-57.5000	55.0000	739514.493327
33.2121	-1.6157	1.0095	-50.0000	55.0000	739514.493327
33.3122	-1.6157	1.0095	-42.5000	55.0000	739514.493327
33.4289	-1.6157	1.0095	-33.7500	55.0000	739514.493327
33.5291	-1.6157	1.0095	-28.7500	55.0000	739514.493327
33.6459	-1.6157	1.0095	-28.7500	55.0000	739514.493327
33.7625	-1.6157	1.0095	-28.7500	55.0000	739514.493327
33.8626	-1.7472	0.9373	-28.7500	55.0000	739514.493327
33.9627	-1.9050	0.8508	-28.7500	55.0000	739514.493327
34.0794	-2.0891	0.7497	-28.7500	55.0000	739514.493327
34.1962	-2.2732	0.6487	-28.7500	55.0000	739514.493327
34.2963	-2.3521	0.6055	-28.7500	55.0000	739514.493327
34.4130	-2.3521	0.6055	-28.7500	55.0000	739514.493327
34.5131	-2.3521	0.6055	-26.2500	55.0000	739514.493327
34.6299	-2.3521	0.6055	-17.5000	55.0000	739514.493327
34.7300	-2.3521	0.6055	-10.0000	55.0000	739514.493327
34.8302	-2.3521	0.6055	-2.5000	55.0000	739514.493327
34.9302	-2.3521	0.6055	0.0000	55.0000	739514.493327
35.0470	-2.3521	0.6055	0.0000	55.0000	739514.493327
35.1641	-2.5021	0.6055	0.0000	55.0000	739514.493327
35.2805	-2.7121	0.6055	0.0000	55.0000	739514.493327
35.3808	-2.8921	0.6055	0.0000	55.0000	739514.493327
35.4973	-3.1021	0.6055	0.0000	55.0000	739514.493327
35.5976	-3.2821	0.6055	0.0000	55.0000	739514.493327
35.7143	-3.4921	0.6055	0.0000	55.0000	739514.493327
35.8311	-3.7021	0.6055	0.0000	55.0000	739514.493327
35.9312	-3.8821	0.6055	0.0000	55.0000	739514.493327
36.0480	-4.0921	0.6055	0.0000	55.0000	739514.493327
36.1647	-4.3021	0.6055	0.0000	55.0000	739514.493327
36.2814	-4.5121	0.6055	0.0000	55.0000	739514.493327
36.3815	-4.6021	0.6055	0.0000	55.0000	739514.493327
36.4816	-4.6021	0.6055	0.0000	55.0000	739514.493327
36.5818	-4.6021	0.6055	0.0000	55.0000	739514.493327
36.6821	-4.6021	0.6055	0.0000	55.0000	739514.493327
36.7986	-4.6021	0.6055	7.5000	55.0000	739514.493327
36.8988	-4.6021	0.6055	15.0000	55.0000	739514.493327
37.0155	-4.6021	0.6055	23.7500	55.0000	739514.493327
37.1155	-4.6021	0.6055	31.2500	55.0000	739514.493327
37.2157	-4.6021	0.6055	38.7500	55.0000	739514.493327
37.3324	-4.6021	0.6055	47.5000	55.0000	739514.493327
37.4326	-4.6021	0.6055	55.0000	55.0000	739514.493327
37.5328	-4.6021	0.6055	58.7500	55.0000	739514.493327
37.6493	-4.6021	0.6055	58.7500	55.0000	739514.493327
37.7495	-4.6021	0.6055	58.7500	55.0000	739514.493327
37.8661	-4.6021	0.6055	60.0000	55.0000	739514.493327
37.9663	-4.6021	0.6055	67.5000	55.0000	739514.493327
38.0664	-4.6021	0.6055	75.0000	55.0000	739514.493327
38.1665	-4.6021	0.6055	82.5000	55.0000	739514.493327
38.2833	-4.6021	0.6055	91.2500	55.0000	739514.493327
38.3999	-4.6021	0.6055	91.2500	55.0000	739514.493327
38.5002	-4.6021	0.6055	91.2500	55.0000	739514.493327
38.6168	-4.6021	0.6055	91.2500	55.0000	739514.493327
38.7169	-4.5989	0.7554	91.2500	55.0000	739514.493327
38.8172	-4.5949	0.9354	91.2500	55.0000	739514.493327
38.9337	-4.5903	1.1453	91.2500	55.0000	739514.493327
39.0338	-4.5864	1.3253	91.2500	55.0000	739514.493327
39.1341	-4.5825	1.5052	91.2500	55.0000	739514.493327
39.2507	-4.5779	1.7152	91.2500	55.0000	739514.493327
39.3673	-4.5733	1.9251	91.2500	55.0000	739514.493327
39.4675	-4.5694	2.1051	91.2500	55.0000	739514.493327
39.5677	-4.5655	2.2851	91.2500	55.0000	739514.493327
39.6844	-4.5609	2.4950	91.2500	55.0000	739514.493327
39.8012	-4.5563	2.7050	91.2500	55.0000	739514.493327
39.9014	-4.5524	2.8849	91.2500	55.0000	739514.493327
40.0181	-4.5478	3.0949	91.2500	55.0000	739514.493327
40.1348	-4.5432	3.3048	91.2500	55.0000	739514.493327
40.2350	-4.5393	3.4848	91.2500	55.0000	739514.493327
40.3351	-4.5354	3.6647	91.2500	55.0000	739514.493327
40.4352	-4.5354	3.6647	91.2500	55.0000	739514.493327
40.5354	-4.5354	3.6647	91.2500	55.0000	739514.493327
40.6520	-4.5354	3.6647	85.0000	55.0000	739514.493327
40.7521	-4.5354	3.6647	77.5000	55.0000	739514.493327
40.8522	-4.5354	3.6647	70.0000	55.0000	739514.493327
40.9524	-4.5354	3.6647	62.5000	55.0000	739514.493327
41.0690	-4.5354	3.6647	53.7500	55.0000	739514.493327
41.1857	-4.5354	3.6647	52.5000	55.0000	739514.493327
41.3024	-4.5354	3.6647	52.5000	55.0000	739514.493327
41.4028	-4.5354	3.6647	52.5000	55.0000	739514.493327
41.5193	-4.5354	3.6647	52.5000	55.0000	739514.493327
41.6195	-4.5354	3.6647	52.5000	55.0000	739514.493327
41.7362	-4.5354	3.6647	52.5000	55.0000	739514.493327
41.8364	-4.5354	3.6647	52.5000	55.0000	739514.493327
41.9365	-4.5354	3.6647	52.5000	55.0000	739514.493327
42.0365	-4.5354	3.6647	52.5000	55.0000	739514.493327
42.1533	-4.5354	3.6647	52.5000	55.0000	739514.493327
42.2534	-4.5354	3.6647	52.5000	55.0000	739514.493327
42.3535	-4.5354	3.6647	52.5000	55.0000	739514.493327
42.4536	-4.5354	3.6647	52.5000	55.0000	739514.493327
42.5703	-4.5354	3.6647	53.7500	55.0000	739514.493327
42.6706	-4.5354	3.6647	61.2500	55.0000	739514.493327
42.7871	-4.5354	3.6647	61.2500	55.0000	739514.493327
42.8873	-4.5498	3.6910	61.2500	55.0000	739514.493327
43.0040	-4.6508	3.8751	61.2500	55.0000	739514.493327
43.1041	-4.7374	4.0329	61.2500	55.0000	739514.493327
43.2209	-4.7807	4.1119	61.2500	55.0000	739514.493327
43.3377	-4.7807	4.1119	61.2500	55.0000	739514.493327
43.4379	-4.7807	4.1119	61.2500	55.0000	739514.493327
43.5546	-4.7807	4.1119	53.7500	55.0000	739514.493327
43.6711	-4.7807	4.1119	45.0000	55.0000	739514.493327
43.7715	-4.7807	4.1119	37.5000	55.0000	739514.493327
43.8882	-4.7807	4.1119	28.7500	55.0000	739514.493327
44.0050	-4.7807	4.1119	20.0000	55.0000	739514.493327
44.1217	-4.7807	4.1119	11.2500	55.0000	739514.493327
44.2218	-4.7807	4.1119	11.2500	55.0000	739514.493327
44.3219	-4.7807	4.1119	11.2500	55.0000	739514.493327
44.4220	-4.7807	4.1119	11.2500	55.0000	739514.493327
44.5388	-4.9572	4.1470	11.2500	55.0000	739514.493327
44.6555	-5.1632	4.1879	11.2500	55.0000	739514.493327
44.7556	-5.1926	4.1938	11.2500	55.0000	739514.493327
44.8723	-5.1926	4.1938	5.0000	55.0000	739514.493327
44.9725	-5.1926	4.1938	-2.5000	55.0000	739514.493327
45.0892	-5.1926	4.1938	-11.2500	55.0000	739514.493327
45.1894	-5.1926	4.1938	-18.7500	55.0000	739514.493327
45.3062	-5.1926	4.1938	-27.5000	55.0000	739514.493327
45.4229	-5.1926	4.1938	-36.2500	55.0000	739514.493327
45.5397	-5.1926	4.1938	-45.0000	55.0000	739514.493327
45.6565	-5.1926	4.1938	-51.2500	55.0000	739514.493327
45.7731	-5.1926	4.1938	-51.2500	55.0000	739514.493327
45.8735	-5.1926	4.1938	-51.2500	55.0000	739514.493327
45.9901	-5.1926	4.1938	-51.2500	55.0000	739514.493327
46.0903	-5.1926	4.1938	-52.5000	55.0000	739514.493327
46.2069	-5.1926	4.1938	-61.2500	55.0000	739514.493327
46.3071	-5.1926	4.1938	-68.7500	55.0000	739514.493327
46.4238	-5.1926	4.1938	-77.5000	55.0000	739514.493327
46.5405	-5.1926	4.1938	-80.0000	55.0000	739514.493327
46.6408	-5.1926	4.1938	-80.0000	55.0000	739514.493327
46.7574	-5.1926	4.1938	-80.0000	55.0000	739514.493327
46.8741	-5.1926	4.1938	-80.0000	55.0000	739514.493327
46.9743	-5.2239	4.0165	-80.0000	55.0000	739514.493327
47.0745	-5.2551	3.8393	-80.0000	55.0000	739514.493327
47.1912	-5.2916	3.6325	-80.0000	55.0000	739514.493327
47.3078	-5.3280	3.4256	-80.0000	55.0000	739514.493327
47.4245	-5.3645	3.2188	-80.0000	55.0000	739514.493327
47.5250	-5.3958	3.0416	-80.0000	55.0000	739514.493327
47.6251	-5.4270	2.8643	-80.0000	55.0000	739514.493327
47.7416	-5.4635	2.6575	-80.0000	55.0000	739514.493327
47.8583	-5.5000	2.4507	-80.0000	55.0000	739514.493327
47.9584	-5.5312	2.2734	-80.0000	55.0000	739514.493327
48.0586	-5.5312	2.2734	-85.0000	55.0000	739514.493327
48.1752	-5.5312	2.2734	-93.7500	55.0000	739514.493327
48.2754	-5.5312	2.2734	-101.2500	55.0000	739514.493327
48.3922	-5.5312	2.2734	-110.0000	55.0000	739514.493327
48.4923	-5.5312	2.2734	-117.5000	55.0000	739514.493327
48.6090	-5.5312	2.2734	-126.2500	55.0000	739514.493327
48.7258	-5.5312	2.2734	-135.0000	55.0000	739514.493327
48.8259	-5.5312	2.2734	-138.7500	55.0000	739514.493327
48.9260	-5.5312	2.2734	-138.7500	55.0000	739514.493327
49.0428	-5.5312	2.2734	-138.7500	55.0000	739514.493327
49.1594	-5.5312	2.2734	-138.7500	55.0000	739514.493327
49.2596	-5.5312	2.2734	-138.7500	55.0000	739514.493327
49.3597	-5.5312	2.2734	-138.7500	55.0000	739514.493327
49.4597	-5.5312	2.2734	-138.7500	55.0000	739514.493327
49.5599	-5.4410	2.1943	-138.7500	55.0000	739514.493327
49.6766	-5.2831	2.0558	-138.7500	55.0000	739514.493327
49.7768	-5.1478	1.9371	-138.7500	55.0000	739514.493327
49.8935	-4.9899	1.7987	-138.7500	55.0000	739514.493327
49.9936	-4.8546	1.6800	-138.7500	55.0000	739514.493327
50.0937	-4.7414	1.5816	-141.2500	55.0000	739514.493327
50.1937	-4.7414	1.5816	-148.7500	55.0000	739514.493327
50.2939	-4.7414	1.5816	-156.2500	55.0000	739514.493327
50.3941	-4.7414	1.5816	-163.7500	55.0000	739514.493327
50.5106	-4.7414	1.5816	-172.5000	55.0000	739514.493327
50.6108	-4.7414	1.5816	-180.0000	55.0000	739514.493327
50.7108	-4.7414	1.5816	-186.2500	55.0000	739514.493327
50.8110	-4.7414	1.5816	-186.2500	55.0000	739514.493327
50.9111	-4.7414	1.5816	-186.2500	55.0000	739514.493327
51.0278	-4.7414	1.5816	-186.2500	55.0000	739514.493327
51.1280	-4.7414	1.5816	-186.2500	55.0000	739514.493327
51.2447	-4.7414	1.5816	-186.2500	55.0000	739514.493327
51.3448	-4.7414	1.5816	-186.2500	55.0000	739514.493327
51.4616	-4.7414	1.5816	-186.2500	55.0000	739514.493327
51.5782	-4.7414	1.5816	-186.2500	55.0000	739514.493327
51.6784	-4.7414	1.5816	-186.2500	55.0000	739514.493327
51.7952	-4.7414	1.5816	-186.2500	55.0000	739514.493327
51.8953	-4.7414	1.5816	-186.2500	55.0000	739514.493327
51.9953	-4.7414	1.5816	-180.0000	55.0000	739514.493327
52.1121	-4.7414	1.5816	-171.2500	55.0000	739514.493327
52.2122	-4.7414	1.5816	-163.7500	55.0000	739514.493327
52.3123	-4.7414	1.5816	-156.2500	55.0000	739514.493327
52.4294	-4.7414	1.5816	-147.5000	55.0000	739514.493327
52.5459	-4.7414	1.5816	-138.7500	55.0000	739514.493327
52.6626	-4.7414	1.5816	-130.0000	55.0000	739514.493327
52.7627	-4.7414	1.5816	-122.5000	55.0000	739514.493327
52.8628	-4.7414	1.5816	-115.0000	55.0000	739514.493327
52.9795	-4.7414	1.5816	-115.0000	55.0000	739514.493327
53.0963	-4.7414	1.5816	-115.0000	55.0000	739514.493327
53.2132	-4.7414	1.5816	-115.0000	55.0000	739514.493327
53.3299	-4.7414	1.5816	-115.0000	55.0000	739514.493327
53.4301	-4.7414	1.5816	-115.0000	55.0000	739514.493327
53.5467	-4.7414	1.5816	-123.7500	55.0000	739514.493327
53.6468	-4.7414	1.5816	-131.2500	55.0000	739514.493327
53.7470	-4.7414	1.5816	-138.7500	55.0000	739514.493327
53.8636	-4.7414	1.5816	-147.5000	55.0000	739514.493327
53.9807	-4.7414	1.5816	-156.2500	55.0000	739514.493327
54.0972	-4.7414	1.5816	-165.0000	55.0000	739514.493327
54.1973	-4.7414	1.5816	-165.0000	55.0000	739514.493327
54.2975	-4.7414	1.5816	-165.0000	55.0000	739514.493327
54.4141	-4.7414	1.5816	-165.0000	55.0000	739514.493327
54.5310	-4.7124	1.5738	-165.0000	55.0000	739514.493327
54.6477	-4.5095	1.5195	-165.0000	55.0000	739514.493327
54.7478	-4.3357	1.4729	-165.0000	55.0000	739514.493327
54.8647	-4.1328	1.4185	-165.0000	55.0000	739514.493327
54.9648	-3.9590	1.3720	-165.0000	55.0000	739514.493327
55.0815	-3.8716	1.3506	-172.5000	55.0000	739514.493327
55.1982	-3.8716	1.3506	-181.2500	55.0000	739514.493327
55.2984	-3.8716	1.3506	-188.7500	55.0000	739514.493327
55.4150	-3.8716	1.3506	-197.5000	55.0000	739514.493327
55.5152	-3.8716	1.3506	-197.5000	55.0000	739514.493327
55.6153	-3.7571	1.3867	-197.5000	55.0000	739514.493327
55.7321	-3.5568	1.4498	-197.5000	55.0000	739514.493327
55.8488	-3.3565	1.5129	-197.5000	55.0000	739514.493327
55.9655	-3.1563	1.5761	-197.5000	55.0000	739514.493327
56.0657	-2.9846	1.6302	-197.5000	55.0000	739514.493327
56.1661	-2.8415	1.6753	-197.5000	55.0000	739514.493327
56.2825	-2.8415	1.6753	-202.5000	55.0000	739514.493327
56.3826	-2.8415	1.6753	-210.0000	55.0000	739514.493327
56.4827	-2.8415	1.6753	-217.5000	55.0000	739514.493327
56.5827	-2.8415	1.6753	-225.0000	55.0000	739514.493327
56.6994	-2.8415	1.6753	-233.7500	55.0000	739514.493327
56.7996	-2.8415	1.6753	-241.2500	55.0000	739514.493327
56.9164	-2.8415	1.6753	-250.0000	55.0000	739514.493327
57.0165	-2.8415	1.6753	-255.0000	55.0000	739514.493327
57.1332	-2.8415	1.6753	-255.0000	55.0000	739514.493327
57.2334	-2.8027	1.8202	-255.0000	55.0000	739514.493327
57.3336	-2.7561	1.9941	-255.0000	55.0000	739514.493327
57.4501	-2.7018	2.1969	-255.0000	55.0000	739514.493327
57.5502	-2.6552	2.3708	-255.0000	55.0000	739514.493327
57.6669	-2.6008	2.5736	-255.0000	55.0000	739514.493327
57.7670	-2.5542	2.7475	-255.0000	55.0000	739514.493327
57.8671	-2.5211	2.9243	-262.5000	55.0000	739514.493327
57.9672	-2.5074	3.1037	-266.2500	55.0000	739514.493327
58.0673	-2.4956	3.2834	-266.2500	55.0000	739514.493327
58.1674	-2.4838	3.4630	-266.2500	55.0000	739514.493327
58.2676	-2.4720	3.6426	-266.2500	55.0000	739514.493327
58.3842	-2.4583	3.8521	-266.2500	55.0000	739514.493327
58.4843	-2.4465	4.0318	-266.2500	55.0000	739514.493327
58.5845	-2.4348	4.2114	-266.2500	55.0000	739514.493327
58.6848	-2.4269	4.3611	-270.0000	55.0000	739514.493327
58.8014	-2.4269	4.3611	-278.7500	55.0000	739514.493327
58.9016	-2.4269	4.3611	-286.2500	55.0000	739514.493327
59.0182	-2.4269	4.3611	-295.0000	55.0000	739514.493327
59.1183	-2.4269	4.3611	-300.0000	55.0000	739514.493327
59.2351	-2.4269	4.3611	-300.0000	55.0000	739514.493327
59.3352	-2.4569	4.4131	-300.0000	55.0000	739514.493327
59.4520	-2.5619	4.5950	-300.0000	55.0000	739514.493327
59.5688	-2.6669	4.7768	-300.0000	55.0000	739514.493327
59.6689	-2.7569	4.9327	-300.0000	55.0000	739514.493327
59.7690	-2.8475	5.0883	-301.2500	55.0000	739514.493327
59.8858	-2.8475	5.0883	-310.0000	55.0000	739514.493327
60.0024	-2.8475	5.0883	-318.7500	55.0000	739514.493327
60.1193	-2.8475	5.0883	-327.5000	55.0000	739514.493327
60.2193	-2.8475	5.0883	-332.5000	55.0000	739514.493327
60.3361	-2.8475	5.0883	-332.5000	55.0000	739514.493327
60.4362	-2.8475	5.0883	-332.5000	55.0000	739514.493327
60.5529	-2.8475	5.0883	-332.5000	55.0000	739514.493327
60.6531	-2.8475	5.0883	-332.5000	55.0000	739514.493327
60.7698	-2.8475	5.0883	-332.5000	55.0000	739514.493327
60.8866	-2.8475	5.0883	-332.5000	55.0000	739514.493327
60.9868	-2.8475	5.0883	-332.5000	55.0000	739514.493327
61.1045	-2.8475	5.0883	-332.5000	55.0000	739514.493327
61.2202	-2.8475	5.0883	-332.5000	55.0000	739514.493327
61.3370	-2.8475	5.0883	-332.5000	55.0000	739514.493327
61.4371	-2.8475	5.0883	-332.5000	55.0000	739514.493327
61.5538	-3.0337	5.1852	-332.5000	55.0000	739514.493327
61.6705	-3.2200	5.2822	-332.5000	55.0000	739514.493327
61.7707	-3.3797	5.3653	-332.5000	55.0000	739514.493327
61.8708	-3.5393	5.4484	-332.5000	55.0000	739514.493327
61.9875	-3.7314	5.5329	-340.0000	55.0000	739514.493327
62.0877	-3.9018	5.5908	-341.2500	55.0000	739514.493327
62.2043	-3.9018	5.5908	-341.2500	55.0000	739514.493327
62.3046	-3.9018	5.5908	-341.2500	55.0000	739514.493327
62.4047	-3.9018	5.5908	-341.2500	55.0000	739514.493327
62.5213	-3.9018	5.5908	-341.2500	55.0000	739514.493327
62.6214	-3.9018	5.5908	-341.2500	55.0000	739514.493327
62.7382	-3.9018	5.5908	-345.0000	55.0000	739514.493327
62.8384	-3.9018	5.5908	-351.2500	55.0000	739514.493327
62.9551	-3.9018	5.5908	-351.2500	55.0000	739514.493327
63.0553	-3.9018	5.5908	-351.2500	55.0000	739514.493327
63.1719	-4.0204	5.6090	-351.2500	55.0000	739514.493327
63.2720	-4.1983	5.6364	-351.2500	55.0000	739514.493327
63.3887	-4.4059	5.6684	-351.2500	55.0000	739514.493327
63.4889	-4.5838	5.6958	-351.2500	55.0000	739514.493327
63.6057	-4.7913	5.7277	-351.2500	55.0000	739514.493327
63.7224	-4.9989	5.7596	-351.2500	55.0000	739514.493327
63.8226	-5.1768	5.7870	-351.2500	55.0000	739514.493327
63.9226	-5.3547	5.8144	-351.2500	55.0000	739514.493327
64.0227	-5.5326	5.8418	-351.2500	55.0000	739514.493327
64.1228	-5.7105	5.8692	-351.2500	55.0000	739514.493327
64.2229	-5.8884	5.8966	-351.2500	55.0000	739514.493327
64.3395	-6.0960	5.9285	-351.2500	55.0000	739514.493327
64.4396	-6.1849	5.9422	-351.2500	55.0000	739514.493327
64.5396	-6.1849	5.9422	-351.2500	55.0000	739514.493327
64.6398	-6.1849	5.9422	-351.2500	55.0000	739514.493327
64.7399	-6.1849	5.9422	-351.2500	55.0000	739514.493327
64.8400	-6.1849	5.9422	-351.2500	55.0000	739514.493327
64.9429	-6.1849	5.9422	-351.2500	55.0000	739514.493327
65.0569	-6.1849	5.9422	-351.2500	55.0000	739514.493327
65.1570	-6.1849	5.9422	-351.2500	55.0000	739514.493327
65.2570	-6.1849	5.9422	-351.2500	55.0000	739514.493327
65.3572	-6.1849	5.9422	-351.2500	55.0000	739514.493327
65.4573	-6.1849	5.9422	-351.2500	55.0000	739514.493327
65.5574	-6.2739	5.9559	-351.2500	55.0000	739514.493327
65.6740	-6.2739	5.9559	-351.2500	55.0000	739514.493327
65.7742	-6.2739	5.9559	-351.2500	55.0000	739514.493327
65.8747	-6.2739	5.9559	-351.2500	55.0000	739514.493327
65.9911	-6.2739	5.9559	-351.2500	55.0000	739514.493327
66.1078	-6.2739	5.9559	-351.2500	55.0000	739514.493327
66.2079	-6.2739	5.9559	-351.2500	55.0000	739514.493327
66.3084	-6.2739	5.9559	-351.2500	55.0000	739514.493327
66.4249	-6.2739	5.9559	-351.2500	55.0000	739514.493327
66.5416	-6.2739	5.9559	-351.2500	55.0000	739514.493327
66.6582	-6.2739	5.9559	-351.2500	55.0000	739514.493327
66.7583	-6.2739	5.9559	-351.2500	55.0000	739514.493327
66.8584	-6.2739	5.9559	-351.2500	55.0000	739514.493327
66.9585	-6.2739	5.9559	-351.2500	55.0000	739514.493327
67.0753	-6.2739	5.9559	-351.2500	55.0000	739514.493327
67.1754	-6.2739	5.9559	-351.2500	55.0000	739514.493327
67.2755	-6.2739	5.9559	-351.2500	55.0000	739514.493327
67.3923	-6.2739	5.9559	-351.2500	55.0000	739514.493327
67.5091	-6.2739	5.9559	-351.2500	55.0000	739514.493327
67.6091	-6.2739	5.9559	-351.2500	55.0000	739514.493327
67.7092	-6.2739	5.9559	-351.2500	55.0000	739514.493327
67.8093	-6.2739	5.9559	-351.2500	55.0000	739514.493327
67.9094	-6.2739	5.9559	-351.2500	55.0000	739514.493327
68.0095	-6.2739	5.9559	-351.2500	55.0000	739514.493327
68.1097	-6.2739	5.9559	-351.2500	55.0000	739514.493327
68.2263	-6.2739	5.9559	-351.2500	55.0000	739514.493327
68.3266	-6.2739	5.9559	-351.2500	55.0000	739514.493327
68.4432	-6.2739	5.9559	-351.2500	55.0000	739514.493327
68.5434	-6.2739	5.9559	-351.2500	55.0000	739514.493327
68.6435	-6.2739	5.9559	-351.2500	55.0000	739514.493327
68.7602	-6.2739	5.9559	-351.2500	55.0000	739514.493327
68.8603	-6.2739	5.9559	-351.2500	55.0000	739514.493327
68.9778	-6.2739	5.9559	-351.2500	55.0000	739514.493327
69.0938	-6.2739	5.9559	-351.2500	55.0000	739514.493327
69.1941	-6.2739	5.9559	-351.2500	55.0000	739514.493327
69.3106	-6.2739	5.9559	-351.2500	55.0000	739514.493327
69.4110	-6.2739	5.9559	-346.2500	55.0000	739514.493327
69.5275	-6.2739	5.9559	-337.5000	55.0000	739514.493327
69.6277	-6.2739	5.9559	-336.2500	55.0000	739514.493327
69.7444	-6.2739	5.9559	-336.2500	55.0000	739514.493327
69.8444	-6.2739	5.9559	-336.2500	55.0000	739514.493327
69.9448	-6.2739	5.9559	-336.2500	55.0000	739514.493327
70.0613	-6.2739	5.9559	-328.7500	55.0000	739514.493327
70.1615	-6.2739	5.9559	-321.2500	55.0000	739514.493327
70.2616	-6.2739	5.9559	-313.7500	55.0000	739514.493327
70.3782	-6.2739	5.9559	-305.0000	55.0000	739514.493327
70.4784	-6.2739	5.9559	-297.5000	55.0000	739514.493327
70.5951	-6.2739	5.9559	-297.5000	55.0000	739514.493327
70.7118	-6.2739	5.9559	-297.5000	55.0000	739514.493327
70.8120	-6.2739	5.9559	-296.2500	55.0000	739514.493327
70.9121	-6.2739	5.9559	-288.7500	55.0000	739514.493327
71.0288	-6.2739	5.9559	-283.7500	55.0000	739514.493327
71.1290	-6.2739	5.9559	-283.7500	55.0000	739514.493327
71.2461	-6.2810	5.9850	-283.7500	55.0000	739514.493327
